# unix_time, cycles_done, cur_path, paths_total, pending_total, pending_favs, map_size, unique_crashes, unique_hangs, max_depth, execs_per_sec
1587480327, 0, 0, 1, 1, 1, 0.09%, 0, 0, 1, 320.00
1587480332, 0, 0, 33, 33, 1, 0.29%, 0, 0, 2, 583.92
1587480337, 0, 0, 36, 36, 1, 0.30%, 0, 0, 2, 650.81
1587480353, 0, 0, 38, 38, 1, 0.30%, 0, 0, 2, 674.48
1587480368, 0, 0, 39, 39, 1, 0.30%, 0, 0, 2, 662.77
1587480383, 0, 3, 39, 37, 20, 0.30%, 0, 0, 2, 638.62
1587480388, 0, 8, 40, 36, 18, 0.34%, 0, 0, 3, 661.27
1587480393, 0, 11, 40, 34, 15, 0.34%, 0, 0, 3, 658.92
1587480398, 0, 16, 40, 33, 14, 0.34%, 0, 0, 3, 660.31
1587480403, 0, 22, 41, 32, 12, 0.34%, 0, 0, 3, 656.65
1587480408, 0, 24, 41, 31, 12, 0.34%, 0, 0, 3, 650.62
1587480413, 0, 26, 41, 30, 11, 0.34%, 0, 0, 3, 651.44
1587480418, 0, 28, 41, 29, 10, 0.34%, 0, 0, 3, 604.24
1587480423, 0, 29, 41, 28, 9, 0.34%, 0, 0, 3, 623.36
1587480429, 0, 32, 41, 27, 7, 0.34%, 0, 0, 3, 628.57
1587480434, 0, 35, 42, 26, 6, 0.34%, 0, 0, 3, 613.93
1587480439, 0, 37, 42, 25, 5, 0.34%, 0, 0, 3, 632.46
1587480444, 0, 39, 42, 23, 3, 0.34%, 0, 0, 3, 619.61
1587480454, 0, 39, 43, 24, 3, 0.35%, 0, 0, 4, 575.12
1587480474, 0, 40, 43, 23, 3, 0.35%, 0, 0, 4, 607.97
1587480485, 0, 42, 43, 21, 1, 0.35%, 0, 0, 4, 606.02
1587480490, 0, 42, 44, 22, 1, 0.36%, 0, 0, 5, 602.49
1587480515, 0, 43, 45, 22, 1, 0.36%, 0, 0, 6, 579.16
1587480541, 0, 44, 46, 22, 1, 0.40%, 0, 0, 7, 578.92
1587480571, 0, 45, 46, 21, 1, 0.40%, 0, 0, 7, 565.98
1587480602, 0, 45, 47, 22, 1, 0.40%, 0, 0, 8, 557.27
1587480607, 0, 45, 48, 23, 1, 0.40%, 0, 0, 8, 579.77
1587480617, 0, 47, 48, 22, 1, 0.40%, 0, 0, 8, 559.02
1587480622, 0, 47, 49, 23, 1, 0.41%, 1, 0, 9, 540.18
1587480658, 0, 48, 51, 24, 1, 0.44%, 1, 0, 10, 551.03
1587480673, 0, 48, 52, 25, 1, 0.64%, 1, 0, 10, 554.21
1587480693, 0, 50, 52, 24, 2, 0.64%, 1, 0, 10, 584.18
1587480713, 0, 50, 53, 25, 2, 0.64%, 1, 0, 11, 576.75
1587480734, 0, 51, 55, 26, 2, 0.83%, 1, 0, 11, 576.66
1587480739, 0, 51, 59, 30, 2, 0.94%, 1, 0, 11, 541.94
1587480749, 0, 51, 60, 31, 2, 0.98%, 1, 0, 11, 551.55
1587480754, 0, 51, 67, 38, 2, 0.98%, 1, 0, 11, 7.66
1587480759, 0, 51, 69, 40, 2, 0.98%, 1, 0, 11, 472.85
1587480775, 0, 51, 70, 41, 2, 0.99%, 1, 0, 11, 548.63
1587480785, 0, 51, 74, 45, 2, 0.99%, 1, 0, 11, 549.18
1587480790, 0, 51, 74, 45, 2, 0.99%, 1, 1, 11, 562.74
1587480795, 0, 51, 75, 46, 2, 0.99%, 1, 1, 11, 562.15
1587480810, 0, 52, 76, 46, 11, 0.99%, 1, 1, 11, 555.59
1587480815, 0, 52, 77, 47, 11, 1.02%, 1, 1, 12, 560.14
1587480820, 0, 52, 78, 48, 11, 1.02%, 1, 1, 12, 559.66
1587480831, 0, 52, 79, 49, 11, 1.02%, 1, 1, 12, 561.71
1587480836, 0, 52, 84, 54, 11, 1.02%, 1, 1, 12, 529.96
1587480851, 0, 54, 84, 53, 12, 1.02%, 1, 1, 12, 553.52
1587480871, 0, 54, 86, 55, 12, 1.02%, 1, 1, 12, 499.53
1587480887, 0, 54, 88, 57, 12, 1.02%, 1, 1, 12, 568.74
1587480897, 0, 54, 89, 58, 12, 1.03%, 1, 1, 12, 561.71
1587480902, 0, 54, 92, 61, 12, 1.03%, 1, 1, 12, 564.62
1587480917, 0, 57, 97, 65, 13, 1.04%, 1, 1, 12, 538.96
1587480923, 0, 57, 98, 66, 13, 1.04%, 1, 1, 12, 561.12
1587480933, 0, 57, 103, 71, 13, 1.05%, 1, 1, 12, 559.32
1587480938, 0, 57, 106, 74, 13, 1.05%, 1, 1, 12, 522.87
1587480943, 0, 57, 108, 76, 13, 1.05%, 1, 1, 12, 529.80
1587480948, 0, 57, 110, 78, 13, 1.07%, 1, 1, 12, 541.29
1587480953, 0, 57, 111, 79, 13, 1.07%, 1, 1, 12, 547.03
1587480958, 0, 57, 114, 82, 13, 1.08%, 1, 1, 12, 554.46
1587480968, 0, 57, 116, 84, 13, 1.08%, 1, 1, 12, 563.59
1587480978, 0, 68, 121, 88, 17, 1.08%, 1, 1, 12, 523.45
1587480984, 0, 68, 124, 91, 17, 1.09%, 1, 1, 12, 489.17
1587480989, 0, 68, 132, 99, 17, 1.09%, 1, 1, 12, 88.10
1587480994, 0, 68, 133, 100, 17, 1.09%, 1, 1, 12, 393.08
1587481004, 0, 68, 134, 101, 17, 1.09%, 1, 2, 12, 503.07
1587481009, 0, 68, 134, 101, 17, 1.09%, 1, 3, 12, 266.24
1587481014, 0, 68, 136, 103, 17, 1.09%, 1, 3, 12, 416.06
1587481029, 0, 68, 136, 103, 17, 1.09%, 1, 4, 12, 472.66
1587481035, 0, 68, 138, 105, 17, 1.09%, 1, 4, 12, 521.88
1587481045, 0, 68, 138, 105, 17, 1.09%, 1, 5, 12, 541.07
1587481065, 0, 69, 138, 104, 20, 1.09%, 1, 5, 12, 460.31
1587481070, 0, 69, 139, 105, 20, 1.09%, 1, 5, 12, 515.99
1587481075, 0, 69, 140, 106, 20, 1.09%, 1, 5, 12, 469.39
1587481106, 0, 75, 140, 105, 19, 1.09%, 1, 5, 12, 547.80
1587481111, 0, 75, 140, 105, 19, 1.09%, 2, 5, 12, 538.66
1587481126, 0, 75, 142, 107, 19, 1.09%, 2, 5, 12, 551.61
1587481146, 0, 78, 145, 109, 18, 1.09%, 2, 5, 13, 529.59
1587481161, 0, 78, 146, 110, 18, 1.09%, 2, 5, 13, 531.85
1587481167, 0, 78, 148, 112, 18, 1.10%, 2, 5, 13, 509.12
1587481182, 0, 78, 149, 113, 18, 1.10%, 2, 5, 13, 543.93
1587481192, 0, 84, 149, 112, 23, 1.10%, 2, 5, 13, 525.28
1587481212, 0, 84, 150, 113, 23, 1.10%, 2, 5, 13, 487.98
1587481232, 0, 87, 152, 114, 23, 1.10%, 2, 5, 13, 537.53
1587481237, 0, 87, 154, 116, 23, 1.10%, 2, 5, 13, 546.56
1587481253, 0, 87, 157, 119, 23, 1.10%, 2, 5, 13, 490.75
1587481268, 0, 87, 157, 119, 23, 1.10%, 3, 5, 13, 536.98
1587481273, 0, 87, 158, 120, 23, 1.10%, 3, 5, 13, 538.94
1587481278, 0, 89, 158, 119, 23, 1.10%, 3, 5, 13, 484.16
1587481283, 0, 89, 159, 120, 23, 1.10%, 3, 5, 13, 226.57
1587481288, 0, 89, 161, 122, 23, 1.10%, 3, 5, 13, 165.33
1587481309, 0, 89, 169, 130, 23, 1.10%, 3, 5, 13, 154.74
1587481380, 0, 97, 169, 129, 23, 1.10%, 3, 5, 13, 434.69
1587481400, 0, 97, 170, 130, 23, 1.10%, 3, 5, 13, 415.71
1587481421, 0, 97, 171, 131, 23, 1.10%, 3, 5, 13, 545.87
1587481426, 0, 97, 172, 132, 23, 1.11%, 3, 5, 13, 561.05
1587481467, 0, 101, 174, 133, 23, 1.11%, 3, 5, 13, 556.20
1587481487, 0, 101, 175, 134, 23, 1.11%, 3, 5, 13, 528.06
1587481502, 0, 101, 176, 135, 23, 1.11%, 3, 5, 13, 513.41
1587481523, 0, 107, 176, 134, 23, 1.11%, 3, 5, 13, 533.12
1587481558, 0, 108, 177, 134, 22, 1.11%, 3, 5, 13, 521.59
1587481564, 0, 108, 179, 136, 22, 1.11%, 3, 5, 13, 522.32
1587481599, 0, 108, 180, 137, 22, 1.11%, 3, 5, 13, 558.30
1587481619, 0, 110, 180, 136, 21, 1.11%, 3, 5, 13, 81.12
1587481794, 0, 113, 187, 142, 20, 1.12%, 3, 5, 13, 420.56
1587481799, 0, 113, 189, 144, 20, 1.12%, 3, 5, 13, 534.40
1587481814, 0, 113, 197, 152, 20, 1.12%, 3, 5, 13, 519.91
1587481824, 0, 113, 198, 153, 20, 1.12%, 3, 5, 13, 421.64
1587481845, 0, 115, 198, 152, 22, 1.12%, 3, 5, 13, 193.23
1587481947, 0, 115, 198, 152, 22, 1.12%, 3, 6, 13, 138.74
1587481952, 0, 117, 198, 151, 21, 1.12%, 3, 6, 13, 391.39
1587482003, 0, 124, 198, 150, 20, 1.12%, 3, 6, 13, 471.00
1587482054, 0, 126, 198, 149, 19, 1.12%, 3, 6, 13, 84.87
1587482070, 0, 126, 199, 150, 19, 1.12%, 3, 6, 13, 491.81
1587482106, 0, 126, 200, 151, 19, 1.12%, 3, 6, 13, 83.10
1587482218, 0, 129, 200, 150, 19, 1.12%, 3, 6, 13, 126.02
1587482362, 0, 129, 200, 150, 19, 1.12%, 3, 7, 13, 4.60
1587482378, 0, 133, 200, 149, 19, 1.12%, 3, 7, 13, 252.32
1587482429, 0, 142, 200, 148, 18, 1.12%, 3, 7, 13, 525.03
1587482449, 0, 142, 204, 152, 18, 1.12%, 3, 7, 14, 519.71
1587482454, 0, 142, 206, 154, 18, 1.12%, 3, 7, 14, 525.57
1587482464, 0, 142, 207, 155, 18, 1.12%, 3, 7, 14, 492.44
1587482469, 0, 142, 208, 156, 18, 1.12%, 3, 7, 14, 547.74
1587482484, 0, 143, 209, 156, 18, 1.12%, 3, 7, 14, 477.49
1587482505, 0, 143, 211, 158, 18, 1.12%, 3, 7, 14, 527.28
1587482510, 0, 143, 212, 159, 18, 1.12%, 3, 7, 14, 519.24
1587482520, 0, 144, 212, 158, 18, 1.12%, 3, 7, 14, 547.48
1587482561, 0, 145, 212, 157, 17, 1.12%, 3, 7, 14, 476.26
1587482581, 0, 145, 217, 162, 17, 1.12%, 3, 7, 14, 509.11
1587482597, 0, 145, 218, 163, 17, 1.12%, 3, 7, 14, 558.68
1587482602, 0, 146, 220, 164, 16, 1.13%, 3, 7, 14, 549.60
1587482607, 0, 146, 221, 165, 16, 1.13%, 3, 7, 14, 534.65
1587482628, 0, 146, 226, 170, 16, 1.13%, 3, 7, 14, 526.42
1587482643, 0, 147, 226, 169, 19, 1.13%, 3, 7, 14, 534.65
1587482663, 0, 147, 231, 174, 19, 1.13%, 3, 7, 14, 515.54
1587482678, 0, 148, 231, 173, 18, 1.13%, 3, 7, 14, 552.14
1587482704, 0, 148, 236, 178, 18, 1.13%, 3, 7, 14, 528.41
1587482714, 0, 148, 237, 179, 18, 1.13%, 3, 7, 14, 559.34
1587482724, 0, 149, 237, 178, 18, 1.13%, 3, 7, 14, 539.01
1587482745, 0, 149, 238, 179, 18, 1.13%, 3, 7, 14, 503.43
1587482760, 0, 157, 238, 178, 18, 1.13%, 3, 7, 14, 527.67
1587482765, 0, 157, 239, 179, 18, 1.13%, 3, 7, 14, 492.00
1587482811, 0, 158, 240, 179, 17, 1.13%, 3, 7, 14, 542.71
1587482851, 0, 161, 240, 178, 16, 1.13%, 3, 7, 14, 436.18
1587482959, 0, 168, 240, 177, 16, 1.13%, 3, 7, 14, 244.53
1587482984, 0, 168, 244, 181, 16, 1.13%, 3, 7, 14, 172.49
1587483045, 0, 175, 245, 181, 16, 1.13%, 3, 7, 14, 450.11
1587483086, 0, 177, 254, 189, 15, 1.13%, 3, 7, 14, 567.50
1587483101, 0, 177, 256, 191, 15, 1.14%, 3, 7, 14, 548.30
1587483126, 0, 177, 257, 192, 15, 1.14%, 3, 7, 14, 548.41
1587483141, 0, 184, 257, 191, 15, 1.14%, 3, 7, 14, 550.33
1587483146, 0, 184, 258, 192, 15, 1.14%, 3, 7, 14, 552.45
1587483182, 0, 186, 258, 191, 14, 1.14%, 3, 7, 14, 553.82
1587483223, 0, 191, 258, 190, 14, 1.14%, 3, 7, 14, 545.89
1587483263, 0, 205, 259, 190, 13, 1.14%, 3, 7, 15, 494.39
1587483273, 0, 205, 260, 191, 13, 1.14%, 3, 7, 15, 467.58
1587483314, 0, 208, 260, 190, 13, 1.14%, 3, 7, 15, 529.01
1587483334, 0, 208, 261, 191, 13, 1.14%, 3, 7, 15, 514.59
1587483349, 0, 208, 262, 192, 13, 1.14%, 3, 7, 15, 539.29
1587483360, 0, 218, 262, 191, 12, 1.14%, 3, 7, 15, 526.49
1587483385, 0, 218, 267, 196, 12, 1.14%, 3, 7, 15, 509.42
1587483390, 0, 218, 268, 197, 12, 1.14%, 3, 7, 15, 506.38
1587483406, 0, 219, 268, 196, 11, 1.14%, 3, 7, 15, 571.17
1587483431, 0, 219, 272, 200, 11, 1.14%, 3, 7, 15, 524.69
1587483447, 0, 219, 273, 201, 11, 1.14%, 3, 7, 15, 569.57
1587483452, 0, 220, 273, 200, 12, 1.14%, 3, 7, 15, 549.24
1587483477, 0, 220, 278, 205, 12, 1.14%, 3, 7, 15, 500.82
1587483493, 0, 220, 279, 206, 12, 1.14%, 3, 7, 15, 544.86
1587483503, 0, 224, 282, 208, 11, 1.17%, 3, 7, 15, 512.94
1587483554, 0, 234, 282, 207, 11, 1.17%, 3, 7, 15, 539.28
1587483559, 0, 234, 284, 209, 11, 1.18%, 3, 7, 15, 514.98
1587483610, 0, 237, 284, 208, 11, 1.18%, 3, 7, 15, 527.93
1587483651, 0, 243, 284, 207, 10, 1.18%, 3, 7, 15, 310.03
1587483728, 0, 248, 285, 207, 9, 1.18%, 3, 7, 15, 534.25
1587483773, 0, 254, 287, 208, 8, 1.18%, 3, 7, 15, 464.40
1587483789, 0, 254, 288, 209, 8, 1.18%, 3, 7, 15, 479.06
1587483814, 0, 255, 289, 209, 8, 1.19%, 3, 7, 15, 549.21
1587483819, 0, 255, 290, 210, 8, 1.19%, 3, 7, 15, 552.36
1587483855, 0, 259, 290, 209, 7, 1.19%, 3, 7, 15, 556.15
1587483860, 0, 259, 291, 210, 7, 1.19%, 3, 7, 16, 512.43
1587483875, 0, 259, 292, 211, 7, 1.19%, 3, 7, 16, 511.14
1587483880, 0, 259, 293, 212, 7, 1.19%, 3, 7, 16, 473.96
1587483901, 0, 259, 294, 213, 7, 1.19%, 3, 7, 16, 529.85
1587483916, 0, 268, 297, 215, 6, 1.20%, 3, 7, 16, 445.05
1587483967, 0, 271, 299, 216, 7, 1.20%, 3, 7, 16, 73.93
1587484023, 0, 271, 300, 217, 7, 1.20%, 3, 7, 16, 559.38
1587484033, 0, 271, 303, 220, 7, 1.20%, 3, 7, 16, 528.81
1587484038, 0, 271, 304, 221, 7, 1.20%, 3, 7, 16, 552.37
1587484054, 0, 271, 306, 223, 7, 1.20%, 3, 7, 16, 93.46
1587484059, 0, 279, 311, 227, 7, 1.21%, 3, 7, 16, 521.38
1587484099, 0, 282, 312, 227, 11, 1.21%, 3, 7, 16, 550.19
1587484140, 0, 285, 312, 226, 10, 1.21%, 3, 7, 16, 558.82
1587484145, 0, 285, 313, 227, 10, 1.21%, 3, 7, 16, 550.23
1587484176, 0, 285, 314, 228, 10, 1.21%, 3, 7, 16, 567.68
1587484186, 0, 288, 322, 235, 11, 1.22%, 3, 7, 16, 551.18
1587484196, 0, 288, 323, 236, 11, 1.22%, 3, 7, 16, 548.53
1587484206, 0, 288, 325, 238, 11, 1.22%, 3, 7, 16, 541.55
1587484226, 0, 294, 331, 243, 13, 1.22%, 3, 7, 17, 456.74
1587484232, 0, 294, 339, 251, 13, 1.22%, 3, 7, 17, 435.90
1587484237, 0, 294, 355, 267, 13, 1.22%, 3, 7, 17, 339.88
1587484252, 0, 294, 358, 270, 13, 1.22%, 3, 7, 17, 430.32
1587484262, 0, 294, 360, 272, 13, 1.22%, 3, 7, 17, 477.93
1587484288, 0, 295, 363, 274, 13, 1.22%, 3, 7, 17, 410.26
1587484308, 0, 295, 364, 275, 13, 1.22%, 3, 7, 17, 457.02
1587484344, 0, 304, 364, 274, 12, 1.22%, 3, 7, 17, 513.45
1587484380, 0, 304, 365, 275, 12, 1.22%, 3, 7, 17, 530.60
1587484410, 0, 306, 365, 274, 12, 1.22%, 3, 7, 17, 549.74
1587484450, 0, 307, 365, 273, 11, 1.22%, 3, 7, 17, 543.59
1587484496, 0, 308, 365, 272, 10, 1.22%, 3, 7, 17, 533.45
1587484536, 0, 309, 365, 271, 9, 1.22%, 3, 7, 17, 544.49
1587484577, 0, 310, 365, 270, 8, 1.22%, 3, 7, 17, 532.70
1587484618, 0, 311, 366, 270, 7, 1.22%, 3, 7, 17, 521.77
1587484633, 0, 311, 366, 270, 7, 1.22%, 4, 7, 17, 515.65
1587484663, 0, 314, 366, 269, 7, 1.22%, 4, 7, 17, 533.73
1587484699, 0, 314, 367, 270, 7, 1.22%, 4, 7, 17, 512.68
1587484714, 0, 315, 367, 269, 6, 1.22%, 4, 7, 17, 537.72
1587484755, 0, 319, 367, 268, 5, 1.22%, 4, 7, 17, 566.30
1587484801, 0, 321, 367, 267, 4, 1.22%, 4, 7, 17, 537.35
1587484847, 0, 341, 369, 268, 3, 1.22%, 4, 7, 18, 462.67
1587484852, 0, 341, 370, 269, 3, 1.22%, 4, 7, 18, 456.99
1587484903, 0, 364, 370, 268, 2, 1.22%, 4, 7, 18, 503.02
1587484949, 0, 365, 374, 271, 1, 1.22%, 4, 7, 18, 518.96
1587484964, 0, 365, 374, 271, 1, 1.22%, 5, 7, 18, 469.86
1587484974, 0, 365, 375, 272, 1, 1.22%, 5, 7, 18, 488.06
1587484989, 0, 370, 376, 272, 3, 1.22%, 5, 7, 19, 519.37
1587484994, 0, 370, 377, 273, 3, 1.22%, 5, 7, 19, 518.50
1587485000, 0, 370, 379, 275, 3, 1.22%, 5, 7, 19, 492.12
1587485005, 0, 370, 379, 275, 3, 1.22%, 6, 7, 19, 487.66
1587485035, 0, 372, 379, 274, 5, 1.22%, 6, 7, 19, 530.67
1587485051, 0, 372, 379, 274, 5, 1.22%, 7, 7, 19, 532.77
1587485076, 0, 373, 379, 273, 4, 1.22%, 7, 7, 19, 529.68
1587485123, 0, 375, 379, 272, 3, 1.22%, 7, 7, 19, 489.87
1587485138, 0, 375, 379, 272, 3, 1.22%, 8, 7, 19, 484.23
1587485168, 0, 376, 379, 271, 2, 1.22%, 8, 7, 19, 488.02
1587485209, 0, 377, 379, 270, 1, 1.22%, 8, 7, 19, 525.73
1587485219, 0, 377, 380, 271, 1, 1.22%, 8, 7, 20, 508.29
1587485224, 0, 377, 380, 271, 1, 1.22%, 9, 7, 20, 480.80
1587485254, 1, 7, 380, 269, 0, 1.22%, 9, 7, 20, 553.70
1587485259, 1, 9, 380, 268, 0, 1.22%, 9, 7, 20, 512.36
1587485265, 1, 12, 380, 267, 0, 1.22%, 9, 7, 20, 515.92
1587485270, 1, 25, 380, 266, 0, 1.22%, 9, 7, 20, 575.44
1587485275, 1, 30, 380, 265, 0, 1.22%, 9, 7, 20, 559.77
1587485295, 1, 31, 380, 264, 0, 1.22%, 9, 7, 20, 568.61
1587485300, 1, 33, 380, 263, 0, 1.22%, 9, 7, 20, 473.07
1587485305, 1, 42, 380, 262, 0, 1.22%, 9, 7, 20, 380.21
1587485310, 1, 45, 381, 263, 0, 1.22%, 9, 7, 20, 356.14
1587485315, 1, 46, 381, 263, 0, 1.22%, 9, 7, 20, 393.67
1587485371, 1, 59, 381, 262, 0, 1.22%, 9, 7, 20, 496.62
1587485407, 1, 59, 382, 263, 0, 1.22%, 9, 7, 20, 531.71
1587485417, 1, 64, 382, 262, 0, 1.22%, 9, 7, 20, 65.88
1587485586, 1, 69, 382, 261, 0, 1.22%, 9, 7, 20, 428.20
1587485591, 1, 72, 382, 261, 0, 1.22%, 9, 7, 20, 536.05
1587485612, 1, 72, 383, 262, 0, 1.22%, 9, 7, 20, 542.79
1587485627, 1, 76, 383, 261, 0, 1.22%, 9, 7, 20, 465.94
1587485709, 1, 79, 383, 260, 0, 1.22%, 9, 7, 20, 422.46
1587485759, 1, 83, 383, 259, 0, 1.22%, 9, 7, 20, 511.83
1587485805, 1, 85, 383, 258, 0, 1.22%, 9, 7, 20, 566.44
1587485846, 1, 90, 383, 257, 0, 1.22%, 9, 7, 20, 587.28
1587485886, 1, 97, 383, 256, 0, 1.22%, 9, 7, 20, 590.99
1587485891, 1, 102, 383, 256, 0, 1.22%, 9, 7, 20, 527.81
1587485927, 1, 113, 383, 255, 0, 1.22%, 9, 7, 20, 565.65
1587485932, 1, 114, 383, 255, 0, 1.22%, 9, 7, 20, 563.25
1587485968, 1, 117, 383, 254, 0, 1.22%, 9, 7, 20, 557.77
1587485973, 1, 137, 383, 254, 0, 1.22%, 9, 7, 20, 101.80
1587486100, 1, 139, 383, 253, 0, 1.22%, 9, 7, 20, 157.86
1587486253, 1, 153, 383, 252, 0, 1.22%, 9, 7, 20, 480.91
1587486294, 1, 155, 383, 251, 0, 1.22%, 9, 7, 20, 464.55
1587486356, 1, 155, 383, 251, 0, 1.22%, 9, 8, 20, 53.14
1587486366, 1, 175, 383, 250, 0, 1.22%, 9, 8, 20, 573.89
1587486371, 1, 176, 383, 250, 0, 1.22%, 9, 8, 20, 579.08
1587486407, 1, 178, 383, 249, 0, 1.22%, 9, 8, 20, 601.91
1587486443, 1, 180, 383, 248, 0, 1.22%, 9, 8, 20, 589.72
1587486483, 1, 198, 383, 247, 0, 1.22%, 9, 8, 20, 84.15
1587486626, 1, 203, 383, 246, 0, 1.22%, 9, 8, 20, 287.55
1587486754, 1, 217, 383, 245, 0, 1.22%, 9, 8, 20, 485.61
1587486805, 1, 220, 383, 244, 0, 1.22%, 9, 8, 20, 550.89
1587486810, 1, 227, 383, 244, 0, 1.22%, 9, 8, 20, 484.76
1587486871, 1, 230, 383, 243, 0, 1.22%, 9, 8, 20, 498.21
1587486917, 1, 235, 383, 242, 0, 1.22%, 9, 8, 20, 522.74
1587486968, 1, 236, 383, 241, 0, 1.22%, 9, 8, 20, 471.86
1587487019, 1, 241, 383, 240, 0, 1.22%, 9, 8, 20, 528.11
1587487101, 1, 251, 383, 239, 0, 1.22%, 9, 8, 20, 505.35
1587487142, 1, 253, 383, 238, 0, 1.22%, 9, 8, 20, 582.65
1587487182, 1, 255, 383, 237, 0, 1.22%, 9, 8, 20, 577.09
1587487188, 1, 269, 383, 237, 0, 1.22%, 9, 8, 20, 408.03
1587487239, 1, 269, 384, 238, 0, 1.22%, 9, 8, 20, 523.12
1587487249, 1, 273, 384, 237, 0, 1.22%, 9, 8, 20, 547.85
1587487259, 1, 273, 385, 238, 0, 1.22%, 9, 8, 20, 430.49
1587487305, 1, 384, 385, 237, 1, 1.22%, 9, 8, 20, 521.02
1587487310, 1, 384, 386, 238, 1, 1.22%, 9, 8, 20, 496.20
1587487366, 1, 385, 386, 237, 0, 1.22%, 9, 8, 20, 509.76
1587487422, 2, 5, 386, 235, 0, 1.22%, 9, 8, 20, 581.36
1587487427, 2, 20, 386, 235, 0, 1.22%, 9, 8, 20, 594.87
1587487432, 2, 27, 386, 234, 0, 1.22%, 9, 8, 20, 592.76
1587487447, 2, 35, 386, 233, 0, 1.22%, 9, 8, 20, 619.76
1587487452, 2, 47, 386, 233, 0, 1.22%, 9, 8, 20, 586.90
1587487457, 2, 56, 386, 233, 0, 1.22%, 9, 8, 20, 585.52
1587487493, 2, 58, 386, 232, 0, 1.22%, 9, 8, 20, 577.06
1587487529, 2, 60, 386, 231, 0, 1.22%, 9, 8, 20, 464.98
1587487580, 2, 61, 386, 230, 0, 1.22%, 9, 8, 20, 480.08
1587487641, 2, 63, 386, 229, 0, 1.22%, 9, 8, 20, 439.10
1587487753, 2, 82, 386, 228, 0, 1.22%, 9, 8, 20, 469.78
1587487799, 2, 91, 386, 227, 0, 1.22%, 9, 8, 20, 568.82
1587487839, 2, 94, 386, 226, 0, 1.22%, 9, 8, 20, 575.32
1587487875, 2, 104, 386, 225, 0, 1.22%, 9, 8, 20, 562.55
1587487916, 2, 111, 386, 224, 0, 1.22%, 9, 8, 20, 112.05
1587488033, 2, 115, 386, 223, 0, 1.22%, 9, 8, 20, 450.68
1587488038, 2, 123, 386, 223, 0, 1.22%, 9, 8, 20, 385.04
1587488099, 2, 125, 386, 222, 0, 1.22%, 9, 8, 20, 79.07
1587488267, 2, 127, 386, 221, 0, 1.22%, 9, 8, 20, 159.19
1587488431, 2, 140, 386, 220, 0, 1.22%, 9, 8, 20, 546.66
1587488462, 2, 147, 386, 219, 0, 1.22%, 9, 8, 20, 562.47
1587488467, 2, 152, 386, 219, 0, 1.22%, 9, 8, 20, 580.49
1587488503, 2, 154, 386, 218, 0, 1.22%, 9, 8, 20, 412.30
1587488559, 2, 158, 386, 217, 0, 1.22%, 9, 8, 20, 545.98
1587488564, 2, 162, 386, 217, 0, 1.22%, 9, 8, 20, 240.79
1587488666, 2, 163, 386, 216, 0, 1.22%, 9, 8, 20, 223.35
1587488758, 2, 164, 386, 215, 0, 1.22%, 9, 8, 20, 242.25
1587488845, 2, 165, 386, 214, 0, 1.22%, 9, 8, 20, 284.29
1587488932, 2, 166, 386, 213, 0, 1.22%, 9, 8, 20, 262.87
1587489044, 2, 190, 386, 212, 0, 1.22%, 9, 8, 20, 565.57
1587489049, 2, 190, 387, 213, 0, 1.22%, 9, 8, 20, 580.59
1587489085, 2, 261, 387, 212, 1, 1.22%, 9, 8, 20, 443.44
1587489136, 2, 299, 387, 211, 1, 1.22%, 9, 8, 20, 482.13
1587489146, 2, 299, 388, 212, 1, 1.22%, 9, 8, 20, 350.17
1587489197, 2, 386, 388, 211, 1, 1.22%, 9, 8, 20, 568.40
1587489248, 2, 387, 388, 210, 0, 1.22%, 9, 8, 20, 89.47
1587489253, 2, 387, 389, 211, 0, 1.22%, 9, 8, 20, 103.56
1587489289, 2, 387, 390, 212, 0, 1.22%, 9, 8, 20, 92.04
1587489335, 2, 387, 391, 213, 0, 1.22%, 9, 8, 20, 114.05
1587489396, 3, 1, 391, 212, 0, 1.22%, 9, 8, 20, 520.43
1587489401, 3, 26, 391, 210, 0, 1.22%, 9, 8, 20, 609.18
1587489406, 3, 44, 391, 210, 0, 1.22%, 9, 8, 20, 608.10
1587489411, 3, 52, 391, 210, 0, 1.22%, 9, 8, 20, 602.70
1587489416, 3, 62, 391, 210, 0, 1.22%, 9, 8, 20, 359.48
1587489493, 3, 77, 391, 209, 0, 1.22%, 9, 8, 20, 511.51
1587489533, 3, 112, 391, 208, 0, 1.22%, 9, 8, 20, 526.69
1587489631, 3, 113, 391, 207, 0, 1.22%, 9, 8, 20, 506.78
1587489636, 3, 118, 391, 207, 0, 1.22%, 9, 8, 20, 539.75
1587489677, 3, 130, 391, 206, 0, 1.22%, 9, 8, 20, 75.71
1587489836, 3, 134, 391, 205, 0, 1.22%, 9, 8, 20, 292.58
1587489902, 3, 151, 391, 204, 0, 1.22%, 9, 8, 20, 558.31
1587489943, 3, 158, 391, 203, 0, 1.22%, 9, 8, 20, 576.03
1587489948, 3, 170, 391, 203, 0, 1.22%, 9, 8, 20, 587.93
1587489979, 3, 172, 391, 202, 0, 1.22%, 9, 8, 20, 581.26
1587490019, 3, 174, 391, 201, 0, 1.22%, 9, 8, 20, 481.61
1587490071, 3, 175, 391, 200, 0, 1.22%, 9, 8, 20, 503.95
1587490076, 3, 188, 391, 200, 0, 1.22%, 9, 8, 20, 521.03
1587490111, 3, 193, 391, 199, 0, 1.22%, 9, 8, 20, 579.86
1587490152, 3, 201, 391, 198, 0, 1.22%, 9, 8, 20, 444.02
1587490208, 3, 207, 391, 197, 0, 1.22%, 9, 8, 20, 491.78
1587490259, 3, 213, 391, 196, 0, 1.22%, 9, 8, 20, 521.31
1587490320, 3, 224, 391, 195, 0, 1.22%, 9, 8, 20, 572.24
1587490325, 3, 231, 391, 195, 0, 1.22%, 9, 8, 20, 457.37
1587490376, 3, 232, 391, 194, 0, 1.22%, 9, 8, 20, 535.92
1587490438, 3, 233, 391, 193, 0, 1.22%, 9, 8, 20, 75.19
1587490586, 3, 234, 391, 192, 0, 1.22%, 9, 8, 20, 353.95
1587490591, 3, 244, 391, 192, 0, 1.22%, 9, 8, 20, 516.19
1587490637, 3, 252, 391, 191, 0, 1.22%, 9, 8, 20, 552.52
1587490682, 3, 256, 391, 190, 0, 1.22%, 9, 8, 20, 565.94
1587490723, 3, 258, 391, 189, 0, 1.22%, 9, 8, 20, 549.25
1587490774, 3, 265, 391, 188, 0, 1.22%, 9, 8, 20, 445.48
1587490825, 3, 272, 391, 187, 0, 1.22%, 9, 8, 20, 501.54
1587490876, 3, 276, 391, 186, 0, 1.22%, 9, 8, 20, 524.97
1587490927, 3, 277, 391, 185, 0, 1.22%, 9, 8, 20, 500.29
1587490978, 3, 280, 391, 184, 0, 1.22%, 9, 8, 20, 450.72
1587491033, 3, 284, 391, 183, 0, 1.22%, 9, 8, 20, 543.95
1587491074, 3, 285, 391, 182, 0, 1.22%, 9, 8, 20, 573.81
1587491079, 3, 290, 391, 182, 0, 1.22%, 9, 8, 20, 531.13
1587491125, 3, 295, 391, 181, 0, 1.22%, 9, 8, 20, 568.04
1587491130, 3, 297, 391, 181, 0, 1.22%, 9, 8, 20, 566.56
1587491172, 3, 301, 392, 181, 0, 1.22%, 9, 8, 20, 102.23
1587491177, 3, 301, 393, 182, 0, 1.22%, 9, 8, 20, 120.30
1587491207, 3, 301, 394, 183, 0, 1.22%, 9, 8, 20, 106.61
1587491294, 3, 304, 394, 182, 0, 1.22%, 9, 8, 20, 503.39
1587491299, 3, 305, 394, 182, 0, 1.22%, 9, 8, 20, 501.80
1587491350, 3, 311, 394, 181, 0, 1.22%, 9, 8, 20, 515.51
1587491355, 3, 312, 394, 181, 0, 1.22%, 9, 8, 20, 558.91
1587491395, 3, 314, 394, 180, 0, 1.22%, 9, 8, 20, 589.89
1587491401, 3, 316, 394, 180, 0, 1.22%, 9, 8, 20, 566.92
1587491406, 3, 316, 395, 181, 0, 1.22%, 9, 8, 20, 530.72
1587491441, 3, 317, 395, 180, 0, 1.22%, 9, 8, 20, 565.77
1587491487, 3, 321, 395, 179, 0, 1.22%, 9, 8, 20, 557.66
1587491492, 3, 323, 395, 179, 0, 1.22%, 9, 8, 20, 568.02
1587491532, 3, 326, 395, 178, 0, 1.22%, 9, 8, 20, 506.30
1587491537, 3, 326, 399, 182, 0, 1.22%, 9, 8, 20, 302.24
1587491543, 3, 326, 400, 183, 0, 1.22%, 9, 8, 20, 284.03
1587491553, 3, 326, 405, 188, 0, 1.22%, 9, 8, 20, 216.58
1587491614, 3, 327, 406, 188, 0, 1.22%, 9, 8, 20, 381.85
1587491680, 3, 330, 406, 187, 0, 1.22%, 9, 8, 20, 502.43
1587491691, 3, 330, 408, 189, 0, 1.22%, 9, 8, 20, 392.37
1587491742, 3, 331, 408, 188, 0, 1.22%, 9, 8, 20, 115.13
1587491772, 3, 331, 410, 190, 0, 1.22%, 9, 8, 20, 123.18
1587491859, 3, 334, 410, 189, 0, 1.22%, 9, 8, 20, 455.33
1587491920, 3, 336, 410, 188, 0, 1.22%, 9, 8, 20, 395.19
1587491986, 3, 337, 410, 187, 0, 1.22%, 9, 8, 20, 476.50
1587492042, 3, 338, 410, 186, 0, 1.22%, 9, 8, 20, 462.96
1587492103, 3, 341, 410, 185, 0, 1.22%, 9, 8, 20, 525.67
1587492108, 3, 346, 410, 185, 0, 1.22%, 9, 8, 20, 98.54
1587492247, 3, 347, 410, 184, 0, 1.22%, 9, 8, 20, 376.97
1587492308, 3, 349, 410, 183, 0, 1.22%, 9, 8, 20, 84.32
1587492441, 3, 351, 410, 182, 0, 1.22%, 9, 8, 20, 420.46
1587492512, 3, 356, 410, 181, 0, 1.22%, 9, 8, 20, 385.34
1587492583, 3, 361, 410, 180, 0, 1.22%, 9, 8, 20, 407.26
1587492639, 3, 364, 410, 179, 0, 1.22%, 9, 8, 20, 546.56
1587492645, 3, 366, 410, 179, 0, 1.22%, 9, 8, 20, 57.74
1587492844, 3, 368, 410, 178, 0, 1.22%, 9, 8, 20, 270.90
1587492915, 3, 372, 410, 177, 0, 1.22%, 9, 8, 20, 598.96
1587492920, 3, 374, 410, 177, 0, 1.22%, 9, 8, 20, 590.05
1587492936, 3, 374, 410, 177, 0, 1.22%, 10, 8, 20, 605.88
1587492956, 3, 375, 410, 176, 0, 1.22%, 10, 8, 20, 584.32
1587492961, 3, 377, 410, 176, 0, 1.22%, 10, 8, 20, 610.22
1587492967, 3, 382, 410, 176, 0, 1.22%, 10, 8, 20, 595.05
1587493007, 3, 382, 410, 176, 0, 1.22%, 11, 8, 20, 612.48
1587493012, 3, 383, 410, 175, 0, 1.22%, 11, 8, 20, 381.49
1587493093, 3, 384, 410, 174, 0, 1.22%, 11, 8, 20, 568.45
1587493098, 3, 386, 410, 174, 0, 1.22%, 11, 8, 20, 598.58
1587493104, 3, 389, 410, 174, 0, 1.22%, 11, 8, 20, 104.80
1587493236, 3, 395, 410, 173, 0, 1.22%, 11, 8, 20, 307.61
1587493252, 3, 395, 411, 174, 0, 1.22%, 11, 8, 20, 225.75
1587493318, 3, 401, 411, 173, 0, 1.22%, 11, 8, 20, 558.60
1587493338, 3, 401, 412, 174, 0, 1.22%, 11, 8, 20, 210.87
1587493410, 3, 410, 412, 173, 0, 1.22%, 11, 8, 20, 341.86
1587493496, 4, 2, 412, 172, 0, 1.22%, 11, 8, 20, 558.26
1587493501, 4, 21, 412, 171, 0, 1.22%, 11, 8, 20, 635.77
1587493506, 4, 36, 412, 170, 0, 1.22%, 11, 8, 20, 633.27
1587493527, 4, 41, 412, 169, 0, 1.22%, 11, 8, 20, 606.79
1587493532, 4, 48, 412, 169, 0, 1.22%, 11, 8, 20, 629.77
1587493537, 4, 55, 412, 169, 0, 1.22%, 11, 8, 20, 620.52
1587493573, 4, 65, 412, 168, 0, 1.22%, 11, 8, 20, 71.41
1587493741, 4, 66, 412, 167, 0, 1.22%, 11, 8, 20, 68.28
1587493914, 4, 70, 412, 166, 0, 1.22%, 11, 8, 20, 513.58
1587493950, 4, 87, 412, 165, 0, 1.22%, 11, 8, 20, 606.94
1587493955, 4, 88, 412, 165, 0, 1.22%, 11, 8, 20, 618.65
1587493990, 4, 92, 412, 164, 0, 1.22%, 11, 8, 20, 602.08
1587494021, 4, 94, 412, 163, 0, 1.22%, 11, 8, 20, 617.42
1587494026, 4, 113, 412, 163, 0, 1.22%, 11, 8, 20, 601.91
1587494031, 4, 119, 412, 163, 0, 1.22%, 11, 8, 20, 526.80
1587494081, 4, 120, 412, 162, 0, 1.22%, 11, 8, 20, 487.10
1587494133, 4, 132, 412, 161, 0, 1.22%, 11, 8, 20, 86.59
1587494286, 4, 136, 412, 160, 0, 1.22%, 11, 8, 20, 392.25
1587494327, 4, 158, 412, 159, 0, 1.22%, 11, 8, 20, 615.82
1587494332, 4, 159, 412, 159, 0, 1.22%, 11, 8, 20, 298.62
1587494434, 4, 181, 412, 158, 0, 1.22%, 11, 8, 20, 547.85
1587494475, 4, 183, 412, 157, 0, 1.22%, 11, 8, 20, 602.79
1587494510, 4, 187, 412, 156, 0, 1.22%, 11, 8, 20, 577.39
1587494546, 4, 199, 412, 155, 0, 1.22%, 11, 8, 20, 80.14
1587494694, 4, 208, 412, 154, 0, 1.22%, 11, 8, 20, 450.70
1587494699, 4, 215, 412, 154, 0, 1.22%, 11, 8, 20, 526.21
1587494750, 4, 222, 412, 153, 0, 1.22%, 11, 8, 20, 496.05
1587494806, 4, 223, 412, 152, 0, 1.22%, 11, 8, 20, 89.89
1587494939, 4, 228, 412, 151, 0, 1.22%, 11, 8, 20, 91.41
1587495072, 4, 238, 412, 150, 0, 1.22%, 11, 8, 20, 365.74
1587495159, 4, 239, 412, 149, 0, 1.22%, 11, 8, 20, 494.30
1587495200, 4, 245, 412, 148, 0, 1.22%, 11, 8, 20, 611.14
1587495240, 4, 249, 412, 147, 0, 1.22%, 11, 8, 20, 613.70
1587495281, 4, 250, 412, 146, 0, 1.22%, 11, 8, 20, 603.94
1587495322, 4, 255, 412, 145, 0, 1.22%, 11, 8, 20, 596.63
1587495327, 4, 275, 412, 145, 0, 1.22%, 11, 8, 20, 98.74
1587495455, 4, 279, 412, 144, 0, 1.22%, 11, 8, 20, 461.83
1587495460, 4, 289, 412, 144, 0, 1.22%, 11, 8, 20, 568.84
1587495501, 4, 292, 412, 143, 0, 1.22%, 11, 8, 20, 535.57
1587495546, 4, 295, 412, 142, 0, 1.22%, 11, 8, 20, 591.88
1587495551, 4, 311, 412, 142, 0, 1.22%, 11, 8, 20, 610.26
1587495557, 4, 315, 412, 142, 0, 1.22%, 11, 8, 20, 601.81
1587495562, 4, 321, 412, 142, 0, 1.22%, 11, 8, 20, 594.19
1587495567, 4, 332, 413, 143, 0, 1.22%, 11, 8, 20, 64.30
1587495587, 4, 332, 414, 144, 0, 1.22%, 11, 8, 20, 188.50
1587495654, 4, 340, 414, 143, 0, 1.22%, 11, 8, 20, 474.82
1587495705, 4, 340, 415, 144, 0, 1.22%, 11, 8, 20, 568.79
1587495720, 4, 381, 415, 143, 1, 1.22%, 11, 8, 20, 556.22
1587495761, 4, 414, 423, 150, 1, 1.28%, 11, 9, 20, 161.76
1587495776, 4, 414, 428, 155, 1, 1.29%, 11, 9, 20, 187.39
1587495791, 4, 414, 430, 157, 1, 1.29%, 11, 9, 20, 188.47
1587495812, 4, 414, 432, 159, 1, 1.29%, 11, 9, 20, 246.49
1587495817, 4, 414, 433, 160, 1, 1.29%, 11, 9, 20, 275.83
1587495827, 4, 414, 433, 160, 1, 1.29%, 12, 9, 20, 333.40
1587495908, 4, 414, 435, 162, 1, 1.29%, 12, 9, 20, 325.32
1587495919, 4, 414, 436, 163, 1, 1.29%, 12, 9, 20, 430.40
1587495929, 4, 414, 439, 166, 1, 1.29%, 12, 9, 20, 410.73
1587495934, 4, 414, 440, 167, 1, 1.29%, 12, 9, 20, 414.20
1587495939, 4, 414, 441, 168, 1, 1.29%, 12, 9, 20, 436.02
1587495960, 4, 414, 443, 170, 1, 1.29%, 12, 9, 20, 409.48
1587495965, 4, 414, 445, 172, 1, 1.29%, 12, 9, 20, 394.18
1587495975, 4, 414, 446, 173, 1, 1.29%, 12, 9, 20, 424.89
1587495985, 4, 417, 446, 172, 5, 1.29%, 12, 9, 20, 376.88
1587495990, 4, 417, 450, 176, 5, 1.29%, 12, 9, 20, 233.53
1587496000, 4, 417, 451, 177, 5, 1.29%, 12, 9, 20, 204.24
1587496041, 4, 417, 452, 178, 5, 1.29%, 12, 9, 20, 273.91
1587496062, 4, 417, 454, 180, 5, 1.36%, 12, 9, 20, 247.41
1587496067, 4, 417, 455, 181, 5, 1.36%, 12, 9, 20, 265.03
1587496138, 4, 417, 456, 182, 5, 1.36%, 12, 9, 20, 407.28
1587496143, 4, 417, 459, 185, 5, 1.37%, 12, 9, 20, 383.87
1587496148, 4, 417, 460, 186, 5, 1.37%, 12, 9, 20, 421.93
1587496158, 4, 417, 463, 189, 5, 1.37%, 12, 9, 20, 433.80
1587496163, 4, 417, 465, 191, 5, 1.37%, 12, 9, 20, 413.08
1587496194, 4, 417, 466, 192, 5, 1.38%, 12, 9, 20, 426.67
1587496204, 4, 417, 467, 193, 5, 1.38%, 12, 9, 20, 414.58
1587496214, 4, 430, 471, 196, 10, 1.38%, 12, 9, 20, 258.72
1587496240, 4, 430, 472, 197, 10, 1.38%, 12, 9, 20, 202.91
1587496260, 4, 430, 473, 198, 10, 1.38%, 12, 9, 20, 254.52
1587496281, 4, 430, 474, 199, 10, 1.38%, 12, 9, 20, 253.14
1587496296, 4, 430, 476, 201, 10, 1.38%, 12, 9, 20, 356.92
1587496352, 4, 430, 477, 202, 10, 1.38%, 12, 9, 20, 348.62
1587496358, 4, 430, 478, 203, 10, 1.38%, 12, 9, 20, 394.10
1587496363, 4, 430, 480, 205, 10, 1.38%, 12, 9, 20, 405.93
1587496373, 4, 430, 481, 206, 10, 1.38%, 12, 9, 20, 399.70
1587496378, 4, 430, 482, 207, 10, 1.38%, 12, 9, 20, 331.36
1587496383, 4, 430, 483, 208, 10, 1.39%, 12, 9, 20, 400.78
1587496393, 4, 430, 484, 209, 10, 1.39%, 12, 9, 20, 320.68
1587496398, 4, 430, 486, 211, 10, 1.39%, 12, 9, 20, 394.17
1587496408, 4, 430, 487, 212, 10, 1.39%, 12, 9, 20, 411.47
1587496423, 4, 430, 489, 214, 10, 1.39%, 12, 9, 20, 428.88
1587496434, 4, 446, 489, 213, 15, 1.39%, 12, 9, 20, 298.02
1587496505, 4, 446, 490, 214, 15, 1.39%, 12, 9, 21, 256.04
1587496592, 4, 446, 491, 215, 15, 1.39%, 12, 9, 21, 437.50
1587496602, 4, 446, 492, 216, 15, 1.39%, 12, 9, 21, 440.81
1587496618, 4, 446, 493, 217, 15, 1.39%, 12, 9, 21, 403.38
1587496653, 4, 452, 503, 226, 15, 1.41%, 12, 9, 21, 270.20
1587496669, 4, 452, 504, 227, 15, 1.42%, 12, 9, 21, 186.60
1587496710, 4, 452, 506, 229, 15, 1.42%, 12, 9, 21, 186.14
1587496812, 4, 452, 507, 230, 15, 1.42%, 12, 9, 21, 359.26
1587496863, 4, 452, 508, 231, 15, 1.42%, 12, 9, 21, 416.05
1587496873, 4, 452, 509, 232, 15, 1.42%, 12, 9, 21, 410.99
1587496883, 4, 452, 510, 233, 15, 1.42%, 12, 9, 21, 403.48
1587496888, 4, 453, 510, 232, 21, 1.42%, 12, 9, 21, 422.36
1587496894, 4, 453, 514, 236, 21, 1.42%, 12, 9, 21, 224.35
1587496950, 4, 453, 515, 237, 21, 1.42%, 12, 9, 21, 205.89
1587496955, 4, 453, 517, 239, 21, 1.42%, 12, 9, 21, 161.92
1587497108, 4, 454, 517, 238, 20, 1.42%, 12, 9, 21, 397.79
1587497113, 4, 454, 518, 239, 20, 1.42%, 12, 9, 21, 239.87
1587497287, 4, 459, 518, 238, 19, 1.42%, 12, 9, 21, 440.06
1587497292, 4, 459, 519, 239, 19, 1.42%, 12, 9, 21, 403.98
1587497353, 4, 459, 520, 240, 19, 1.42%, 12, 9, 21, 439.31
1587497419, 4, 462, 520, 239, 19, 1.42%, 12, 9, 21, 522.30
1587497450, 4, 462, 521, 240, 19, 1.42%, 12, 9, 21, 512.47
1587497470, 4, 462, 522, 241, 19, 1.42%, 12, 9, 21, 525.82
1587497491, 4, 462, 523, 242, 19, 1.42%, 12, 9, 21, 563.74
1587497501, 4, 462, 525, 244, 19, 1.42%, 12, 9, 21, 563.63
1587497542, 4, 470, 525, 243, 19, 1.42%, 12, 9, 21, 530.72
1587497562, 4, 470, 526, 244, 19, 1.42%, 12, 9, 21, 540.00
1587497634, 4, 471, 526, 243, 18, 1.42%, 12, 9, 21, 347.90
1587497639, 4, 471, 527, 244, 18, 1.42%, 12, 9, 21, 226.09
1587497644, 4, 471, 528, 245, 18, 1.42%, 12, 9, 21, 216.93
1587497649, 4, 471, 529, 246, 18, 1.42%, 12, 9, 21, 200.54
1587497864, 4, 471, 530, 247, 18, 1.42%, 12, 9, 21, 420.27
1587497869, 4, 471, 531, 248, 18, 1.42%, 12, 9, 21, 415.51
1587497874, 4, 471, 532, 249, 18, 1.42%, 12, 9, 21, 388.55
1587497879, 4, 471, 533, 250, 18, 1.42%, 12, 9, 21, 391.78
1587497930, 4, 471, 534, 251, 18, 1.42%, 12, 9, 21, 440.47
1587497935, 4, 476, 534, 250, 19, 1.42%, 12, 9, 21, 306.77
1587498119, 4, 476, 535, 251, 19, 1.42%, 12, 9, 21, 424.90
1587498135, 4, 476, 536, 252, 19, 1.42%, 12, 9, 21, 431.98
1587498176, 4, 479, 536, 251, 19, 1.42%, 12, 9, 21, 408.71
1587498201, 4, 479, 538, 253, 19, 1.42%, 12, 9, 21, 377.94
1587498272, 4, 479, 539, 254, 19, 1.42%, 12, 9, 21, 456.48
1587498277, 4, 479, 541, 256, 19, 1.42%, 12, 9, 21, 510.79
1587498292, 4, 479, 542, 257, 19, 1.42%, 12, 9, 21, 514.80
1587498297, 4, 479, 543, 258, 19, 1.42%, 12, 9, 21, 520.75
1587498302, 4, 479, 544, 259, 19, 1.42%, 12, 9, 21, 511.11
1587498307, 4, 479, 545, 260, 19, 1.42%, 12, 9, 21, 514.40
1587498318, 4, 479, 547, 262, 19, 1.42%, 12, 9, 21, 513.44
1587498323, 4, 479, 548, 263, 19, 1.42%, 12, 9, 21, 510.52
1587498333, 4, 479, 549, 264, 19, 1.42%, 12, 9, 21, 509.90
1587498338, 4, 483, 549, 263, 18, 1.42%, 12, 9, 21, 311.93
1587498543, 4, 487, 549, 262, 17, 1.42%, 12, 9, 21, 418.25
1587498548, 4, 487, 550, 263, 17, 1.43%, 12, 9, 21, 407.02
1587498568, 4, 487, 551, 264, 17, 1.43%, 12, 9, 21, 388.89
1587498599, 4, 487, 552, 265, 17, 1.43%, 12, 9, 21, 419.97
1587498655, 4, 487, 553, 266, 17, 1.43%, 12, 9, 21, 478.93
1587498660, 4, 487, 555, 268, 17, 1.43%, 12, 9, 21, 498.81
1587498665, 4, 487, 557, 270, 17, 1.43%, 12, 9, 21, 504.01
1587498690, 4, 487, 558, 271, 17, 1.43%, 12, 9, 21, 520.00
1587498695, 4, 487, 559, 272, 17, 1.43%, 12, 9, 21, 524.79
1587498700, 4, 487, 560, 273, 17, 1.43%, 12, 9, 21, 504.25
1587498716, 4, 494, 560, 272, 19, 1.43%, 12, 9, 21, 406.00
1587498721, 4, 494, 562, 274, 19, 1.43%, 12, 9, 22, 231.49
1587498919, 4, 495, 563, 274, 18, 1.43%, 12, 9, 22, 270.07
1587498975, 4, 495, 564, 275, 18, 1.43%, 12, 9, 22, 233.16
1587499107, 4, 495, 565, 276, 18, 1.43%, 12, 9, 22, 412.01
1587499122, 4, 495, 566, 277, 18, 1.43%, 12, 9, 22, 420.39
1587499152, 4, 497, 566, 276, 17, 1.43%, 12, 9, 22, 370.55
1587499157, 4, 497, 567, 277, 17, 1.43%, 12, 9, 22, 221.74
1587499326, 4, 497, 568, 278, 17, 1.43%, 12, 9, 22, 403.53
1587499398, 4, 498, 568, 277, 16, 1.43%, 12, 9, 22, 270.89
1587499596, 4, 498, 569, 278, 16, 1.43%, 12, 9, 22, 395.72
1587499642, 4, 499, 569, 277, 15, 1.43%, 12, 9, 22, 298.20
1587499820, 4, 499, 570, 278, 15, 1.43%, 12, 9, 22, 402.59
1587499880, 4, 500, 570, 277, 14, 1.43%, 12, 9, 22, 421.22
1587500079, 4, 503, 570, 276, 13, 1.43%, 12, 9, 22, 412.03
1587500084, 4, 503, 571, 277, 13, 1.43%, 12, 9, 22, 234.26
1587500278, 4, 519, 571, 276, 12, 1.43%, 12, 9, 22, 381.82
1587500309, 4, 519, 572, 277, 12, 1.43%, 12, 9, 22, 281.85
1587500462, 4, 520, 572, 276, 11, 1.43%, 12, 9, 22, 461.45
1587500467, 4, 520, 576, 280, 11, 1.43%, 12, 9, 22, 422.39
1587500477, 4, 520, 577, 281, 11, 1.43%, 12, 9, 22, 414.72
1587500574, 4, 521, 577, 280, 11, 1.43%, 12, 9, 22, 473.22
1587500641, 4, 521, 578, 281, 11, 1.43%, 12, 9, 22, 547.58
1587500692, 4, 530, 578, 280, 11, 1.43%, 12, 9, 22, 538.55
1587500722, 4, 530, 579, 281, 11, 1.43%, 12, 9, 22, 341.84
1587500854, 4, 531, 580, 281, 10, 1.43%, 12, 9, 22, 425.75
1587500859, 4, 531, 581, 282, 10, 1.43%, 12, 9, 22, 410.57
1587500869, 4, 531, 582, 283, 10, 1.43%, 12, 9, 22, 398.37
1587500981, 4, 531, 583, 284, 10, 1.43%, 12, 9, 22, 400.98
1587501001, 4, 531, 584, 285, 10, 1.43%, 12, 9, 22, 480.52
1587501017, 4, 531, 586, 287, 10, 1.43%, 12, 9, 22, 491.70
1587501022, 4, 531, 587, 288, 10, 1.43%, 12, 9, 22, 496.51
1587501042, 4, 531, 589, 290, 10, 1.43%, 12, 9, 22, 488.29
1587501052, 4, 531, 590, 291, 10, 1.43%, 12, 9, 22, 481.44
1587501057, 4, 533, 590, 290, 11, 1.43%, 12, 9, 22, 361.14
1587501243, 4, 533, 591, 291, 11, 1.43%, 12, 9, 22, 408.58
1587501314, 4, 535, 592, 291, 10, 1.43%, 12, 9, 22, 418.80
1587501456, 4, 545, 592, 290, 9, 1.43%, 12, 9, 22, 431.77
1587501608, 4, 549, 592, 289, 8, 1.43%, 12, 9, 22, 476.22
1587501613, 4, 549, 593, 290, 8, 1.43%, 12, 9, 22, 398.42
1587501618, 4, 549, 594, 291, 8, 1.43%, 12, 9, 22, 391.50
1587501765, 4, 551, 595, 291, 8, 1.43%, 12, 9, 22, 416.91
1587501888, 4, 551, 596, 292, 8, 1.43%, 12, 9, 22, 492.21
1587501914, 4, 551, 598, 294, 8, 1.43%, 12, 9, 22, 493.65
1587501939, 4, 551, 599, 295, 8, 1.43%, 12, 9, 22, 525.01
1587501944, 4, 556, 599, 294, 8, 1.43%, 12, 9, 22, 437.20
1587502087, 4, 558, 599, 293, 7, 1.43%, 12, 9, 22, 416.01
1587502224, 4, 574, 599, 292, 6, 1.43%, 12, 9, 22, 473.27
1587502336, 4, 577, 599, 291, 5, 1.43%, 12, 9, 22, 513.38
1587502346, 4, 577, 600, 292, 5, 1.43%, 12, 9, 23, 498.45
1587502422, 4, 577, 601, 293, 5, 1.44%, 12, 9, 23, 543.03
1587502432, 4, 577, 602, 294, 5, 1.44%, 12, 9, 23, 520.84
1587502462, 4, 577, 603, 295, 5, 1.44%, 12, 9, 23, 503.68
1587502473, 4, 581, 603, 294, 6, 1.44%, 12, 9, 23, 512.73
1587502621, 4, 581, 604, 295, 6, 1.44%, 12, 9, 23, 470.53
1587502646, 4, 581, 605, 296, 6, 1.44%, 12, 9, 23, 493.91
1587502666, 4, 589, 605, 295, 5, 1.44%, 12, 9, 23, 466.20
1587502798, 4, 589, 606, 296, 5, 1.44%, 12, 9, 23, 489.64
1587502849, 4, 592, 606, 295, 4, 1.44%, 12, 9, 23, 426.78
1587503012, 4, 594, 606, 294, 3, 1.44%, 12, 9, 23, 470.10
1587503069, 4, 594, 607, 295, 3, 1.44%, 12, 9, 23, 405.51
1587503155, 4, 599, 607, 294, 3, 1.44%, 12, 9, 23, 515.29
1587503232, 4, 599, 608, 295, 3, 1.44%, 12, 9, 24, 546.81
1587503288, 4, 600, 608, 294, 3, 1.44%, 12, 9, 24, 538.27
1587503293, 4, 600, 612, 298, 3, 1.44%, 12, 9, 24, 510.09
1587503354, 4, 600, 613, 299, 3, 1.44%, 12, 9, 24, 490.46
1587503400, 4, 600, 615, 301, 3, 1.44%, 12, 9, 24, 522.08
1587503405, 4, 600, 616, 302, 3, 1.44%, 12, 9, 24, 531.27
1587503435, 4, 600, 617, 303, 3, 1.44%, 12, 9, 24, 530.14
1587503440, 4, 600, 618, 304, 3, 1.44%, 12, 9, 24, 533.61
1587503445, 4, 600, 619, 305, 3, 1.44%, 12, 9, 24, 533.78
1587503461, 4, 606, 619, 304, 6, 1.44%, 12, 9, 24, 449.61
1587503609, 4, 607, 628, 312, 5, 1.44%, 12, 9, 25, 449.95
1587503614, 4, 607, 629, 313, 5, 1.44%, 12, 9, 25, 369.95
1587503619, 4, 607, 635, 319, 5, 1.44%, 12, 9, 25, 370.92
1587503634, 4, 607, 636, 320, 5, 1.44%, 12, 9, 25, 386.28
1587503639, 4, 607, 637, 321, 5, 1.44%, 12, 9, 25, 402.00
1587503644, 4, 607, 638, 322, 5, 1.44%, 12, 9, 25, 383.22
1587503746, 4, 607, 640, 324, 5, 1.44%, 12, 9, 25, 388.73
1587503757, 4, 607, 641, 325, 5, 1.44%, 12, 9, 25, 388.48
1587503762, 4, 607, 642, 326, 5, 1.44%, 12, 9, 25, 388.83
1587503813, 4, 607, 643, 327, 5, 1.44%, 12, 9, 25, 404.31
1587503818, 4, 607, 644, 328, 5, 1.44%, 12, 9, 25, 497.42
1587503823, 4, 607, 647, 331, 5, 1.44%, 12, 9, 25, 496.08
1587503828, 4, 607, 649, 333, 5, 1.44%, 12, 9, 25, 508.94
1587503833, 4, 607, 650, 334, 5, 1.44%, 12, 9, 25, 516.03
1587503838, 4, 607, 651, 335, 5, 1.44%, 12, 9, 25, 508.29
1587503843, 4, 607, 652, 336, 5, 1.44%, 12, 9, 25, 517.10
1587503848, 4, 607, 654, 338, 5, 1.44%, 12, 9, 25, 510.49
1587503863, 4, 607, 656, 340, 5, 1.44%, 12, 9, 25, 506.36
1587503868, 4, 607, 657, 341, 5, 1.44%, 12, 9, 25, 506.12
1587503873, 4, 607, 658, 342, 5, 1.44%, 12, 9, 25, 486.90
1587503879, 4, 610, 660, 343, 12, 1.44%, 12, 9, 25, 440.63
1587503945, 4, 610, 661, 344, 12, 1.44%, 12, 9, 25, 493.51
1587504162, 4, 610, 662, 345, 12, 1.44%, 12, 9, 25, 580.09
1587504182, 4, 610, 663, 346, 12, 1.44%, 12, 9, 25, 562.64
1587504187, 4, 610, 664, 347, 12, 1.44%, 12, 9, 25, 591.30
1587504203, 4, 611, 665, 347, 13, 1.44%, 12, 9, 25, 562.97
1587504419, 4, 611, 667, 349, 13, 1.44%, 12, 9, 25, 540.42
1587504425, 4, 611, 668, 350, 13, 1.44%, 12, 9, 25, 547.26
1587504440, 4, 611, 669, 351, 13, 1.44%, 12, 9, 25, 544.07
1587504475, 4, 615, 671, 352, 12, 1.44%, 12, 9, 25, 471.22
1587504490, 4, 615, 672, 353, 12, 1.44%, 12, 9, 25, 492.13
1587504566, 4, 615, 673, 354, 12, 1.44%, 12, 9, 25, 481.30
1587504617, 4, 615, 674, 355, 12, 1.44%, 12, 9, 25, 492.54
1587504633, 4, 615, 676, 357, 12, 1.44%, 12, 9, 25, 530.46
1587504653, 4, 615, 677, 358, 12, 1.44%, 12, 9, 25, 538.70
1587504668, 4, 615, 678, 359, 12, 1.45%, 12, 9, 25, 527.76
1587504678, 4, 623, 679, 359, 13, 1.45%, 12, 9, 25, 524.79
1587504683, 4, 623, 681, 361, 13, 1.45%, 12, 9, 26, 402.41
1587504892, 4, 623, 682, 362, 13, 1.45%, 12, 9, 26, 510.45
1587504923, 4, 623, 683, 363, 13, 1.45%, 12, 9, 26, 530.75
1587504928, 4, 623, 684, 364, 13, 1.45%, 12, 9, 26, 530.93
1587504938, 4, 623, 685, 365, 13, 1.45%, 12, 9, 26, 538.50
1587504948, 4, 626, 686, 365, 13, 1.45%, 12, 9, 26, 433.76
1587505160, 4, 626, 687, 366, 13, 1.45%, 12, 9, 26, 495.94
1587505206, 4, 626, 688, 367, 13, 1.45%, 12, 9, 26, 527.40
1587505216, 4, 628, 688, 366, 13, 1.45%, 12, 9, 26, 487.49
1587505424, 4, 628, 689, 367, 13, 1.45%, 12, 9, 26, 516.87
1587505450, 4, 628, 690, 368, 13, 1.45%, 12, 9, 26, 516.85
1587505455, 4, 628, 691, 369, 13, 1.45%, 12, 9, 26, 520.76
1587505480, 4, 632, 691, 368, 12, 1.45%, 12, 9, 26, 454.57
1587505490, 4, 632, 692, 369, 12, 1.45%, 12, 9, 26, 378.10
1587505742, 4, 632, 693, 370, 12, 1.45%, 12, 9, 26, 452.33
1587505803, 4, 633, 695, 371, 13, 1.45%, 12, 9, 26, 474.31
1587505813, 4, 633, 696, 372, 13, 1.45%, 12, 9, 26, 378.47
1587506021, 4, 633, 697, 373, 13, 1.45%, 12, 9, 26, 523.11
1587506037, 4, 633, 698, 374, 13, 1.45%, 12, 9, 26, 513.20
1587506057, 4, 633, 699, 375, 13, 1.45%, 12, 9, 26, 523.20
1587506067, 4, 638, 699, 374, 12, 1.45%, 12, 9, 26, 511.50
1587506293, 4, 647, 700, 374, 11, 1.45%, 12, 9, 26, 408.89
1587506298, 4, 647, 701, 375, 11, 1.45%, 12, 9, 26, 376.63
1587506313, 4, 647, 702, 376, 11, 1.45%, 12, 9, 26, 360.81
1587506318, 4, 647, 703, 377, 11, 1.45%, 12, 9, 26, 404.46
1587506507, 4, 647, 704, 378, 11, 1.45%, 12, 9, 26, 520.14
1587506527, 4, 647, 705, 379, 11, 1.45%, 12, 9, 26, 513.62
1587506552, 4, 653, 706, 379, 11, 1.45%, 12, 9, 26, 468.56
1587506770, 4, 653, 707, 380, 11, 1.45%, 12, 9, 26, 502.63
1587506821, 4, 661, 707, 379, 10, 1.45%, 12, 9, 26, 496.33
1587506933, 4, 661, 708, 380, 10, 1.45%, 12, 9, 26, 481.82
1587506974, 4, 661, 709, 381, 10, 1.45%, 12, 9, 26, 514.30
1587506989, 4, 661, 710, 382, 10, 1.45%, 12, 9, 26, 544.57
1587507034, 4, 664, 710, 381, 9, 1.45%, 12, 9, 26, 522.86
1587507039, 4, 664, 711, 382, 9, 1.45%, 12, 9, 26, 490.72
1587507044, 4, 664, 713, 384, 9, 1.45%, 12, 9, 26, 479.60
1587507141, 4, 664, 715, 386, 9, 1.45%, 12, 9, 26, 486.30
1587507177, 4, 664, 716, 387, 9, 1.45%, 12, 9, 26, 500.35
1587507212, 4, 675, 716, 386, 8, 1.45%, 12, 9, 26, 483.26
1587507227, 4, 675, 718, 388, 8, 1.45%, 12, 9, 26, 491.74
1587507374, 4, 675, 719, 389, 8, 1.45%, 12, 9, 26, 519.52
1587507400, 4, 675, 721, 391, 8, 1.45%, 12, 9, 26, 531.76
1587507420, 4, 677, 722, 391, 7, 1.45%, 12, 9, 26, 481.20
1587507614, 4, 677, 723, 392, 7, 1.45%, 12, 9, 26, 515.15
1587507680, 4, 678, 723, 391, 6, 1.45%, 12, 9, 26, 458.33
1587507863, 4, 682, 724, 391, 5, 1.45%, 12, 9, 27, 389.37
1587508103, 4, 685, 724, 390, 4, 1.45%, 12, 9, 27, 468.16
1587508109, 4, 685, 725, 391, 4, 1.45%, 12, 9, 27, 379.35
1587508318, 4, 685, 726, 392, 4, 1.45%, 12, 9, 27, 489.61
1587508374, 4, 692, 726, 391, 3, 1.45%, 12, 9, 27, 512.68
1587508379, 4, 692, 727, 392, 3, 1.45%, 12, 9, 27, 401.67
1587508405, 4, 692, 728, 393, 3, 1.45%, 12, 9, 27, 414.01
1587508623, 4, 692, 729, 394, 3, 1.45%, 12, 9, 27, 519.32
1587508668, 4, 693, 729, 393, 2, 1.45%, 12, 9, 27, 530.80
1587508678, 4, 693, 730, 394, 2, 1.45%, 12, 9, 27, 479.05
1587508770, 4, 699, 730, 393, 1, 1.45%, 12, 9, 27, 541.33
1587508957, 4, 701, 730, 392, 0, 1.45%, 12, 9, 27, 421.76
1587509211, 4, 708, 730, 391, 0, 1.45%, 12, 9, 27, 488.56
1587509216, 4, 708, 732, 393, 0, 1.45%, 12, 9, 27, 486.12
1587509404, 4, 708, 733, 394, 0, 1.45%, 12, 9, 27, 501.33
1587509450, 4, 709, 734, 394, 0, 1.45%, 12, 9, 27, 485.62
1587509644, 4, 710, 735, 394, 0, 1.45%, 12, 9, 27, 489.47
1587509649, 4, 710, 736, 395, 0, 1.45%, 12, 9, 27, 491.09
1587509771, 4, 710, 737, 396, 0, 1.45%, 12, 9, 27, 499.95
1587509782, 4, 710, 738, 397, 0, 1.45%, 12, 9, 27, 520.23
1587509797, 4, 710, 739, 398, 0, 1.45%, 12, 9, 27, 508.92
1587509817, 4, 735, 739, 397, 2, 1.45%, 12, 9, 27, 488.00
1587509945, 4, 735, 740, 398, 2, 1.45%, 12, 9, 28, 516.32
1587509955, 4, 735, 741, 399, 2, 1.45%, 12, 9, 28, 503.38
1587509960, 4, 735, 742, 400, 2, 1.45%, 12, 9, 28, 139.44
1587509990, 4, 739, 742, 399, 2, 1.45%, 12, 9, 28, 461.79
1587509996, 4, 739, 750, 407, 2, 1.45%, 12, 9, 29, 352.71
1587510001, 4, 739, 751, 408, 2, 1.45%, 12, 9, 29, 322.97
1587510032, 4, 739, 752, 409, 2, 1.45%, 12, 9, 29, 321.66
1587510103, 4, 739, 753, 410, 2, 1.45%, 12, 9, 29, 318.22
1587510164, 4, 739, 757, 414, 2, 1.45%, 12, 9, 29, 312.55
1587510246, 4, 739, 759, 416, 2, 1.45%, 12, 9, 29, 320.39
1587510281, 4, 739, 761, 418, 2, 1.45%, 12, 9, 29, 326.38
1587510337, 4, 739, 763, 420, 2, 1.45%, 12, 9, 29, 359.35
1587510342, 4, 739, 765, 422, 2, 1.45%, 12, 9, 29, 378.47
1587510347, 4, 739, 766, 423, 2, 1.45%, 12, 9, 29, 382.85
1587510353, 4, 739, 768, 425, 2, 1.45%, 12, 9, 29, 385.66
1587510358, 4, 739, 769, 426, 2, 1.45%, 12, 9, 29, 392.74
1587510373, 4, 739, 770, 427, 2, 1.45%, 12, 9, 29, 367.88
1587510383, 4, 739, 771, 428, 2, 1.45%, 12, 9, 29, 386.14
1587510408, 4, 739, 772, 429, 2, 1.45%, 12, 9, 29, 378.13
1587510419, 4, 751, 772, 428, 4, 1.45%, 12, 9, 29, 372.08
1587510504, 4, 751, 772, 428, 4, 1.45%, 13, 9, 29, 391.44
1587510666, 4, 753, 773, 428, 3, 1.45%, 13, 9, 30, 399.40
1587510896, 4, 753, 774, 429, 3, 1.45%, 13, 9, 30, 404.67
1587510901, 4, 753, 775, 430, 3, 1.45%, 13, 9, 30, 420.40
1587510931, 4, 753, 776, 431, 3, 1.45%, 13, 9, 30, 424.72
1587510946, 4, 753, 777, 432, 3, 1.45%, 13, 9, 30, 438.33
1587510972, 4, 771, 777, 431, 2, 1.45%, 13, 9, 30, 355.39
1587511216, 4, 771, 778, 432, 2, 1.45%, 13, 9, 30, 315.12
1587511231, 4, 771, 779, 433, 2, 1.45%, 13, 9, 30, 321.36
1587511333, 4, 771, 780, 434, 2, 1.45%, 13, 9, 30, 389.18
1587511395, 4, 771, 781, 435, 2, 1.45%, 13, 9, 30, 396.87
1587511400, 5, 204, 781, 434, 1, 1.45%, 13, 9, 30, 402.43
1587511446, 5, 219, 781, 433, 1, 1.45%, 13, 9, 30, 559.59
1587511451, 5, 276, 781, 433, 1, 1.45%, 13, 9, 30, 548.71
1587511456, 5, 322, 781, 433, 1, 1.45%, 13, 9, 30, 579.91
1587511496, 5, 353, 781, 432, 1, 1.45%, 13, 9, 30, 102.57
1587511624, 5, 435, 781, 431, 1, 1.45%, 13, 9, 30, 254.26
1587511904, 5, 663, 781, 430, 1, 1.45%, 13, 9, 30, 434.72
1587512052, 5, 664, 781, 429, 0, 1.45%, 13, 9, 30, 529.81
1587512057, 5, 665, 781, 429, 0, 1.45%, 13, 9, 30, 496.68
1587512194, 5, 666, 781, 428, 0, 1.45%, 13, 9, 30, 506.69
1587512361, 5, 674, 781, 427, 0, 1.45%, 13, 9, 30, 487.34
1587512407, 5, 674, 782, 428, 0, 1.45%, 13, 9, 30, 315.41
1587512646, 5, 675, 782, 427, 0, 1.45%, 13, 9, 30, 472.66
1587512651, 5, 677, 782, 427, 0, 1.45%, 13, 9, 30, 505.94
1587512656, 5, 681, 783, 428, 0, 1.45%, 13, 9, 30, 470.48
1587512900, 5, 685, 783, 427, 0, 1.45%, 13, 9, 30, 488.26
1587512905, 5, 693, 783, 427, 0, 1.45%, 13, 9, 30, 505.66
1587512910, 5, 695, 783, 427, 0, 1.45%, 13, 9, 30, 466.20
1587512915, 5, 695, 784, 428, 0, 1.45%, 13, 9, 30, 357.98
1587512920, 5, 695, 785, 429, 0, 1.45%, 13, 9, 30, 366.74
1587513140, 5, 695, 786, 430, 0, 1.45%, 13, 9, 30, 315.34
1587513236, 5, 720, 786, 429, 1, 1.45%, 13, 9, 30, 500.23
1587513246, 5, 720, 787, 430, 1, 1.45%, 13, 9, 30, 479.42
1587513487, 5, 784, 787, 429, 1, 1.45%, 13, 9, 30, 18.73
1587513757, 6, 13, 787, 428, 0, 1.45%, 13, 9, 30, 548.08
1587513762, 6, 23, 787, 427, 0, 1.45%, 13, 9, 30, 599.60
1587513772, 6, 42, 787, 426, 0, 1.45%, 13, 9, 30, 597.12
1587513777, 6, 49, 787, 426, 0, 1.45%, 13, 9, 30, 583.25
1587513808, 6, 50, 787, 425, 0, 1.45%, 13, 9, 30, 581.47
1587513813, 6, 53, 787, 425, 0, 1.45%, 13, 9, 30, 274.21
1587513920, 6, 67, 787, 424, 0, 1.45%, 13, 9, 30, 462.90
1587513971, 6, 69, 787, 423, 0, 1.45%, 13, 9, 30, 520.55
1587513976, 6, 73, 787, 423, 0, 1.45%, 13, 9, 30, 538.22
1587514022, 6, 81, 787, 422, 0, 1.45%, 13, 9, 30, 312.74
1587514113, 6, 96, 787, 421, 0, 1.45%, 13, 9, 30, 530.03
1587514149, 6, 100, 787, 420, 0, 1.45%, 13, 9, 30, 576.74
1587514190, 6, 106, 787, 419, 0, 1.45%, 13, 9, 30, 519.11
1587514236, 6, 117, 787, 418, 0, 1.45%, 13, 9, 30, 512.56
1587514241, 6, 121, 787, 418, 0, 1.45%, 13, 9, 30, 480.41
1587514287, 6, 124, 787, 417, 0, 1.45%, 13, 9, 30, 487.79
1587514292, 6, 131, 787, 417, 0, 1.45%, 13, 9, 30, 89.29
1587514461, 6, 142, 787, 416, 0, 1.45%, 13, 9, 30, 177.23
1587514466, 6, 158, 787, 416, 0, 1.45%, 13, 9, 30, 234.46
1587514472, 6, 180, 787, 416, 0, 1.45%, 13, 9, 30, 7.73
1587514477, 6, 189, 787, 416, 0, 1.45%, 13, 9, 30, 358.59
1587514523, 6, 196, 787, 415, 0, 1.45%, 13, 9, 30, 517.97
1587514564, 6, 197, 787, 414, 0, 1.45%, 13, 9, 30, 535.51
1587514605, 6, 209, 787, 413, 0, 1.45%, 13, 9, 30, 494.22
1587514661, 6, 210, 787, 412, 0, 1.45%, 13, 9, 30, 454.55
1587514722, 6, 218, 787, 411, 0, 1.45%, 13, 9, 30, 522.02
1587514727, 6, 225, 787, 411, 0, 1.45%, 13, 9, 30, 483.37
1587514783, 6, 229, 787, 410, 0, 1.45%, 13, 9, 30, 359.20
1587514839, 6, 246, 787, 409, 0, 1.45%, 13, 9, 30, 541.72
1587514884, 6, 255, 787, 408, 0, 1.45%, 13, 9, 30, 515.50
1587514889, 6, 270, 787, 408, 0, 1.45%, 13, 9, 30, 92.18
1587514951, 6, 270, 789, 410, 0, 1.45%, 13, 9, 30, 480.32
1587515022, 6, 273, 789, 409, 0, 1.45%, 13, 9, 30, 432.12
1587515027, 6, 282, 789, 409, 0, 1.45%, 13, 9, 30, 521.09
1587515032, 6, 304, 789, 409, 0, 1.45%, 13, 9, 30, 520.40
1587515038, 6, 311, 789, 409, 0, 1.45%, 13, 9, 30, 538.36
1587515043, 6, 313, 789, 409, 0, 1.45%, 13, 9, 30, 548.76
1587515083, 6, 315, 789, 408, 0, 1.45%, 13, 9, 30, 576.94
1587515089, 6, 318, 789, 408, 0, 1.45%, 13, 9, 30, 578.26
1587515129, 6, 319, 789, 407, 0, 1.45%, 13, 9, 30, 557.41
1587515134, 6, 320, 789, 407, 0, 1.45%, 13, 9, 30, 570.91
1587515174, 6, 321, 789, 406, 0, 1.45%, 13, 9, 30, 573.06
1587515180, 6, 324, 789, 406, 0, 1.45%, 13, 9, 30, 570.07
1587515220, 6, 328, 789, 405, 0, 1.45%, 13, 9, 30, 512.35
1587515276, 6, 329, 789, 404, 0, 1.45%, 13, 9, 30, 85.63
1587515364, 6, 329, 790, 405, 0, 1.45%, 13, 9, 30, 74.70
1587515430, 6, 348, 790, 404, 0, 1.45%, 13, 9, 30, 374.60
1587515496, 6, 359, 790, 403, 0, 1.45%, 13, 9, 30, 402.06
1587515567, 6, 364, 790, 402, 0, 1.45%, 13, 9, 30, 548.43
1587515572, 6, 375, 790, 402, 0, 1.45%, 13, 9, 30, 543.93
1587515577, 6, 376, 790, 402, 0, 1.45%, 13, 9, 30, 558.65
1587515582, 6, 378, 790, 402, 0, 1.45%, 13, 9, 30, 511.11
1587515628, 6, 380, 790, 401, 0, 1.45%, 13, 9, 30, 504.44
1587515709, 6, 386, 790, 400, 0, 1.45%, 13, 9, 30, 478.98
1587515714, 6, 391, 790, 400, 0, 1.45%, 13, 9, 30, 340.99
1587515806, 6, 392, 790, 399, 0, 1.45%, 13, 9, 30, 84.61
1587515949, 6, 393, 790, 398, 0, 1.45%, 13, 9, 30, 188.28
1587516077, 6, 394, 790, 397, 0, 1.45%, 13, 9, 30, 396.37
1587516128, 6, 399, 791, 397, 0, 1.45%, 13, 9, 30, 300.28
1587516245, 6, 401, 791, 396, 0, 1.45%, 13, 9, 30, 350.22
1587516250, 6, 407, 791, 396, 0, 1.45%, 13, 9, 30, 71.76
1587516408, 6, 414, 791, 395, 0, 1.45%, 13, 9, 30, 408.08
1587516413, 6, 424, 791, 395, 0, 1.45%, 13, 9, 30, 251.52
1587516602, 6, 428, 791, 394, 0, 1.45%, 13, 9, 30, 311.25
1587516755, 6, 433, 791, 393, 0, 1.45%, 13, 9, 30, 264.45
1587516990, 6, 434, 791, 392, 0, 1.45%, 13, 9, 30, 355.00
1587517122, 6, 440, 791, 391, 0, 1.45%, 13, 9, 30, 52.24
1587517959, 6, 441, 791, 390, 0, 1.45%, 13, 9, 30, 168.07
1587518229, 6, 443, 791, 389, 0, 1.45%, 13, 9, 30, 227.49
1587518423, 6, 447, 791, 388, 0, 1.45%, 13, 9, 30, 400.69
1587518524, 6, 451, 791, 387, 0, 1.45%, 13, 9, 30, 364.14
1587518652, 6, 454, 791, 386, 0, 1.45%, 13, 9, 30, 438.95
1587518657, 6, 455, 791, 386, 0, 1.45%, 13, 9, 30, 391.24
1587518804, 6, 458, 791, 385, 0, 1.45%, 13, 9, 30, 450.06
1587519009, 6, 460, 791, 384, 0, 1.45%, 13, 9, 30, 420.88
1587519162, 6, 474, 791, 383, 0, 1.45%, 13, 9, 30, 483.42
1587519416, 6, 489, 791, 382, 0, 1.45%, 13, 9, 30, 399.73
1587519621, 6, 489, 792, 383, 0, 1.45%, 13, 9, 30, 380.73
1587519677, 6, 492, 792, 382, 0, 1.45%, 13, 9, 30, 52.91
1587521111, 6, 493, 792, 381, 0, 1.45%, 13, 9, 30, 160.63
1587521347, 6, 493, 793, 382, 0, 1.45%, 13, 9, 30, 316.51
1587521413, 6, 502, 793, 381, 0, 1.45%, 13, 9, 30, 330.31
1587521698, 6, 507, 793, 380, 0, 1.45%, 13, 9, 30, 341.45
1587521825, 6, 509, 793, 379, 0, 1.45%, 13, 9, 30, 355.91
1587521886, 6, 509, 793, 379, 0, 1.45%, 14, 9, 30, 339.79
1587522003, 6, 510, 793, 378, 0, 1.45%, 14, 9, 30, 415.71
1587522217, 6, 510, 794, 379, 0, 1.45%, 14, 9, 30, 385.67
1587522258, 6, 514, 794, 378, 0, 1.45%, 14, 9, 30, 75.49
1587522702, 6, 528, 794, 377, 0, 1.45%, 14, 9, 30, 214.49
1587522865, 6, 528, 795, 378, 0, 1.45%, 14, 9, 30, 413.16
1587522921, 6, 529, 795, 377, 0, 1.45%, 14, 9, 30, 393.31
1587523023, 6, 529, 796, 378, 0, 1.45%, 14, 9, 30, 238.22
1587523171, 6, 533, 796, 377, 0, 1.45%, 14, 9, 30, 434.21
1587523176, 6, 543, 796, 377, 0, 1.45%, 14, 9, 30, 417.84
1587523334, 6, 546, 796, 376, 0, 1.45%, 14, 9, 30, 444.70
1587523497, 6, 552, 796, 375, 0, 1.45%, 14, 9, 30, 456.78
1587523659, 6, 553, 796, 374, 0, 1.45%, 14, 9, 30, 111.32
1587524018, 6, 559, 796, 373, 0, 1.45%, 14, 9, 30, 410.44
1587524338, 6, 563, 796, 372, 0, 1.45%, 14, 9, 30, 353.06
1587524563, 6, 567, 796, 371, 0, 1.45%, 14, 9, 30, 184.57
1587524676, 6, 567, 797, 372, 0, 1.45%, 14, 9, 30, 112.27
1587524927, 6, 574, 797, 371, 0, 1.45%, 14, 9, 30, 352.99
1587524932, 6, 583, 797, 371, 0, 1.45%, 14, 9, 30, 426.09
1587525094, 6, 586, 797, 370, 0, 1.45%, 14, 9, 30, 508.23
1587525246, 6, 596, 797, 369, 0, 1.45%, 14, 9, 30, 464.73
1587525653, 6, 597, 797, 368, 0, 1.45%, 14, 9, 30, 411.18
1587525806, 6, 597, 798, 369, 0, 1.45%, 14, 9, 30, 502.43
1587525851, 6, 599, 798, 368, 0, 1.45%, 14, 9, 30, 502.38
1587525856, 6, 602, 798, 368, 0, 1.45%, 14, 9, 30, 48.04
1587525887, 6, 606, 798, 367, 0, 1.45%, 14, 9, 30, 523.00
1587525892, 6, 611, 798, 367, 0, 1.45%, 14, 9, 30, 450.96
1587525897, 6, 613, 798, 367, 0, 1.45%, 14, 9, 30, 445.61
1587526044, 6, 618, 798, 366, 0, 1.45%, 14, 9, 30, 498.36
1587526186, 6, 624, 798, 365, 0, 1.45%, 14, 9, 30, 546.55
1587526445, 6, 629, 798, 364, 0, 1.45%, 14, 9, 30, 437.71
1587526663, 6, 629, 799, 365, 0, 1.45%, 14, 9, 30, 528.00
1587526704, 6, 631, 799, 364, 0, 1.45%, 14, 9, 30, 481.03
1587526918, 6, 631, 800, 365, 0, 1.45%, 14, 9, 30, 510.02
1587526974, 6, 644, 800, 364, 0, 1.45%, 14, 9, 30, 528.92
1587527197, 6, 646, 800, 363, 0, 1.45%, 14, 9, 30, 496.01
1587527416, 6, 649, 800, 362, 0, 1.45%, 14, 9, 30, 380.46
1587527671, 6, 653, 800, 361, 0, 1.45%, 14, 9, 30, 491.43
1587527676, 6, 654, 800, 361, 0, 1.45%, 14, 9, 30, 368.35
1587527986, 6, 656, 800, 360, 0, 1.45%, 14, 9, 30, 359.28
1587528280, 6, 663, 800, 359, 0, 1.45%, 14, 9, 30, 478.23
1587528285, 6, 669, 800, 359, 0, 1.45%, 14, 9, 30, 467.34
1587528484, 6, 673, 800, 358, 0, 1.45%, 14, 9, 30, 130.28
1587528683, 6, 673, 801, 359, 0, 1.45%, 14, 9, 30, 490.64
1587528736, 6, 678, 801, 358, 0, 1.45%, 14, 9, 30, 485.37
1587528741, 6, 680, 801, 358, 0, 1.45%, 14, 9, 30, 418.86
1587528995, 6, 683, 801, 357, 0, 1.45%, 14, 9, 30, 446.46
1587529305, 6, 685, 801, 356, 0, 1.45%, 14, 9, 30, 435.44
1587529310, 6, 692, 801, 356, 0, 1.45%, 14, 9, 30, 463.40
1587529315, 6, 699, 801, 356, 0, 1.45%, 14, 9, 30, 492.69
1587529320, 6, 702, 801, 356, 0, 1.45%, 14, 9, 30, 435.74
1587529554, 6, 704, 801, 355, 0, 1.45%, 14, 9, 30, 488.02
1587529742, 6, 705, 801, 354, 0, 1.45%, 14, 9, 30, 455.02
1587529992, 6, 711, 801, 353, 0, 1.45%, 14, 9, 30, 498.45
1587530129, 6, 713, 801, 352, 0, 1.45%, 14, 9, 30, 506.11
1587530271, 6, 720, 801, 351, 0, 1.45%, 14, 9, 30, 529.36
1587530276, 6, 721, 801, 351, 0, 1.45%, 14, 9, 30, 500.76
1587530475, 6, 722, 801, 350, 0, 1.45%, 14, 9, 30, 510.85
1587530668, 6, 728, 801, 349, 0, 1.45%, 14, 9, 30, 518.11
1587530673, 6, 728, 804, 352, 0, 1.45%, 14, 9, 30, 375.99
1587530943, 6, 728, 805, 353, 0, 1.45%, 14, 9, 30, 339.94
1587530984, 6, 754, 805, 352, 1, 1.45%, 14, 9, 30, 402.89
1587531255, 6, 801, 805, 351, 1, 1.45%, 14, 9, 30, 403.87
1587531546, 6, 802, 805, 350, 0, 1.45%, 14, 9, 30, 431.08
1587531865, 6, 803, 808, 352, 0, 1.45%, 14, 9, 30, 463.61
1587531870, 6, 803, 809, 353, 0, 1.45%, 14, 9, 30, 407.55
1587531875, 6, 803, 810, 354, 0, 1.45%, 14, 9, 30, 398.99
1587532121, 6, 803, 811, 355, 0, 1.45%, 14, 9, 30, 520.03
1587532126, 6, 803, 812, 356, 0, 1.45%, 14, 9, 30, 510.73
1587532172, 6, 806, 812, 355, 0, 1.45%, 14, 9, 30, 415.09
1587532345, 6, 806, 813, 356, 0, 1.45%, 14, 9, 30, 399.83
1587532447, 7, 28, 813, 355, 0, 1.45%, 14, 9, 30, 467.47
1587532452, 7, 45, 813, 355, 0, 1.45%, 14, 9, 30, 500.50
1587532457, 7, 69, 813, 355, 0, 1.45%, 14, 9, 30, 522.88
1587532462, 7, 74, 813, 355, 0, 1.45%, 14, 9, 30, 386.14
1587532518, 7, 75, 813, 354, 0, 1.45%, 14, 9, 30, 524.64
1587532523, 7, 86, 813, 354, 0, 1.45%, 14, 9, 30, 583.44
1587532563, 7, 93, 813, 353, 0, 1.45%, 14, 9, 30, 543.07
1587532604, 7, 113, 813, 352, 0, 1.45%, 14, 9, 30, 530.08
1587532609, 7, 123, 813, 352, 0, 1.45%, 14, 9, 30, 508.19
1587532614, 7, 145, 813, 352, 0, 1.45%, 14, 9, 30, 531.00
1587532619, 7, 192, 813, 352, 0, 1.45%, 14, 9, 30, 537.28
1587532665, 7, 194, 813, 351, 0, 1.45%, 14, 9, 30, 514.34
1587532706, 7, 214, 813, 350, 0, 1.45%, 14, 9, 30, 560.01
1587532852, 7, 221, 813, 349, 0, 1.45%, 14, 9, 30, 460.23
1587532908, 7, 247, 813, 348, 0, 1.45%, 14, 9, 30, 558.56
1587532948, 7, 255, 813, 347, 0, 1.45%, 14, 9, 30, 566.72
1587532953, 7, 260, 813, 347, 0, 1.45%, 14, 9, 30, 510.59
1587533004, 7, 267, 813, 346, 0, 1.45%, 14, 9, 30, 544.21
1587533060, 7, 271, 813, 345, 0, 1.45%, 14, 9, 30, 472.21
1587533065, 7, 279, 813, 345, 0, 1.45%, 14, 9, 30, 442.65
1587533071, 7, 286, 813, 345, 0, 1.45%, 14, 9, 30, 429.05
1587533116, 7, 291, 813, 344, 0, 1.45%, 14, 9, 30, 524.02
1587533167, 7, 304, 813, 343, 0, 1.45%, 14, 9, 30, 566.52
1587533172, 7, 311, 813, 343, 0, 1.45%, 14, 9, 30, 576.34
1587533177, 7, 318, 813, 343, 0, 1.45%, 14, 9, 30, 590.48
1587533182, 7, 321, 813, 343, 0, 1.45%, 14, 9, 30, 598.75
1587533187, 7, 333, 813, 343, 0, 1.45%, 14, 9, 30, 604.66
1587533248, 7, 342, 813, 342, 0, 1.45%, 14, 9, 30, 516.78
1587533299, 7, 350, 813, 341, 0, 1.45%, 14, 9, 30, 555.34
1587533360, 7, 357, 813, 340, 0, 1.45%, 14, 9, 30, 443.09
1587533442, 7, 364, 813, 339, 0, 1.45%, 14, 9, 30, 528.81
1587533447, 7, 372, 813, 339, 0, 1.45%, 14, 9, 30, 583.85
1587533452, 7, 376, 813, 339, 0, 1.45%, 14, 9, 30, 589.87
1587533457, 7, 384, 813, 339, 0, 1.45%, 14, 9, 30, 574.00
1587533462, 7, 397, 813, 339, 0, 1.45%, 14, 9, 30, 576.06
1587533554, 7, 398, 813, 338, 0, 1.45%, 14, 9, 30, 321.72
1587533640, 7, 404, 813, 337, 0, 1.45%, 14, 9, 30, 365.09
1587533717, 7, 408, 813, 336, 0, 1.45%, 14, 9, 30, 105.22
1587533824, 7, 420, 813, 335, 0, 1.45%, 14, 9, 30, 79.54
1587534192, 7, 423, 813, 334, 0, 1.45%, 14, 9, 30, 289.49
1587534330, 7, 456, 813, 333, 0, 1.45%, 14, 9, 30, 429.34
1587534626, 7, 459, 813, 332, 0, 1.45%, 14, 9, 30, 386.30
1587534631, 7, 463, 813, 332, 0, 1.45%, 14, 9, 30, 254.56
1587534876, 7, 465, 813, 331, 0, 1.45%, 14, 9, 30, 74.08
1587535490, 7, 470, 813, 330, 0, 1.45%, 14, 9, 30, 326.01
1587535495, 7, 478, 813, 330, 0, 1.45%, 14, 9, 30, 364.55
1587535668, 7, 485, 813, 329, 0, 1.45%, 14, 9, 30, 264.96
1587536027, 7, 486, 813, 328, 0, 1.45%, 14, 9, 30, 54.76
1587536627, 7, 487, 813, 327, 0, 1.45%, 14, 9, 30, 265.78
1587536632, 7, 490, 813, 327, 0, 1.45%, 14, 9, 30, 388.19
1587536764, 7, 501, 813, 326, 0, 1.45%, 14, 9, 30, 432.22
1587537158, 7, 508, 813, 325, 0, 1.45%, 14, 9, 30, 217.77
1587537367, 7, 509, 813, 324, 0, 1.45%, 14, 9, 30, 389.73
1587537372, 7, 517, 813, 324, 0, 1.45%, 14, 9, 30, 58.76
1587537919, 7, 533, 813, 323, 0, 1.45%, 14, 9, 30, 374.27
1587537924, 7, 538, 813, 323, 0, 1.45%, 14, 9, 30, 399.19
1587538062, 7, 542, 813, 322, 0, 1.45%, 14, 9, 30, 387.08
1587538204, 7, 545, 813, 321, 0, 1.45%, 14, 9, 30, 180.69
1587538209, 7, 547, 813, 321, 0, 1.45%, 14, 9, 30, 188.53
1587538550, 7, 555, 813, 320, 0, 1.45%, 14, 9, 30, 397.88
1587538739, 7, 558, 813, 319, 0, 1.45%, 14, 9, 30, 471.57
1587538744, 7, 561, 813, 319, 0, 1.45%, 14, 9, 30, 301.13
1587539040, 7, 568, 813, 318, 0, 1.45%, 14, 9, 30, 55.81
1587539045, 7, 568, 815, 320, 0, 1.45%, 14, 9, 30, 70.01
1587539535, 7, 573, 815, 319, 0, 1.45%, 14, 9, 30, 330.07
1587539652, 7, 580, 815, 318, 0, 1.45%, 14, 9, 30, 377.03
1587539831, 7, 581, 815, 317, 0, 1.45%, 14, 9, 30, 497.52
1587539836, 7, 589, 815, 317, 0, 1.45%, 14, 9, 30, 465.89
1587539841, 7, 591, 815, 317, 0, 1.45%, 14, 9, 30, 358.23
1587539984, 7, 593, 815, 316, 0, 1.45%, 14, 9, 30, 421.99
1587540136, 7, 599, 815, 315, 0, 1.45%, 14, 9, 30, 399.92
1587540141, 7, 602, 815, 315, 0, 1.45%, 14, 9, 30, 83.38
1587540146, 7, 605, 815, 315, 0, 1.45%, 14, 9, 30, 220.45
1587540151, 7, 605, 816, 316, 0, 1.45%, 14, 9, 30, 360.01
1587540314, 7, 606, 816, 315, 0, 1.45%, 14, 9, 30, 487.90
1587540319, 7, 612, 816, 315, 0, 1.45%, 14, 9, 30, 505.24
1587540461, 7, 614, 816, 314, 0, 1.45%, 14, 9, 30, 503.46
1587540664, 7, 616, 816, 313, 0, 1.45%, 14, 9, 30, 468.74
1587540862, 7, 627, 816, 312, 0, 1.45%, 14, 9, 30, 441.81
1587541111, 7, 629, 816, 311, 0, 1.45%, 14, 9, 30, 492.83
1587541116, 7, 636, 816, 311, 0, 1.45%, 14, 9, 30, 404.51
1587541376, 7, 642, 816, 310, 0, 1.45%, 14, 9, 30, 488.28
1587541533, 7, 643, 816, 309, 0, 1.45%, 14, 9, 30, 452.37
1587541747, 7, 650, 816, 308, 0, 1.45%, 14, 9, 30, 457.53
1587541966, 7, 653, 816, 307, 0, 1.45%, 14, 9, 30, 526.69
1587541971, 7, 674, 816, 307, 0, 1.45%, 14, 9, 30, 524.33
1587541976, 7, 678, 816, 307, 0, 1.45%, 14, 9, 30, 529.34
1587541981, 7, 687, 816, 307, 0, 1.45%, 14, 9, 30, 517.53
1587542219, 7, 689, 816, 306, 0, 1.45%, 14, 9, 30, 438.34
1587542509, 7, 690, 816, 305, 0, 1.45%, 14, 9, 30, 490.26
1587542735, 7, 692, 816, 304, 0, 1.45%, 14, 9, 30, 478.87
1587542740, 7, 693, 816, 304, 0, 1.45%, 14, 9, 30, 44.55
1587542745, 7, 699, 816, 304, 0, 1.45%, 14, 9, 30, 496.51
1587542750, 7, 700, 816, 304, 0, 1.45%, 14, 9, 30, 411.24
1587542981, 7, 705, 816, 303, 0, 1.45%, 14, 9, 30, 502.03
1587542986, 7, 716, 816, 303, 0, 1.45%, 14, 9, 30, 492.30
1587543164, 7, 720, 816, 302, 0, 1.45%, 14, 9, 30, 521.64
1587543169, 7, 722, 816, 302, 0, 1.45%, 14, 9, 30, 520.09
1587543174, 7, 723, 816, 302, 0, 1.45%, 14, 9, 30, 416.43
1587543414, 7, 724, 816, 301, 0, 1.45%, 14, 9, 30, 399.87
1587543648, 7, 725, 816, 300, 0, 1.45%, 14, 9, 30, 488.97
1587543745, 7, 725, 816, 300, 0, 1.45%, 15, 9, 30, 325.99
1587543898, 7, 731, 816, 299, 0, 1.45%, 15, 9, 30, 494.26
1587544080, 7, 735, 816, 298, 0, 1.45%, 15, 9, 30, 541.79
1587544085, 7, 740, 817, 299, 0, 1.45%, 15, 9, 30, 505.48
1587544227, 7, 740, 818, 300, 0, 1.45%, 15, 9, 30, 536.03
1587544263, 7, 741, 818, 299, 1, 1.45%, 15, 9, 30, 493.87
1587544400, 7, 741, 819, 300, 1, 1.45%, 15, 9, 30, 536.62
1587544456, 7, 762, 819, 299, 1, 1.45%, 15, 9, 30, 404.20
1587544816, 7, 806, 819, 298, 1, 1.45%, 15, 9, 30, 412.77
1587544826, 7, 816, 820, 299, 1, 1.45%, 15, 9, 30, 489.14
1587544978, 7, 818, 820, 298, 0, 1.45%, 15, 9, 30, 507.44
1587545120, 7, 818, 821, 299, 0, 1.45%, 15, 9, 30, 70.59
1587545187, 7, 820, 822, 299, 0, 1.45%, 15, 9, 31, 457.54
1587545207, 7, 820, 823, 300, 0, 1.45%, 15, 9, 31, 416.96
1587545349, 7, 820, 824, 301, 0, 1.45%, 15, 9, 31, 489.42
1587545374, 7, 820, 825, 302, 0, 1.45%, 15, 9, 31, 499.43
1587545410, 7, 821, 826, 302, 0, 1.45%, 15, 9, 32, 465.08
1587545567, 7, 821, 827, 303, 0, 1.45%, 15, 9, 32, 456.79
1587545607, 7, 821, 828, 304, 0, 1.45%, 15, 9, 32, 493.36
1587545637, 7, 822, 828, 303, 0, 1.45%, 15, 9, 32, 471.55
1587545723, 7, 822, 829, 304, 0, 1.45%, 15, 9, 32, 463.79
1587545805, 7, 824, 829, 303, 0, 1.45%, 15, 9, 32, 473.40
1587545810, 7, 824, 830, 304, 0, 1.45%, 15, 9, 32, 446.05
1587545977, 7, 824, 831, 305, 0, 1.45%, 15, 9, 32, 449.07
1587545997, 7, 824, 832, 306, 0, 1.45%, 15, 9, 32, 439.63
1587546002, 7, 824, 834, 308, 0, 1.45%, 15, 9, 32, 474.73
1587546068, 7, 826, 835, 308, 0, 1.45%, 15, 9, 32, 476.07
1587546251, 7, 828, 835, 307, 0, 1.45%, 15, 9, 32, 463.00
1587546424, 7, 834, 836, 307, 0, 1.45%, 15, 9, 33, 456.48
1587546429, 7, 834, 837, 308, 0, 1.45%, 15, 9, 33, 435.45
1587546434, 7, 834, 839, 310, 0, 1.45%, 15, 9, 33, 438.28
1587546581, 7, 834, 840, 311, 0, 1.45%, 15, 9, 33, 421.58
1587546693, 7, 834, 841, 312, 0, 1.45%, 15, 9, 33, 467.56
1587546764, 7, 839, 848, 318, 0, 1.45%, 15, 9, 34, 385.81
1587546769, 7, 839, 850, 320, 0, 1.45%, 15, 9, 34, 312.53
1587546785, 7, 839, 851, 321, 0, 1.45%, 15, 9, 34, 301.81
1587546800, 7, 839, 852, 322, 0, 1.45%, 15, 9, 34, 307.32
1587546826, 7, 839, 854, 324, 0, 1.45%, 15, 9, 34, 306.77
1587547003, 7, 839, 854, 324, 0, 1.45%, 16, 9, 34, 320.17
1587547039, 7, 839, 854, 324, 0, 1.45%, 17, 9, 34, 326.39
1587547303, 7, 846, 854, 323, 0, 1.45%, 17, 9, 34, 350.81
1587547483, 7, 846, 854, 323, 0, 1.45%, 18, 9, 34, 287.64
1587547852, 8, 19, 854, 322, 0, 1.45%, 18, 9, 34, 545.22
1587547888, 8, 42, 854, 321, 0, 1.45%, 18, 9, 34, 604.02
1587547893, 8, 69, 854, 321, 0, 1.45%, 18, 9, 34, 575.92
1587547898, 8, 71, 854, 321, 0, 1.45%, 18, 9, 34, 603.25
1587547933, 8, 98, 854, 320, 0, 1.45%, 18, 9, 34, 602.87
1587547974, 8, 109, 854, 319, 0, 1.45%, 18, 9, 34, 546.11
1587548086, 8, 117, 854, 318, 0, 1.45%, 18, 9, 34, 474.13
1587548091, 8, 135, 854, 318, 0, 1.45%, 18, 9, 34, 394.40
1587548193, 8, 137, 854, 317, 0, 1.45%, 18, 9, 34, 408.56
1587548198, 8, 138, 854, 317, 0, 1.45%, 18, 9, 34, 280.30
1587548275, 8, 141, 854, 316, 0, 1.45%, 18, 9, 34, 81.87
1587548443, 8, 172, 854, 315, 0, 1.45%, 18, 9, 34, 562.83
1587548448, 8, 191, 854, 315, 0, 1.45%, 18, 9, 34, 602.71
1587548453, 8, 195, 854, 315, 0, 1.45%, 18, 9, 34, 599.25
1587548489, 8, 200, 854, 314, 0, 1.45%, 18, 9, 34, 491.93
1587548540, 8, 218, 854, 313, 0, 1.45%, 18, 9, 34, 564.53
1587548545, 8, 255, 854, 313, 0, 1.45%, 18, 9, 34, 552.85
1587548550, 8, 264, 854, 313, 0, 1.45%, 18, 9, 34, 94.55
1587548678, 8, 279, 854, 312, 0, 1.45%, 18, 9, 34, 396.24
1587548683, 8, 302, 854, 312, 0, 1.45%, 18, 9, 34, 106.39
1587548805, 8, 304, 854, 311, 0, 1.45%, 18, 9, 34, 423.57
1587548810, 8, 315, 854, 311, 0, 1.45%, 18, 9, 34, 552.81
1587548815, 8, 319, 854, 311, 0, 1.45%, 18, 9, 34, 556.84
1587548820, 8, 321, 854, 311, 0, 1.45%, 18, 9, 34, 573.72
1587548825, 8, 334, 854, 311, 0, 1.45%, 18, 9, 34, 179.16
1587548831, 8, 344, 854, 311, 0, 1.45%, 18, 9, 34, 489.10
1587548887, 8, 354, 854, 310, 0, 1.45%, 18, 9, 34, 548.69
1587548953, 8, 360, 854, 309, 0, 1.45%, 18, 9, 34, 389.40
1587549066, 8, 364, 854, 308, 0, 1.45%, 18, 9, 34, 402.71
1587549071, 8, 372, 854, 308, 0, 1.45%, 18, 9, 34, 561.41
1587549076, 8, 376, 854, 308, 0, 1.45%, 18, 9, 34, 607.98
1587549081, 8, 379, 854, 308, 0, 1.45%, 18, 9, 34, 589.21
1587549126, 8, 386, 854, 307, 0, 1.45%, 18, 9, 34, 599.72
1587549132, 8, 390, 854, 307, 0, 1.45%, 18, 9, 34, 90.86
1587549285, 8, 416, 854, 306, 0, 1.45%, 18, 9, 34, 307.79
1587549433, 8, 419, 854, 305, 0, 1.45%, 18, 9, 34, 447.90
1587549524, 8, 432, 854, 304, 0, 1.45%, 18, 9, 34, 426.48
1587549651, 8, 457, 854, 303, 0, 1.45%, 18, 9, 34, 405.89
1587550000, 8, 459, 854, 302, 0, 1.45%, 18, 9, 34, 402.30
1587550005, 8, 461, 854, 302, 0, 1.45%, 18, 9, 34, 400.75
1587550142, 8, 464, 854, 301, 0, 1.45%, 18, 9, 34, 283.40
1587550480, 8, 480, 854, 300, 0, 1.45%, 18, 9, 34, 458.17
1587550638, 8, 487, 854, 299, 0, 1.45%, 18, 9, 34, 503.68
1587550643, 8, 491, 854, 299, 0, 1.45%, 18, 9, 34, 347.95
1587550795, 8, 496, 854, 298, 0, 1.45%, 18, 9, 34, 400.36
1587550994, 8, 504, 854, 297, 0, 1.45%, 18, 9, 34, 282.53
1587551250, 8, 531, 854, 296, 0, 1.45%, 18, 9, 34, 411.77
1587551255, 8, 540, 854, 296, 0, 1.45%, 18, 9, 34, 463.82
1587551392, 8, 545, 854, 295, 0, 1.45%, 18, 9, 34, 511.60
1587551397, 8, 558, 854, 295, 0, 1.45%, 18, 9, 34, 527.55
1587551403, 8, 564, 854, 295, 0, 1.45%, 18, 9, 34, 73.47
1587552132, 8, 575, 854, 294, 0, 1.45%, 18, 9, 34, 402.67
1587552239, 8, 587, 854, 293, 0, 1.45%, 18, 9, 34, 529.97
1587552391, 8, 588, 854, 292, 0, 1.45%, 18, 9, 34, 418.00
1587552657, 8, 599, 854, 291, 0, 1.45%, 18, 9, 34, 502.02
1587552662, 8, 603, 855, 292, 0, 1.45%, 18, 9, 34, 460.18
1587552855, 8, 608, 855, 291, 0, 1.45%, 18, 9, 34, 508.44
1587552997, 8, 626, 855, 290, 0, 1.45%, 18, 9, 34, 511.71
1587553002, 8, 651, 855, 290, 0, 1.45%, 18, 9, 34, 426.42
1587553273, 8, 653, 855, 289, 0, 1.45%, 18, 9, 34, 78.34
1587553278, 8, 660, 855, 289, 0, 1.45%, 18, 9, 34, 479.57
1587553420, 8, 664, 855, 288, 0, 1.45%, 18, 9, 34, 541.24
1587553425, 8, 671, 855, 288, 0, 1.45%, 18, 9, 34, 514.53
1587553602, 8, 677, 855, 287, 0, 1.45%, 18, 9, 34, 538.91
1587553608, 8, 685, 855, 287, 0, 1.45%, 18, 9, 34, 550.14
1587553613, 8, 686, 855, 287, 0, 1.45%, 18, 9, 34, 445.75
1587553851, 8, 691, 855, 286, 0, 1.45%, 18, 9, 34, 453.22
1587554084, 8, 693, 855, 285, 0, 1.45%, 18, 9, 34, 552.69
1587554089, 8, 699, 855, 285, 0, 1.45%, 18, 9, 34, 544.24
1587554094, 8, 717, 855, 285, 0, 1.45%, 18, 9, 34, 521.50
1587554273, 8, 723, 855, 284, 0, 1.45%, 18, 9, 34, 528.33
1587554278, 8, 729, 855, 284, 0, 1.45%, 18, 9, 34, 543.21
1587554375, 8, 730, 855, 283, 0, 1.45%, 18, 9, 34, 536.11
1587554569, 8, 736, 855, 282, 0, 1.45%, 18, 9, 34, 551.75
1587554706, 8, 742, 855, 281, 0, 1.45%, 18, 9, 34, 422.71
1587554998, 8, 743, 855, 280, 0, 1.45%, 18, 9, 34, 435.50
1587555345, 8, 743, 856, 281, 0, 1.45%, 18, 9, 34, 403.57
1587555416, 8, 744, 856, 280, 0, 1.45%, 18, 9, 34, 360.91
1587555784, 8, 747, 856, 279, 0, 1.45%, 18, 9, 34, 378.44
1587556115, 8, 747, 857, 280, 0, 1.45%, 18, 9, 34, 392.07
1587556150, 8, 747, 858, 281, 0, 1.45%, 18, 9, 34, 410.85
1587556196, 8, 769, 858, 280, 1, 1.45%, 18, 9, 34, 356.24
1587556578, 8, 812, 858, 279, 1, 1.45%, 18, 9, 34, 378.22
1587556879, 8, 856, 858, 278, 1, 1.45%, 18, 9, 34, 473.69
1587557263, 9, 43, 858, 277, 0, 1.45%, 18, 9, 34, 577.41
1587557268, 9, 71, 858, 277, 0, 1.45%, 18, 9, 34, 613.93
1587557273, 9, 80, 858, 277, 0, 1.45%, 18, 9, 34, 454.32
1587557329, 9, 113, 858, 276, 0, 1.45%, 18, 9, 34, 561.77
1587557334, 9, 122, 858, 276, 0, 1.45%, 18, 9, 34, 536.52
1587557478, 9, 146, 858, 275, 0, 1.45%, 18, 9, 34, 467.66
1587557483, 9, 150, 858, 275, 0, 1.45%, 18, 9, 34, 239.17
1587557606, 9, 175, 858, 274, 0, 1.45%, 18, 9, 34, 508.31
1587557611, 9, 202, 858, 274, 0, 1.45%, 18, 9, 34, 566.01
1587557682, 9, 206, 858, 273, 0, 1.45%, 18, 9, 34, 119.22
1587557794, 9, 218, 858, 272, 0, 1.45%, 18, 9, 34, 509.96
1587557799, 9, 242, 858, 272, 0, 1.45%, 18, 9, 34, 354.22
1587557881, 9, 260, 858, 271, 0, 1.45%, 18, 9, 34, 584.69
1587557886, 9, 263, 858, 271, 0, 1.45%, 18, 9, 34, 431.61
1587557943, 9, 274, 858, 270, 0, 1.45%, 18, 9, 34, 417.29
1587557999, 9, 278, 858, 269, 0, 1.45%, 18, 9, 34, 481.00
1587558050, 9, 281, 858, 268, 0, 1.45%, 18, 9, 34, 576.16
1587558101, 9, 290, 858, 267, 0, 1.45%, 18, 9, 34, 599.15
1587558106, 9, 298, 858, 267, 0, 1.45%, 18, 9, 34, 105.54
1587558244, 9, 303, 858, 266, 0, 1.45%, 18, 9, 34, 400.25
1587558299, 9, 304, 858, 265, 0, 1.45%, 18, 9, 34, 584.31
1587558304, 9, 315, 858, 265, 0, 1.45%, 18, 9, 34, 596.13
1587558310, 9, 321, 858, 265, 0, 1.45%, 18, 9, 34, 615.14
1587558315, 9, 339, 858, 265, 0, 1.45%, 18, 9, 34, 525.02
1587558365, 9, 364, 858, 264, 0, 1.45%, 18, 9, 34, 571.58
1587558371, 9, 367, 858, 264, 0, 1.45%, 18, 9, 34, 122.95
1587558484, 9, 369, 858, 263, 0, 1.45%, 18, 9, 34, 429.86
1587558534, 9, 371, 858, 262, 0, 1.45%, 18, 9, 34, 551.33
1587558575, 9, 373, 858, 261, 0, 1.45%, 19, 9, 34, 593.78
1587558580, 9, 376, 858, 261, 0, 1.45%, 19, 9, 34, 618.72
1587558585, 9, 384, 858, 261, 0, 1.45%, 19, 9, 34, 613.54
1587558591, 9, 402, 858, 261, 0, 1.45%, 19, 9, 34, 602.21
1587558682, 9, 406, 858, 260, 0, 1.45%, 19, 9, 34, 91.35
1587558820, 9, 415, 858, 259, 0, 1.45%, 19, 9, 34, 414.83
1587558988, 9, 423, 858, 258, 0, 1.45%, 19, 9, 34, 456.54
1587558993, 9, 429, 858, 258, 0, 1.45%, 19, 9, 34, 394.34
1587559106, 9, 438, 858, 257, 0, 1.45%, 19, 9, 34, 531.38
1587559597, 9, 449, 858, 256, 0, 1.45%, 19, 9, 34, 289.45
1587559729, 9, 459, 858, 255, 0, 1.45%, 19, 9, 34, 459.97
1587559735, 9, 475, 858, 255, 0, 1.45%, 19, 9, 34, 371.84
1587560015, 9, 481, 858, 254, 0, 1.45%, 19, 9, 34, 369.10
1587560234, 9, 487, 858, 253, 0, 1.45%, 19, 9, 34, 353.07
1587560239, 9, 488, 858, 253, 0, 1.45%, 19, 9, 34, 381.27
1587560382, 9, 516, 858, 252, 0, 1.45%, 19, 9, 34, 496.80
1587560931, 9, 524, 858, 251, 0, 1.45%, 19, 9, 34, 344.88
1587561042, 9, 530, 858, 250, 0, 1.45%, 19, 9, 34, 546.89
1587561048, 9, 534, 858, 250, 0, 1.45%, 19, 9, 34, 340.31
1587561257, 9, 537, 858, 249, 0, 1.45%, 19, 9, 34, 98.50
1587561685, 9, 544, 858, 248, 0, 1.45%, 19, 9, 34, 297.23
1587561848, 9, 545, 858, 247, 0, 1.45%, 19, 9, 34, 496.41
1587561853, 9, 554, 858, 247, 0, 1.45%, 19, 9, 34, 105.25
1587562171, 9, 561, 858, 246, 0, 1.45%, 19, 9, 34, 433.16
1587562176, 9, 565, 858, 246, 0, 1.45%, 19, 9, 34, 79.05
1587562644, 9, 566, 858, 245, 0, 1.45%, 19, 9, 34, 193.64
1587563031, 9, 576, 858, 244, 0, 1.45%, 19, 9, 34, 410.06
1587563143, 9, 579, 858, 243, 0, 1.45%, 19, 9, 34, 474.02
1587563290, 9, 581, 858, 242, 0, 1.45%, 19, 9, 34, 510.44
1587563296, 9, 584, 858, 242, 0, 1.45%, 19, 9, 34, 447.34
1587563442, 9, 599, 858, 241, 0, 1.45%, 19, 9, 34, 552.13
1587563447, 9, 611, 858, 241, 0, 1.45%, 19, 9, 34, 560.23
1587563452, 9, 619, 858, 241, 0, 1.45%, 19, 9, 34, 431.08
1587563687, 9, 634, 858, 240, 0, 1.45%, 19, 9, 34, 480.42
1587563900, 9, 638, 858, 239, 0, 1.45%, 19, 9, 34, 541.20
1587563905, 9, 639, 858, 239, 0, 1.45%, 19, 9, 34, 462.77
1587564119, 9, 650, 858, 238, 0, 1.45%, 19, 9, 34, 530.74
1587564124, 9, 654, 858, 238, 0, 1.45%, 19, 9, 34, 529.00
1587564129, 9, 666, 858, 238, 0, 1.45%, 19, 9, 34, 535.02
1587564134, 9, 667, 858, 238, 0, 1.45%, 19, 9, 34, 528.05
1587564322, 9, 676, 858, 237, 0, 1.45%, 19, 9, 34, 519.50
1587564469, 9, 678, 858, 236, 0, 1.45%, 19, 9, 34, 537.16
1587564474, 9, 688, 858, 236, 0, 1.45%, 19, 9, 34, 471.79
1587564712, 9, 692, 858, 235, 0, 1.45%, 19, 9, 34, 557.82
1587564717, 9, 693, 858, 235, 0, 1.45%, 19, 9, 34, 553.12
1587564722, 9, 694, 858, 235, 0, 1.45%, 19, 9, 34, 423.46
1587564950, 9, 699, 858, 234, 0, 1.45%, 19, 9, 34, 530.93
1587564955, 9, 713, 858, 234, 0, 1.45%, 19, 9, 34, 544.04
1587564960, 9, 718, 858, 234, 0, 1.45%, 19, 9, 34, 535.29
1587565118, 9, 720, 858, 233, 0, 1.45%, 19, 9, 34, 550.35
1587565123, 9, 733, 858, 233, 0, 1.45%, 19, 9, 34, 530.18
1587565316, 9, 746, 858, 232, 0, 1.45%, 19, 9, 34, 453.02
1587565677, 9, 748, 858, 231, 0, 1.45%, 19, 9, 34, 356.95
1587566046, 9, 753, 858, 230, 0, 1.45%, 19, 9, 34, 426.84
1587566051, 9, 755, 858, 230, 0, 1.45%, 19, 9, 34, 359.82
1587566387, 9, 755, 859, 231, 0, 1.45%, 19, 9, 34, 395.80
1587566393, 9, 755, 860, 232, 0, 1.45%, 19, 9, 34, 402.45
1587566418, 9, 755, 861, 233, 0, 1.45%, 19, 9, 34, 398.92
1587566459, 9, 756, 861, 232, 0, 1.45%, 19, 9, 34, 343.33
