# unix_time, cycles_done, cur_path, paths_total, pending_total, pending_favs, map_size, unique_crashes, unique_hangs, max_depth, execs_per_sec
1585969479, 0, 0, 12, 12, 3, 0.33%, 0, 0, 1, 314.75
1585969485, 0, 3, 39, 39, 3, 0.33%, 12, 0, 2, 425.01
1585969490, 0, 3, 39, 39, 3, 0.33%, 14, 0, 2, 467.08
1585969495, 0, 3, 39, 39, 3, 0.33%, 17, 0, 2, 471.23
1585969500, 0, 11, 42, 41, 3, 0.33%, 19, 0, 2, 457.26
1585969505, 0, 42, 43, 39, 1, 0.33%, 22, 0, 2, 464.55
1585969510, 1, 4, 43, 37, 0, 0.33%, 22, 0, 2, 435.48
1585969515, 1, 9, 44, 36, 0, 0.33%, 22, 0, 2, 392.64
1585969520, 1, 12, 44, 35, 0, 0.33%, 24, 0, 2, 416.29
1585969525, 1, 23, 46, 34, 0, 0.33%, 24, 0, 3, 428.22
1585969530, 2, 17, 46, 32, 1, 0.33%, 25, 0, 3, 466.28
1585969535, 2, 27, 46, 29, 0, 0.33%, 25, 0, 3, 475.84
1585969540, 2, 36, 48, 28, 0, 0.33%, 26, 0, 3, 489.18
1585969546, 2, 42, 48, 26, 0, 0.33%, 27, 0, 3, 467.54
1585969551, 2, 46, 48, 26, 0, 0.33%, 27, 0, 3, 481.11
1585969556, 3, 7, 48, 24, 0, 0.33%, 27, 0, 3, 478.61
1585969561, 3, 13, 48, 23, 0, 0.33%, 28, 0, 3, 450.37
1585969566, 3, 28, 48, 21, 0, 0.33%, 28, 0, 3, 425.64
1585969572, 3, 39, 48, 20, 0, 0.33%, 30, 0, 3, 431.51
1585969577, 4, 19, 48, 20, 0, 0.33%, 30, 0, 3, 443.36
1585969582, 4, 32, 48, 17, 0, 0.33%, 30, 0, 3, 460.92
1585969587, 4, 41, 48, 17, 0, 0.33%, 30, 0, 3, 462.03
1585969592, 4, 47, 48, 16, 0, 0.33%, 30, 0, 3, 463.59
1585969597, 5, 6, 48, 15, 0, 0.33%, 30, 0, 3, 453.77
1585969602, 5, 31, 48, 13, 0, 0.33%, 31, 0, 3, 466.72
1585969607, 5, 42, 49, 13, 0, 0.33%, 31, 0, 3, 436.73
1585969613, 6, 27, 49, 13, 0, 0.33%, 31, 0, 3, 467.55
1585969618, 6, 42, 49, 12, 0, 0.33%, 31, 0, 3, 422.32
1585969623, 7, 22, 49, 12, 0, 0.33%, 31, 0, 3, 405.88
1585969628, 7, 36, 49, 11, 0, 0.33%, 31, 0, 3, 466.65
1585969633, 8, 8, 49, 11, 0, 0.33%, 32, 0, 3, 418.17
1585969638, 8, 10, 49, 10, 0, 0.33%, 32, 0, 3, 453.40
1585969643, 8, 39, 49, 9, 0, 0.33%, 32, 0, 3, 456.93
1585969648, 8, 44, 49, 9, 0, 0.33%, 32, 0, 3, 419.52
1585969653, 9, 16, 49, 8, 0, 0.33%, 33, 0, 3, 423.60
1585969658, 9, 35, 49, 7, 0, 0.33%, 33, 0, 3, 437.10
1585969663, 9, 40, 49, 6, 0, 0.33%, 33, 0, 3, 426.03
1585969668, 9, 45, 49, 5, 0, 0.33%, 33, 0, 3, 431.97
1585969673, 10, 17, 49, 5, 0, 0.33%, 33, 0, 3, 426.11
1585969678, 10, 42, 49, 5, 0, 0.33%, 33, 0, 3, 425.59
1585969683, 10, 43, 49, 5, 0, 0.33%, 33, 0, 3, 435.43
1585969689, 11, 17, 49, 4, 0, 0.33%, 33, 0, 3, 449.82
1585969694, 11, 40, 49, 4, 0, 0.33%, 33, 0, 3, 462.86
1585969699, 11, 49, 50, 5, 1, 0.34%, 33, 0, 3, 469.31
1585969704, 12, 23, 50, 4, 0, 0.34%, 33, 0, 3, 373.88
1585969709, 12, 38, 50, 4, 0, 0.34%, 35, 0, 3, 357.09
1585969714, 12, 49, 50, 3, 0, 0.34%, 35, 0, 3, 451.41
1585969719, 13, 23, 50, 3, 0, 0.34%, 35, 0, 3, 465.43
1585969724, 13, 40, 50, 3, 0, 0.34%, 35, 0, 3, 427.15
1585969729, 13, 49, 50, 3, 0, 0.34%, 35, 0, 3, 460.87
1585969734, 14, 31, 50, 3, 0, 0.34%, 35, 0, 3, 475.06
1585969740, 14, 45, 50, 3, 0, 0.34%, 35, 0, 3, 443.09
1585969745, 14, 48, 50, 3, 0, 0.34%, 36, 0, 3, 446.63
1585969750, 14, 49, 50, 2, 0, 0.34%, 36, 0, 3, 456.19
1585969755, 15, 21, 50, 2, 0, 0.34%, 36, 0, 3, 464.52
1585969760, 15, 37, 50, 1, 0, 0.34%, 37, 0, 3, 459.41
1585969765, 15, 49, 50, 1, 0, 0.34%, 37, 0, 3, 468.62
1585969770, 16, 33, 50, 0, 0, 0.34%, 37, 0, 3, 411.75
1585969775, 16, 49, 50, 0, 0, 0.34%, 37, 0, 3, 425.39
1585969780, 17, 45, 50, 0, 0, 0.34%, 37, 0, 3, 403.43
1585969785, 18, 22, 50, 0, 0, 0.34%, 38, 0, 3, 401.05
1585969790, 18, 44, 50, 0, 0, 0.34%, 38, 0, 3, 413.77
1585969795, 19, 1, 50, 0, 0, 0.34%, 38, 0, 3, 428.80
1585969800, 19, 36, 50, 0, 0, 0.34%, 38, 0, 3, 435.32
1585969806, 19, 49, 50, 0, 0, 0.34%, 38, 0, 3, 451.81
1585969811, 20, 22, 50, 0, 0, 0.34%, 38, 0, 3, 476.76
1585969816, 20, 45, 50, 0, 0, 0.34%, 38, 0, 3, 482.33
1585969821, 21, 24, 50, 0, 0, 0.34%, 39, 0, 3, 474.17
1585969826, 21, 45, 50, 0, 0, 0.34%, 39, 0, 3, 480.48
1585969831, 22, 13, 50, 0, 0, 0.34%, 39, 0, 3, 482.90
1585969836, 22, 42, 50, 0, 0, 0.34%, 39, 0, 3, 489.04
1585969841, 22, 49, 50, 0, 0, 0.34%, 40, 0, 3, 460.46
1585969846, 23, 45, 50, 0, 0, 0.34%, 40, 0, 3, 491.42
1585969852, 24, 14, 50, 0, 0, 0.34%, 40, 0, 3, 454.97
1585969857, 24, 36, 50, 0, 0, 0.34%, 40, 0, 3, 423.04
1585969862, 25, 13, 50, 0, 0, 0.34%, 40, 0, 3, 408.95
1585969867, 25, 36, 50, 0, 0, 0.34%, 40, 0, 3, 418.30
1585969872, 25, 49, 50, 0, 0, 0.34%, 40, 0, 3, 415.16
1585969877, 26, 45, 50, 0, 0, 0.34%, 40, 0, 3, 402.94
1585969882, 27, 36, 50, 0, 0, 0.34%, 40, 0, 3, 416.23
1585969887, 27, 48, 50, 0, 0, 0.34%, 40, 0, 3, 413.80
1585969892, 28, 33, 50, 0, 0, 0.34%, 40, 0, 3, 444.01
1585969897, 28, 45, 50, 0, 0, 0.34%, 40, 0, 3, 433.17
1585969903, 28, 50, 51, 1, 1, 0.34%, 40, 0, 4, 459.33
1585969913, 29, 2, 51, 0, 0, 0.34%, 40, 0, 4, 462.75
1585969918, 29, 36, 51, 0, 0, 0.34%, 40, 0, 4, 487.38
1585969923, 29, 50, 51, 0, 0, 0.34%, 40, 0, 4, 453.74
1585969933, 30, 14, 51, 0, 0, 0.34%, 40, 0, 4, 440.92
1585969938, 30, 37, 51, 0, 0, 0.34%, 41, 0, 4, 476.26
1585969943, 30, 50, 51, 0, 0, 0.34%, 41, 0, 4, 432.84
1585969958, 31, 36, 51, 0, 0, 0.34%, 41, 0, 4, 482.70
1585969963, 31, 49, 51, 0, 0, 0.34%, 41, 0, 4, 465.65
1585969968, 31, 50, 51, 0, 0, 0.34%, 42, 0, 4, 454.51
1585969978, 32, 40, 51, 0, 0, 0.34%, 42, 0, 4, 507.91
1585969983, 32, 50, 51, 0, 0, 0.34%, 42, 0, 4, 478.37
1585969999, 33, 30, 51, 0, 0, 0.34%, 42, 0, 4, 386.08
1585970004, 33, 49, 51, 0, 0, 0.34%, 42, 0, 4, 452.64
1585970009, 33, 50, 51, 0, 0, 0.34%, 42, 0, 4, 480.31
1585970019, 34, 24, 51, 0, 0, 0.34%, 43, 0, 4, 479.62
1585970024, 34, 49, 51, 0, 0, 0.34%, 43, 0, 4, 477.98
1585970029, 34, 50, 51, 0, 0, 0.34%, 43, 0, 4, 473.75
1585970039, 35, 36, 51, 0, 0, 0.34%, 43, 0, 4, 473.53
1585970044, 35, 46, 51, 0, 0, 0.34%, 43, 0, 4, 453.83
1585970049, 35, 49, 51, 0, 0, 0.34%, 43, 0, 4, 410.01
1585970054, 36, 16, 51, 0, 0, 0.34%, 43, 0, 4, 412.30
1585970059, 36, 36, 51, 0, 0, 0.34%, 43, 0, 4, 409.70
1585970065, 36, 50, 51, 0, 0, 0.34%, 43, 0, 4, 439.53
1585970070, 37, 36, 51, 0, 0, 0.34%, 43, 0, 4, 446.44
1585970075, 37, 48, 51, 0, 0, 0.34%, 43, 0, 4, 393.03
1585970080, 37, 50, 55, 4, 0, 0.34%, 43, 0, 5, 388.07
1585970085, 37, 51, 57, 6, 0, 0.34%, 43, 0, 5, 399.58
1585970090, 37, 51, 58, 7, 0, 0.34%, 43, 0, 6, 380.95
1585970100, 37, 51, 59, 8, 0, 0.34%, 43, 0, 6, 346.13
1585970121, 38, 22, 59, 7, 0, 0.34%, 43, 0, 6, 443.59
1585970126, 38, 49, 59, 7, 0, 0.34%, 43, 0, 6, 445.26
1585970131, 38, 52, 59, 7, 0, 0.34%, 43, 0, 6, 428.67
1585970146, 38, 52, 60, 8, 0, 0.34%, 43, 0, 6, 386.26
1585970151, 38, 54, 60, 7, 0, 0.34%, 43, 0, 6, 372.50
1585970166, 38, 56, 60, 6, 0, 0.34%, 43, 0, 6, 372.29
1585970182, 38, 59, 60, 5, 0, 0.34%, 43, 0, 6, 300.83
1585970202, 39, 18, 60, 4, 0, 0.34%, 43, 0, 6, 416.15
1585970207, 39, 43, 60, 4, 0, 0.34%, 43, 0, 6, 419.72
1585970213, 39, 50, 60, 4, 0, 0.34%, 43, 0, 6, 452.29
1585970218, 39, 56, 60, 4, 0, 0.34%, 43, 0, 6, 414.31
1585970228, 39, 56, 61, 5, 0, 0.34%, 43, 0, 6, 315.29
1585970233, 39, 57, 61, 5, 0, 0.34%, 43, 0, 6, 314.83
1585970258, 40, 36, 61, 4, 0, 0.34%, 43, 0, 6, 414.81
1585970263, 40, 45, 61, 4, 0, 0.34%, 43, 0, 6, 410.39
1585970268, 40, 50, 61, 4, 0, 0.34%, 43, 0, 6, 443.08
1585970273, 41, 45, 64, 7, 0, 0.34%, 43, 0, 6, 400.82
1585970279, 41, 50, 64, 7, 0, 0.34%, 43, 0, 6, 381.62
1585970284, 41, 58, 64, 7, 0, 0.34%, 43, 0, 6, 308.64
1585970304, 42, 22, 64, 6, 0, 0.34%, 43, 0, 6, 287.80
1585970309, 42, 49, 64, 6, 0, 0.34%, 43, 0, 6, 385.33
1585970314, 42, 61, 64, 6, 0, 0.34%, 43, 0, 6, 361.13
1585970329, 43, 0, 64, 5, 0, 0.34%, 43, 0, 6, 355.03
1585970334, 43, 33, 64, 5, 0, 0.34%, 43, 0, 6, 441.01
1585970339, 43, 46, 64, 5, 0, 0.34%, 43, 0, 6, 426.32
1585970344, 43, 50, 64, 5, 0, 0.34%, 43, 0, 6, 373.74
1585970349, 43, 60, 64, 5, 0, 0.34%, 43, 0, 6, 73.47
1585970390, 44, 26, 64, 4, 0, 0.34%, 43, 0, 6, 360.36
1585970395, 44, 39, 64, 4, 0, 0.34%, 43, 0, 6, 353.93
1585970400, 44, 49, 64, 4, 0, 0.34%, 43, 0, 6, 276.27
1585970406, 44, 50, 64, 4, 0, 0.34%, 43, 0, 6, 330.18
1585970411, 44, 55, 64, 4, 0, 0.34%, 43, 0, 6, 335.65
