# unix_time, cycles_done, cur_path, paths_total, pending_total, pending_favs, map_size, unique_crashes, unique_hangs, max_depth, execs_per_sec
1587688223, 0, 0, 9, 9, 4, 0.25%, 0, 0, 1, 566.93
1587688228, 0, 4, 20, 20, 4, 0.57%, 0, 0, 2, 601.52
1587688233, 0, 4, 25, 25, 4, 0.58%, 0, 0, 2, 571.30
1587688238, 0, 4, 35, 35, 4, 0.63%, 0, 0, 2, 560.18
1587688253, 0, 4, 50, 50, 4, 0.77%, 0, 0, 2, 478.90
1587688259, 0, 4, 55, 55, 4, 0.78%, 0, 0, 2, 347.21
1587688264, 0, 4, 61, 61, 4, 0.84%, 0, 0, 2, 470.24
1587688269, 0, 4, 67, 67, 4, 0.92%, 0, 0, 2, 457.20
1587688274, 0, 4, 68, 68, 4, 0.92%, 0, 0, 2, 441.28
1587688279, 0, 4, 69, 69, 4, 0.92%, 0, 0, 2, 455.73
1587688284, 0, 4, 73, 73, 4, 0.92%, 0, 0, 2, 476.64
1587688289, 0, 4, 74, 74, 4, 0.92%, 0, 0, 2, 459.47
1587688294, 0, 4, 77, 77, 4, 0.94%, 0, 0, 2, 441.49
1587688299, 0, 4, 80, 80, 4, 0.98%, 0, 0, 2, 483.92
1587688309, 0, 4, 81, 81, 4, 1.07%, 0, 0, 2, 478.32
1587688315, 0, 4, 85, 85, 4, 1.07%, 0, 0, 2, 474.05
1587688320, 0, 4, 86, 86, 4, 1.07%, 0, 0, 2, 460.32
1587688325, 0, 8, 87, 86, 29, 1.07%, 0, 0, 2, 481.14
1587688355, 0, 9, 87, 85, 28, 1.07%, 0, 0, 2, 506.73
1587688391, 0, 18, 87, 84, 27, 1.07%, 0, 0, 2, 527.47
1587688401, 0, 18, 88, 85, 27, 1.08%, 0, 0, 3, 476.31
1587688419, 0, 18, 89, 86, 27, 1.08%, 0, 0, 3, 12.37
1587688425, 0, 20, 89, 85, 27, 1.08%, 0, 0, 3, 425.19
1587688450, 0, 21, 89, 84, 26, 1.08%, 0, 0, 3, 492.24
1587688470, 0, 21, 90, 85, 26, 1.10%, 0, 0, 3, 496.21
1587688486, 0, 21, 92, 87, 26, 1.12%, 0, 0, 3, 485.01
1587688491, 0, 28, 92, 86, 25, 1.12%, 0, 0, 3, 482.04
1587688501, 0, 28, 93, 87, 25, 1.13%, 0, 0, 3, 450.27
1587688522, 0, 29, 93, 86, 25, 1.13%, 0, 0, 3, 490.18
1587688552, 0, 30, 93, 85, 24, 1.13%, 0, 0, 3, 476.08
1587688583, 0, 31, 93, 84, 23, 1.13%, 0, 0, 3, 463.08
1587688623, 0, 32, 93, 83, 22, 1.13%, 0, 0, 3, 377.46
1587688664, 0, 33, 93, 82, 21, 1.13%, 0, 0, 3, 414.80
1587688702, 0, 34, 93, 81, 20, 1.13%, 0, 0, 3, 392.92
1587688732, 0, 41, 97, 84, 23, 1.14%, 0, 0, 3, 459.90
1587688773, 0, 42, 97, 83, 22, 1.14%, 0, 0, 3, 450.37
1587688814, 0, 42, 98, 84, 22, 1.14%, 0, 0, 3, 418.68
1587688819, 0, 44, 98, 83, 21, 1.14%, 0, 0, 3, 473.49
1587688834, 0, 44, 99, 84, 21, 1.14%, 0, 0, 3, 460.97
1587688885, 0, 50, 99, 83, 21, 1.14%, 0, 0, 3, 369.95
1587688916, 0, 50, 101, 85, 21, 1.14%, 0, 0, 3, 500.11
1587688926, 0, 52, 101, 84, 20, 1.14%, 0, 0, 3, 530.07
1587688967, 0, 52, 109, 92, 20, 1.16%, 0, 0, 3, 372.82
1587688972, 0, 52, 117, 100, 20, 1.18%, 0, 0, 3, 479.04
1587688977, 0, 52, 123, 106, 20, 1.19%, 0, 0, 3, 413.21
1587688982, 0, 52, 127, 110, 20, 1.22%, 0, 0, 3, 401.15
1587688987, 0, 52, 133, 116, 20, 1.23%, 0, 0, 3, 353.94
1587688992, 0, 52, 136, 119, 20, 1.23%, 0, 0, 3, 77.67
1587688997, 0, 52, 139, 122, 20, 1.23%, 0, 0, 3, 36.61
1587689002, 0, 52, 141, 124, 20, 1.23%, 0, 0, 3, 390.29
1587689008, 0, 52, 144, 127, 20, 1.24%, 0, 0, 3, 394.05
1587689013, 0, 52, 145, 128, 20, 1.24%, 0, 0, 3, 394.86
1587689018, 0, 52, 149, 132, 20, 1.28%, 0, 0, 3, 358.74
1587689023, 0, 52, 152, 135, 20, 1.28%, 0, 0, 3, 386.89
1587689028, 0, 52, 153, 136, 20, 1.28%, 0, 0, 3, 387.70
1587689033, 0, 56, 155, 137, 29, 1.29%, 0, 0, 3, 393.83
1587689038, 0, 56, 159, 141, 29, 1.30%, 0, 0, 3, 430.40
1587689043, 0, 56, 160, 142, 29, 1.30%, 0, 0, 3, 423.81
1587689048, 0, 56, 161, 143, 29, 1.30%, 0, 0, 3, 466.89
1587689059, 0, 56, 162, 144, 29, 1.30%, 0, 0, 3, 479.57
1587689064, 0, 56, 163, 145, 29, 1.31%, 0, 0, 3, 523.33
1587689069, 0, 56, 172, 154, 29, 1.32%, 0, 0, 3, 521.90
1587689074, 0, 56, 178, 160, 29, 1.35%, 0, 0, 3, 478.82
1587689079, 0, 56, 184, 166, 29, 1.38%, 0, 0, 3, 491.79
1587689084, 0, 56, 185, 167, 29, 1.38%, 0, 0, 3, 482.77
1587689089, 0, 56, 186, 168, 29, 1.38%, 0, 0, 3, 517.71
1587689094, 0, 56, 188, 170, 29, 1.38%, 0, 0, 3, 508.08
1587689099, 0, 56, 191, 173, 29, 1.38%, 0, 0, 3, 513.50
1587689104, 0, 56, 194, 176, 29, 1.39%, 0, 0, 3, 501.69
1587689109, 0, 56, 195, 177, 29, 1.39%, 0, 0, 3, 494.28
1587689120, 0, 56, 196, 178, 29, 1.39%, 0, 0, 3, 461.25
1587689125, 0, 56, 198, 180, 29, 1.39%, 0, 0, 3, 495.15
1587689130, 0, 56, 199, 181, 29, 1.39%, 0, 0, 3, 494.90
1587689135, 0, 62, 201, 181, 29, 1.39%, 0, 0, 3, 518.75
1587689145, 0, 78, 201, 180, 28, 1.39%, 0, 0, 3, 506.50
1587689170, 0, 78, 204, 183, 28, 1.39%, 0, 0, 3, 527.85
1587689175, 0, 78, 205, 184, 28, 1.39%, 0, 0, 3, 495.11
1587689181, 0, 78, 206, 185, 28, 1.39%, 0, 0, 3, 438.35
1587689186, 0, 78, 207, 186, 28, 1.39%, 0, 0, 3, 478.29
1587689191, 0, 78, 209, 188, 28, 1.39%, 0, 0, 3, 487.28
1587689206, 0, 78, 210, 189, 28, 1.39%, 0, 0, 3, 467.36
1587689211, 0, 78, 211, 190, 28, 1.39%, 0, 0, 3, 501.42
1587689226, 0, 78, 213, 192, 28, 1.39%, 0, 0, 3, 480.26
1587689242, 0, 80, 213, 191, 25, 1.39%, 0, 0, 3, 517.76
1587689277, 0, 81, 213, 190, 24, 1.39%, 0, 0, 3, 506.64
1587689287, 0, 81, 214, 191, 24, 1.39%, 0, 0, 3, 470.74
1587689298, 0, 88, 214, 190, 24, 1.39%, 0, 0, 3, 548.47
1587689303, 0, 88, 215, 191, 24, 1.39%, 0, 0, 4, 565.84
1587689308, 0, 88, 217, 193, 24, 1.39%, 0, 0, 4, 533.12
1587689318, 0, 88, 218, 194, 24, 1.39%, 0, 0, 4, 497.09
1587689323, 0, 88, 220, 196, 24, 1.39%, 0, 0, 4, 480.06
1587689368, 0, 89, 220, 195, 23, 1.39%, 0, 0, 4, 540.11
1587689399, 0, 92, 220, 194, 22, 1.39%, 0, 0, 4, 525.58
1587689429, 0, 93, 220, 193, 21, 1.39%, 0, 0, 4, 523.84
1587689460, 0, 94, 220, 192, 20, 1.39%, 0, 0, 4, 544.17
1587689486, 0, 95, 220, 191, 19, 1.39%, 0, 0, 4, 537.49
1587689521, 0, 96, 220, 190, 18, 1.39%, 0, 0, 4, 528.45
1587689551, 0, 128, 221, 190, 17, 1.39%, 0, 0, 4, 468.36
1587689567, 0, 128, 222, 191, 17, 1.40%, 0, 0, 4, 461.69
1587689607, 0, 135, 222, 190, 18, 1.40%, 0, 0, 4, 466.14
1587689623, 0, 135, 225, 193, 18, 1.41%, 0, 0, 4, 506.85
1587689628, 0, 135, 228, 196, 18, 1.41%, 0, 0, 4, 504.55
1587689633, 0, 135, 232, 200, 18, 1.42%, 0, 0, 4, 529.03
1587689638, 0, 135, 234, 202, 18, 1.43%, 0, 0, 4, 533.46
1587689653, 0, 135, 235, 203, 18, 1.43%, 0, 0, 4, 546.19
1587689668, 0, 135, 237, 205, 18, 1.43%, 0, 0, 4, 525.31
1587689673, 0, 135, 238, 206, 18, 1.43%, 0, 0, 4, 525.08
1587689688, 0, 160, 238, 205, 19, 1.43%, 0, 0, 4, 536.20
1587689719, 0, 162, 241, 207, 18, 1.47%, 0, 0, 4, 529.73
1587689724, 0, 162, 244, 210, 18, 1.52%, 0, 0, 4, 558.48
1587689744, 0, 168, 244, 209, 23, 1.52%, 0, 0, 4, 539.48
1587689790, 0, 168, 245, 210, 23, 1.52%, 0, 0, 4, 491.91
1587689795, 0, 175, 252, 216, 23, 1.52%, 0, 0, 4, 562.85
1587689800, 0, 175, 253, 217, 23, 1.52%, 0, 0, 4, 577.21
1587689810, 0, 175, 256, 220, 23, 1.52%, 0, 0, 4, 557.03
1587689815, 0, 175, 267, 231, 23, 1.52%, 0, 0, 4, 583.39
1587689821, 0, 175, 268, 232, 23, 1.52%, 0, 0, 4, 573.96
1587689826, 0, 175, 270, 234, 23, 1.52%, 0, 0, 4, 561.36
1587689831, 0, 175, 276, 240, 23, 1.52%, 0, 0, 4, 558.28
1587689836, 0, 175, 278, 242, 23, 1.52%, 0, 0, 4, 576.73
1587689841, 0, 175, 280, 244, 23, 1.52%, 0, 0, 4, 566.21
1587689846, 0, 175, 281, 245, 23, 1.52%, 0, 0, 4, 587.07
1587689856, 0, 179, 281, 244, 23, 1.52%, 0, 0, 4, 568.61
1587689902, 0, 179, 282, 245, 23, 1.52%, 0, 0, 4, 521.06
1587689907, 0, 179, 284, 247, 23, 1.52%, 0, 0, 4, 504.78
1587689912, 0, 179, 285, 248, 23, 1.52%, 0, 0, 4, 522.12
1587689928, 0, 179, 287, 250, 23, 1.52%, 0, 0, 4, 528.88
1587689948, 0, 199, 287, 249, 22, 1.52%, 0, 0, 4, 577.31
1587689983, 0, 213, 287, 248, 21, 1.52%, 0, 0, 4, 563.92
1587689999, 0, 217, 287, 247, 20, 1.52%, 0, 0, 4, 572.27
1587690019, 0, 217, 294, 254, 20, 1.52%, 0, 0, 5, 520.91
1587690024, 0, 217, 297, 257, 20, 1.52%, 0, 0, 5, 543.05
1587690029, 0, 217, 298, 258, 20, 1.52%, 0, 0, 5, 528.15
1587690034, 0, 217, 299, 259, 20, 1.52%, 0, 0, 5, 550.78
1587690064, 0, 220, 299, 258, 19, 1.52%, 0, 0, 5, 569.62
1587690110, 0, 221, 299, 257, 18, 1.52%, 0, 0, 5, 577.77
1587690156, 0, 222, 299, 256, 17, 1.52%, 0, 0, 5, 488.76
1587690171, 0, 222, 302, 259, 17, 1.52%, 0, 0, 5, 536.93
1587690181, 0, 222, 303, 260, 17, 1.52%, 0, 0, 5, 525.13
1587690186, 0, 222, 305, 262, 17, 1.52%, 0, 0, 5, 438.50
1587690191, 0, 222, 306, 263, 17, 1.52%, 0, 0, 5, 473.87
1587690232, 0, 235, 306, 262, 17, 1.52%, 0, 0, 5, 567.42
1587690253, 0, 235, 308, 264, 17, 1.52%, 0, 0, 5, 563.56
1587690258, 0, 235, 309, 265, 17, 1.52%, 0, 0, 5, 561.71
1587690263, 0, 235, 310, 266, 17, 1.52%, 0, 0, 5, 555.09
1587690268, 0, 235, 311, 267, 17, 1.52%, 0, 0, 5, 561.87
1587690273, 0, 235, 313, 269, 17, 1.52%, 0, 0, 5, 572.99
1587690288, 0, 235, 314, 270, 17, 1.52%, 0, 0, 5, 576.67
1587690299, 0, 235, 315, 271, 17, 1.52%, 0, 0, 5, 582.23
1587690304, 0, 235, 316, 272, 17, 1.52%, 0, 0, 5, 551.49
1587690309, 0, 236, 316, 271, 18, 1.52%, 0, 0, 5, 572.79
1587690334, 0, 236, 318, 273, 18, 1.52%, 0, 0, 5, 564.42
1587690339, 0, 236, 320, 275, 18, 1.53%, 0, 0, 5, 551.61
1587690345, 0, 236, 322, 277, 18, 1.53%, 0, 0, 5, 565.59
1587690360, 0, 236, 323, 278, 18, 1.53%, 0, 0, 5, 553.79
1587690365, 0, 236, 324, 279, 18, 1.53%, 0, 0, 5, 540.68
1587690370, 0, 236, 325, 280, 18, 1.53%, 0, 0, 5, 536.86
1587690390, 0, 236, 326, 281, 18, 1.53%, 0, 0, 5, 562.50
1587690395, 0, 238, 327, 281, 18, 1.53%, 0, 0, 5, 533.12
1587690400, 0, 238, 329, 283, 18, 1.56%, 0, 0, 5, 561.21
1587690405, 0, 238, 330, 284, 18, 1.56%, 0, 0, 5, 569.95
1587690431, 0, 239, 331, 284, 19, 1.56%, 0, 0, 5, 570.54
1587690457, 0, 240, 331, 283, 19, 1.56%, 0, 0, 5, 557.25
1587690492, 0, 241, 331, 282, 18, 1.56%, 0, 0, 5, 496.68
1587690497, 0, 241, 332, 283, 18, 1.56%, 0, 0, 5, 483.68
1587690523, 0, 242, 333, 283, 18, 1.57%, 0, 0, 5, 544.71
1587690533, 0, 242, 334, 284, 18, 1.57%, 0, 0, 5, 425.77
1587690558, 0, 243, 334, 283, 19, 1.57%, 0, 0, 5, 583.92
1587690573, 0, 243, 335, 284, 19, 1.57%, 0, 0, 5, 568.80
1587690583, 0, 243, 336, 285, 19, 1.57%, 0, 0, 5, 556.83
1587690588, 0, 243, 337, 286, 19, 1.57%, 0, 0, 5, 535.23
1587690594, 0, 244, 337, 285, 19, 1.57%, 0, 0, 5, 569.68
1587690599, 0, 244, 338, 286, 19, 1.57%, 0, 0, 5, 560.64
1587690634, 0, 250, 338, 285, 19, 1.57%, 0, 0, 5, 545.24
1587690660, 0, 252, 338, 284, 18, 1.57%, 0, 0, 5, 567.16
1587690685, 0, 267, 339, 284, 17, 1.57%, 0, 0, 5, 553.41
1587690695, 0, 267, 340, 285, 17, 1.57%, 0, 0, 5, 546.49
1587690721, 0, 267, 343, 288, 17, 1.57%, 0, 0, 5, 537.47
1587690726, 0, 267, 350, 295, 17, 1.57%, 0, 0, 5, 550.47
1587690731, 0, 267, 354, 299, 17, 1.57%, 0, 0, 5, 535.83
1587690736, 0, 267, 357, 302, 17, 1.57%, 0, 0, 5, 529.93
1587690741, 0, 267, 360, 305, 17, 1.57%, 0, 0, 5, 538.93
1587690746, 0, 267, 361, 306, 17, 1.57%, 0, 0, 5, 533.39
1587690761, 0, 267, 362, 307, 17, 1.57%, 0, 0, 5, 538.62
1587690771, 0, 267, 363, 308, 17, 1.57%, 0, 0, 5, 544.74
1587690776, 0, 267, 364, 309, 17, 1.57%, 0, 0, 5, 537.86
1587690782, 0, 275, 364, 308, 16, 1.57%, 0, 0, 5, 555.37
1587690797, 0, 275, 365, 309, 16, 1.57%, 0, 0, 5, 513.71
1587690802, 0, 276, 365, 308, 15, 1.57%, 0, 0, 5, 559.45
1587690838, 0, 276, 366, 309, 15, 1.57%, 0, 0, 5, 580.59
1587690843, 0, 305, 366, 308, 14, 1.57%, 0, 0, 5, 544.17
1587690853, 0, 305, 367, 309, 14, 1.57%, 0, 0, 6, 513.71
1587690894, 0, 305, 368, 310, 14, 1.57%, 0, 0, 6, 538.96
1587690899, 0, 305, 369, 311, 14, 1.57%, 0, 0, 6, 529.69
1587690904, 0, 305, 370, 312, 14, 1.57%, 0, 0, 6, 524.64
1587690929, 0, 310, 370, 311, 14, 1.57%, 0, 0, 6, 555.22
1587690950, 0, 310, 372, 313, 14, 1.57%, 0, 0, 6, 563.14
1587690965, 0, 312, 372, 312, 13, 1.57%, 0, 0, 6, 546.08
1587690996, 0, 319, 377, 316, 12, 1.58%, 0, 0, 6, 554.46
1587691011, 0, 319, 381, 320, 12, 1.58%, 0, 0, 6, 586.54
1587691016, 0, 319, 384, 323, 12, 1.58%, 0, 0, 6, 581.37
1587691021, 0, 319, 385, 324, 12, 1.58%, 0, 0, 6, 580.60
1587691046, 0, 319, 386, 325, 12, 1.64%, 0, 0, 6, 587.25
1587691067, 0, 327, 386, 324, 18, 1.64%, 0, 0, 6, 571.69
1587691102, 0, 328, 386, 323, 17, 1.64%, 0, 0, 6, 543.95
1587691133, 0, 329, 386, 322, 16, 1.64%, 0, 0, 6, 544.67
1587691163, 0, 330, 386, 321, 15, 1.64%, 0, 0, 6, 582.41
1587691199, 0, 331, 386, 320, 14, 1.64%, 0, 0, 6, 575.17
1587691204, 0, 331, 387, 321, 14, 1.64%, 0, 0, 6, 534.80
1587691229, 0, 332, 387, 320, 14, 1.64%, 0, 0, 6, 576.00
1587691255, 0, 333, 387, 319, 13, 1.64%, 0, 0, 6, 573.67
1587691285, 0, 334, 387, 318, 12, 1.64%, 0, 0, 6, 583.05
1587691316, 0, 337, 387, 317, 11, 1.64%, 0, 0, 6, 569.33
1587691356, 0, 366, 392, 321, 10, 1.65%, 0, 0, 7, 543.73
1587691366, 0, 366, 393, 322, 10, 1.65%, 0, 0, 7, 547.22
1587691407, 0, 366, 397, 326, 10, 1.65%, 0, 0, 7, 532.42
1587691417, 0, 366, 399, 328, 10, 1.66%, 0, 0, 7, 553.13
1587691427, 0, 366, 400, 329, 10, 1.66%, 0, 0, 7, 556.53
1587691432, 0, 366, 401, 330, 10, 1.66%, 0, 0, 7, 555.97
1587691452, 0, 372, 403, 331, 16, 1.66%, 0, 0, 7, 527.44
1587691457, 0, 372, 404, 332, 16, 1.66%, 0, 0, 7, 559.95
1587691473, 0, 373, 405, 332, 15, 1.66%, 0, 0, 7, 552.53
1587691488, 0, 373, 406, 333, 15, 1.66%, 0, 0, 7, 575.70
1587691493, 0, 373, 407, 334, 15, 1.66%, 0, 0, 7, 562.88
1587691504, 0, 374, 408, 334, 16, 1.66%, 0, 0, 7, 584.10
1587691514, 0, 374, 410, 336, 16, 1.67%, 0, 0, 7, 593.39
1587691519, 0, 374, 411, 337, 16, 1.67%, 0, 0, 7, 584.42
1587691534, 0, 374, 412, 338, 16, 1.67%, 0, 0, 7, 570.93
1587691555, 0, 374, 413, 339, 16, 1.67%, 0, 0, 7, 581.77
1587691570, 0, 375, 414, 339, 20, 1.67%, 0, 0, 7, 575.85
1587691585, 0, 375, 415, 340, 20, 1.67%, 0, 0, 7, 592.30
1587691590, 0, 375, 417, 342, 20, 1.67%, 0, 0, 7, 579.88
1587691616, 0, 376, 417, 341, 20, 1.67%, 0, 0, 7, 611.05
1587691631, 0, 377, 417, 340, 19, 1.67%, 0, 0, 7, 604.63
1587691641, 0, 385, 420, 342, 18, 1.68%, 0, 0, 7, 587.20
1587691646, 0, 385, 421, 343, 18, 1.68%, 0, 0, 7, 584.23
1587691656, 0, 385, 423, 345, 18, 1.68%, 0, 0, 7, 576.04
1587691662, 0, 386, 423, 344, 22, 1.68%, 0, 0, 7, 588.24
1587691667, 0, 386, 424, 345, 22, 1.68%, 0, 0, 7, 579.81
1587691692, 0, 388, 424, 344, 21, 1.68%, 0, 0, 7, 443.03
1587691723, 0, 389, 424, 343, 20, 1.68%, 0, 0, 7, 531.47
1587691748, 0, 391, 424, 342, 18, 1.68%, 0, 0, 7, 529.66
1587691758, 0, 391, 425, 343, 18, 1.68%, 0, 0, 8, 521.65
1587691794, 0, 391, 426, 344, 18, 1.68%, 0, 0, 8, 548.68
1587691809, 0, 392, 427, 344, 19, 1.68%, 0, 0, 8, 525.61
1587691859, 0, 392, 428, 345, 19, 1.68%, 0, 0, 8, 538.12
1587691869, 0, 395, 428, 344, 19, 1.68%, 0, 0, 8, 493.52
1587691920, 0, 395, 429, 345, 19, 1.68%, 0, 0, 8, 552.66
1587691925, 0, 395, 431, 347, 19, 1.68%, 0, 0, 8, 558.27
1587691940, 0, 395, 432, 348, 19, 1.68%, 0, 0, 8, 524.27
1587691965, 0, 397, 433, 348, 18, 1.68%, 0, 0, 8, 519.70
1587692016, 0, 401, 433, 347, 18, 1.68%, 0, 0, 8, 568.34
1587692042, 0, 403, 433, 346, 17, 1.68%, 0, 0, 8, 584.55
1587692057, 0, 404, 433, 345, 16, 1.68%, 0, 0, 8, 573.09
1587692072, 0, 404, 434, 346, 16, 1.68%, 0, 0, 8, 577.47
1587692077, 0, 404, 435, 347, 16, 1.68%, 0, 0, 8, 580.97
1587692088, 0, 404, 436, 348, 16, 1.68%, 0, 0, 8, 574.68
1587692103, 0, 407, 436, 347, 15, 1.68%, 0, 0, 8, 559.01
1587692118, 0, 408, 436, 346, 14, 1.68%, 0, 0, 8, 595.16
1587692154, 0, 409, 436, 345, 13, 1.68%, 0, 0, 8, 586.89
1587692164, 0, 409, 438, 347, 13, 1.68%, 0, 0, 8, 576.94
1587692169, 0, 409, 439, 348, 13, 1.68%, 0, 0, 8, 587.19
1587692174, 0, 409, 440, 349, 13, 1.68%, 0, 0, 8, 546.27
1587692189, 0, 410, 441, 349, 12, 1.68%, 0, 0, 8, 563.37
1587692209, 0, 410, 443, 351, 12, 1.68%, 0, 0, 8, 552.26
1587692214, 0, 410, 444, 352, 12, 1.68%, 0, 0, 8, 534.55
1587692240, 0, 413, 444, 351, 12, 1.68%, 0, 0, 8, 564.60
1587692255, 0, 418, 444, 350, 11, 1.68%, 0, 0, 8, 549.39
1587692270, 0, 418, 446, 352, 11, 1.68%, 0, 0, 8, 543.80
1587692275, 0, 418, 447, 353, 11, 1.68%, 0, 0, 8, 553.07
1587692296, 0, 418, 448, 354, 11, 1.68%, 0, 0, 8, 472.77
1587692306, 0, 418, 450, 356, 11, 1.68%, 0, 0, 8, 581.57
1587692316, 0, 418, 451, 357, 11, 1.71%, 0, 0, 8, 557.48
1587692331, 0, 419, 451, 356, 12, 1.71%, 0, 0, 8, 591.83
1587692347, 0, 420, 451, 355, 11, 1.71%, 0, 0, 8, 582.04
1587692367, 0, 421, 451, 354, 10, 1.71%, 0, 0, 8, 543.11
1587692387, 0, 422, 452, 354, 9, 1.82%, 0, 0, 8, 530.52
1587692418, 0, 422, 453, 355, 9, 1.82%, 0, 0, 8, 524.06
1587692428, 0, 424, 453, 354, 9, 1.82%, 0, 0, 8, 511.29
1587692474, 0, 424, 454, 355, 9, 1.82%, 0, 0, 9, 532.86
1587692484, 0, 424, 455, 356, 9, 1.82%, 0, 0, 9, 541.21
1587692494, 0, 424, 456, 357, 9, 1.82%, 0, 0, 9, 559.55
1587692509, 0, 425, 456, 356, 8, 1.82%, 0, 0, 9, 535.18
1587692555, 0, 425, 458, 358, 8, 1.82%, 0, 0, 9, 512.00
1587692586, 0, 425, 459, 359, 8, 1.82%, 0, 0, 9, 517.21
1587692591, 0, 426, 459, 358, 8, 1.82%, 0, 0, 9, 474.77
1587692621, 0, 426, 460, 359, 8, 1.82%, 0, 0, 9, 543.72
1587692637, 0, 432, 460, 358, 7, 1.82%, 0, 0, 9, 531.61
1587692687, 0, 440, 460, 357, 6, 1.82%, 0, 0, 9, 555.18
1587692707, 0, 440, 462, 359, 6, 1.82%, 0, 0, 9, 584.53
1587692728, 0, 448, 463, 359, 5, 1.82%, 0, 0, 9, 575.11
1587692743, 0, 448, 465, 361, 5, 1.82%, 0, 0, 9, 570.82
1587692748, 0, 448, 466, 362, 5, 1.82%, 0, 0, 9, 562.49
1587692758, 0, 448, 467, 363, 5, 1.82%, 0, 0, 9, 567.79
1587692774, 0, 450, 468, 363, 7, 1.86%, 0, 0, 9, 568.21
1587692779, 0, 450, 469, 364, 7, 1.86%, 0, 0, 9, 559.27
1587692789, 0, 450, 470, 365, 7, 1.91%, 0, 0, 9, 571.97
1587692809, 0, 450, 471, 366, 7, 1.91%, 0, 0, 9, 561.53
1587692815, 0, 450, 472, 367, 7, 1.91%, 0, 0, 9, 579.05
1587692840, 0, 451, 472, 366, 9, 1.91%, 0, 0, 9, 531.48
1587692865, 0, 451, 473, 367, 9, 1.92%, 0, 0, 9, 551.52
1587692870, 0, 451, 475, 369, 9, 1.94%, 0, 0, 9, 535.56
1587692886, 0, 451, 476, 370, 9, 1.94%, 0, 0, 9, 553.83
1587692901, 0, 458, 478, 371, 10, 1.94%, 0, 0, 10, 539.86
1587692906, 0, 458, 481, 374, 10, 1.95%, 0, 0, 10, 535.86
1587692941, 0, 458, 482, 375, 10, 1.95%, 0, 0, 10, 534.10
1587692951, 0, 462, 482, 374, 15, 1.95%, 0, 0, 10, 546.62
1587692972, 0, 462, 483, 375, 15, 1.95%, 0, 0, 10, 536.97
1587692977, 0, 462, 484, 376, 15, 1.95%, 0, 0, 10, 546.89
1587692992, 0, 465, 484, 375, 14, 1.95%, 0, 0, 10, 537.31
1587693017, 0, 465, 485, 376, 14, 1.95%, 0, 0, 10, 504.08
1587693033, 0, 466, 485, 375, 13, 1.95%, 0, 0, 10, 562.85
1587693064, 0, 466, 486, 376, 13, 1.95%, 0, 0, 10, 577.45
1587693074, 0, 467, 486, 375, 12, 1.95%, 0, 0, 10, 595.31
1587693079, 0, 467, 487, 376, 12, 1.95%, 0, 0, 10, 571.42
1587693109, 0, 467, 488, 377, 12, 1.95%, 0, 0, 10, 569.55
1587693125, 0, 468, 489, 377, 11, 1.95%, 0, 0, 10, 576.60
1587693156, 0, 468, 490, 378, 11, 1.95%, 0, 0, 10, 589.62
1587693166, 0, 468, 491, 379, 11, 1.95%, 0, 0, 10, 574.29
1587693181, 0, 468, 492, 380, 11, 1.95%, 0, 0, 10, 580.66
1587693187, 0, 469, 493, 380, 11, 1.95%, 0, 0, 10, 577.72
1587693217, 0, 469, 494, 381, 11, 1.95%, 0, 0, 10, 593.22
1587693222, 0, 469, 495, 382, 11, 1.95%, 0, 0, 10, 568.23
1587693228, 0, 469, 496, 383, 11, 1.95%, 0, 0, 10, 576.17
1587693253, 0, 472, 496, 382, 11, 1.95%, 0, 0, 10, 558.55
1587693278, 0, 472, 497, 383, 11, 1.95%, 0, 0, 10, 565.10
1587693294, 0, 473, 498, 383, 10, 1.95%, 0, 0, 10, 564.33
1587693299, 0, 473, 499, 384, 10, 1.96%, 0, 0, 10, 548.15
1587693339, 0, 473, 500, 385, 10, 1.97%, 0, 0, 10, 562.89
1587693354, 0, 476, 500, 384, 12, 1.97%, 0, 0, 10, 556.32
1587693374, 0, 477, 501, 384, 11, 1.97%, 0, 0, 11, 509.46
1587693415, 0, 477, 504, 387, 11, 1.97%, 0, 0, 11, 565.04
1587693420, 0, 477, 505, 388, 11, 1.97%, 0, 0, 11, 536.35
1587693440, 0, 477, 506, 389, 11, 1.97%, 0, 0, 11, 567.44
1587693450, 0, 477, 507, 390, 11, 1.97%, 0, 0, 11, 582.54
1587693455, 0, 478, 507, 389, 12, 1.97%, 0, 0, 11, 568.69
1587693460, 0, 478, 509, 391, 12, 1.97%, 0, 0, 11, 560.64
1587693506, 0, 479, 509, 390, 13, 1.97%, 0, 0, 11, 490.68
1587693542, 0, 479, 510, 391, 13, 1.97%, 0, 0, 11, 542.27
1587693552, 0, 481, 512, 392, 13, 1.97%, 0, 0, 11, 519.20
1587693562, 0, 481, 515, 395, 13, 1.98%, 0, 0, 11, 530.53
1587693608, 0, 481, 516, 396, 13, 1.98%, 0, 0, 11, 507.00
1587693618, 0, 488, 517, 396, 17, 1.98%, 0, 0, 11, 540.66
1587693648, 0, 488, 518, 397, 17, 1.98%, 0, 0, 11, 552.17
1587693668, 0, 492, 518, 396, 17, 1.98%, 0, 0, 11, 536.49
1587693709, 0, 497, 518, 395, 16, 1.98%, 0, 0, 11, 527.92
1587693714, 0, 497, 519, 396, 16, 1.98%, 0, 0, 11, 523.12
1587693755, 0, 498, 520, 396, 16, 1.98%, 0, 0, 11, 507.33
1587693801, 0, 498, 522, 398, 16, 1.98%, 0, 0, 11, 493.09
1587693811, 0, 498, 523, 399, 16, 1.98%, 0, 0, 11, 545.56
1587693826, 0, 498, 524, 400, 16, 1.98%, 0, 0, 11, 537.65
1587693841, 0, 499, 524, 399, 15, 1.98%, 0, 0, 11, 554.93
1587693898, 0, 499, 525, 400, 15, 1.98%, 0, 0, 11, 554.60
1587693918, 0, 501, 525, 399, 14, 1.98%, 0, 0, 11, 469.62
1587693964, 0, 505, 525, 398, 13, 1.98%, 0, 0, 11, 558.40
1587693994, 0, 505, 527, 400, 13, 1.98%, 0, 0, 12, 565.32
1587694015, 0, 506, 527, 399, 12, 1.98%, 0, 0, 12, 574.53
1587694045, 0, 506, 528, 400, 12, 1.98%, 0, 0, 12, 571.43
1587694055, 0, 507, 528, 399, 11, 1.98%, 0, 0, 12, 551.07
1587694096, 0, 507, 530, 401, 11, 1.98%, 0, 0, 12, 458.17
1587694106, 0, 507, 531, 402, 11, 1.98%, 0, 0, 12, 540.34
1587694126, 0, 507, 532, 403, 11, 1.98%, 0, 0, 12, 550.11
1587694142, 0, 508, 532, 402, 11, 1.98%, 0, 0, 12, 578.02
1587694152, 0, 509, 532, 401, 10, 1.98%, 0, 0, 12, 582.04
1587694187, 0, 510, 532, 400, 9, 1.98%, 0, 0, 12, 550.12
1587694228, 0, 511, 532, 399, 8, 1.98%, 0, 0, 12, 535.34
1587694233, 0, 511, 533, 400, 8, 1.99%, 0, 0, 12, 518.76
1587694244, 0, 511, 534, 401, 8, 1.99%, 0, 0, 12, 524.79
1587694279, 0, 511, 535, 402, 8, 1.99%, 0, 0, 12, 552.93
1587694289, 0, 512, 537, 403, 9, 1.99%, 0, 0, 12, 540.89
1587694299, 0, 512, 538, 404, 9, 1.99%, 0, 0, 12, 550.94
1587694340, 0, 512, 539, 405, 9, 1.99%, 0, 0, 12, 541.86
1587694345, 0, 513, 539, 404, 10, 1.99%, 0, 0, 12, 521.89
1587694360, 0, 513, 540, 405, 10, 1.99%, 0, 0, 12, 535.26
1587694401, 0, 514, 540, 404, 9, 1.99%, 0, 0, 12, 518.65
1587694406, 0, 514, 541, 405, 9, 1.99%, 0, 0, 12, 511.68
1587694451, 0, 514, 542, 406, 9, 1.99%, 0, 0, 12, 545.80
1587694462, 0, 516, 543, 406, 9, 1.99%, 0, 0, 12, 588.31
1587694497, 0, 518, 543, 405, 9, 1.99%, 0, 0, 12, 552.23
1587694543, 0, 529, 543, 404, 8, 1.99%, 0, 0, 12, 556.74
1587694573, 0, 532, 543, 403, 7, 1.99%, 0, 0, 12, 550.28
1587694588, 0, 532, 544, 404, 7, 1.99%, 0, 0, 13, 532.64
1587694629, 0, 533, 544, 403, 6, 1.99%, 0, 0, 13, 554.22
1587694674, 0, 533, 545, 404, 6, 1.99%, 0, 0, 13, 562.79
1587694679, 0, 533, 546, 405, 6, 1.99%, 0, 0, 13, 571.96
1587694699, 0, 536, 546, 404, 5, 1.99%, 0, 0, 13, 544.03
1587694750, 0, 537, 546, 403, 5, 1.99%, 0, 0, 13, 543.73
1587694786, 0, 540, 547, 403, 4, 1.99%, 0, 0, 13, 559.35
1587694836, 0, 541, 547, 402, 3, 1.99%, 0, 0, 13, 555.39
1587694872, 0, 542, 547, 401, 2, 1.99%, 0, 0, 13, 543.97
1587694877, 0, 542, 548, 402, 2, 1.99%, 0, 0, 13, 530.38
1587694907, 0, 542, 549, 403, 2, 1.99%, 0, 0, 13, 593.73
1587694923, 0, 547, 550, 403, 1, 1.99%, 0, 0, 14, 580.68
1587694958, 0, 547, 551, 404, 1, 1.99%, 0, 0, 14, 575.47
1587694968, 0, 549, 552, 404, 1, 1.99%, 0, 0, 15, 600.72
1587694988, 0, 549, 553, 405, 1, 1.99%, 0, 0, 15, 579.21
1587694999, 1, 26, 553, 404, 1, 1.99%, 0, 0, 15, 559.46
1587695004, 1, 111, 553, 403, 1, 1.99%, 0, 0, 15, 580.97
1587695029, 1, 111, 556, 406, 1, 1.99%, 0, 0, 15, 566.68
1587695034, 1, 111, 558, 408, 1, 1.99%, 0, 0, 15, 566.17
1587695039, 1, 111, 559, 409, 1, 1.99%, 0, 0, 15, 578.43
1587695044, 1, 111, 562, 412, 1, 1.99%, 0, 0, 15, 572.74
1587695054, 1, 111, 563, 413, 1, 1.99%, 0, 0, 15, 558.67
1587695059, 1, 111, 564, 414, 1, 1.99%, 0, 0, 15, 569.78
1587695064, 1, 111, 565, 415, 1, 1.99%, 0, 0, 15, 601.76
1587695075, 1, 111, 566, 416, 1, 1.99%, 0, 0, 15, 594.67
1587695085, 1, 237, 566, 415, 3, 1.99%, 0, 0, 15, 565.84
1587695131, 1, 335, 566, 414, 3, 1.99%, 0, 0, 15, 569.17
1587695161, 1, 335, 567, 415, 3, 1.99%, 0, 0, 15, 581.21
1587695166, 1, 361, 568, 415, 2, 1.99%, 0, 0, 15, 555.24
1587695222, 1, 361, 579, 426, 2, 1.99%, 0, 0, 15, 552.85
1587695228, 1, 361, 589, 436, 2, 1.99%, 0, 0, 15, 570.35
1587695233, 1, 361, 597, 444, 2, 2.01%, 0, 0, 15, 576.22
1587695238, 1, 361, 601, 448, 2, 2.01%, 0, 0, 15, 565.67
1587695243, 1, 361, 605, 452, 2, 2.01%, 0, 0, 15, 561.06
1587695248, 1, 361, 608, 455, 2, 2.01%, 0, 0, 15, 536.67
1587695253, 1, 361, 611, 458, 2, 2.01%, 0, 0, 15, 568.16
1587695258, 1, 361, 613, 460, 2, 2.01%, 0, 0, 15, 554.86
1587695263, 1, 361, 615, 462, 2, 2.01%, 0, 0, 15, 530.65
1587695268, 1, 361, 617, 464, 2, 2.01%, 0, 0, 15, 553.56
1587695274, 1, 361, 618, 465, 2, 2.01%, 0, 0, 15, 567.39
1587695279, 1, 453, 620, 466, 3, 2.01%, 0, 0, 15, 557.65
1587695344, 1, 453, 623, 469, 3, 2.01%, 0, 0, 15, 531.95
1587695350, 1, 453, 625, 471, 3, 2.01%, 0, 0, 15, 560.66
1587695360, 1, 453, 627, 473, 3, 2.01%, 0, 0, 15, 535.24
1587695380, 1, 560, 627, 472, 3, 2.01%, 0, 0, 15, 593.51
1587695420, 1, 560, 628, 473, 3, 2.01%, 0, 0, 15, 615.45
1587695426, 1, 562, 628, 472, 2, 2.01%, 0, 0, 15, 592.73
1587695431, 1, 562, 630, 474, 2, 2.01%, 0, 0, 15, 615.85
1587695436, 1, 562, 631, 475, 2, 2.01%, 0, 0, 15, 638.23
1587695441, 1, 562, 632, 476, 2, 2.01%, 0, 0, 15, 630.26
1587695471, 1, 562, 633, 477, 2, 2.01%, 0, 0, 15, 560.67
1587695476, 1, 589, 633, 476, 3, 2.01%, 0, 0, 15, 538.71
1587695482, 1, 589, 651, 494, 3, 2.01%, 0, 0, 15, 448.01
1587695487, 1, 589, 668, 511, 3, 2.01%, 0, 0, 15, 448.90
1587695492, 1, 589, 693, 536, 3, 2.01%, 0, 0, 15, 443.49
1587695497, 1, 589, 719, 562, 3, 2.01%, 0, 0, 15, 434.10
1587695533, 1, 589, 737, 580, 3, 2.01%, 0, 0, 15, 420.12
1587695538, 1, 589, 765, 608, 3, 2.01%, 0, 0, 15, 412.96
1587695543, 1, 589, 775, 618, 3, 2.01%, 0, 0, 15, 422.34
1587695695, 1, 589, 782, 625, 3, 2.01%, 0, 0, 15, 472.40
1587695700, 1, 589, 787, 630, 3, 2.01%, 0, 0, 15, 479.31
1587695715, 1, 589, 788, 631, 3, 2.01%, 0, 0, 15, 488.39
1587695720, 1, 589, 789, 632, 3, 2.01%, 0, 0, 15, 473.39
1587695725, 1, 589, 790, 633, 3, 2.01%, 0, 0, 15, 478.78
1587695730, 1, 589, 791, 634, 3, 2.01%, 0, 0, 15, 473.52
1587695735, 1, 589, 792, 635, 3, 2.01%, 0, 0, 15, 474.52
1587695746, 1, 629, 792, 634, 3, 2.01%, 0, 0, 15, 384.06
1587695761, 1, 629, 793, 635, 3, 2.01%, 0, 0, 15, 605.43
1587695781, 1, 629, 794, 636, 3, 2.01%, 0, 0, 15, 588.72
1587695791, 1, 631, 794, 635, 3, 2.01%, 0, 0, 15, 575.89
1587695832, 1, 631, 796, 637, 3, 2.01%, 0, 0, 15, 590.14
1587695837, 1, 631, 797, 638, 3, 2.01%, 0, 0, 15, 536.98
1587695842, 1, 631, 798, 639, 3, 2.01%, 0, 0, 15, 527.67
1587695847, 1, 631, 799, 640, 3, 2.01%, 0, 0, 15, 557.98
1587695853, 1, 631, 800, 641, 3, 2.01%, 0, 0, 15, 560.27
1587695858, 1, 631, 801, 642, 3, 2.01%, 0, 0, 15, 580.92
1587695873, 1, 631, 802, 643, 3, 2.01%, 0, 0, 15, 508.52
1587695878, 1, 633, 802, 642, 2, 2.01%, 0, 0, 15, 448.70
1587696106, 1, 739, 802, 641, 1, 2.01%, 0, 0, 15, 459.28
1587696289, 1, 739, 803, 642, 1, 2.01%, 0, 0, 15, 491.32
1587696309, 1, 793, 803, 641, 1, 2.01%, 0, 0, 15, 562.06
1587696324, 1, 793, 804, 642, 1, 2.02%, 0, 0, 15, 602.80
1587696360, 1, 803, 809, 646, 1, 2.02%, 0, 0, 15, 579.28
1587696416, 1, 805, 809, 645, 2, 2.02%, 0, 0, 15, 578.36
1587696466, 1, 805, 810, 646, 2, 2.02%, 0, 0, 15, 558.17
1587696471, 1, 805, 811, 647, 2, 2.02%, 0, 0, 15, 566.61
1587696477, 1, 805, 812, 648, 2, 2.02%, 0, 0, 15, 565.43
1587696497, 1, 807, 812, 647, 2, 2.02%, 0, 0, 15, 489.95
1587696553, 1, 811, 813, 647, 1, 2.02%, 0, 0, 15, 597.79
1587696609, 1, 812, 813, 646, 1, 2.02%, 0, 0, 15, 568.68
1587696670, 2, 24, 816, 648, 0, 2.02%, 0, 0, 15, 497.31
1587696675, 2, 37, 816, 647, 0, 2.02%, 0, 0, 15, 528.64
1587696711, 2, 37, 818, 649, 0, 2.02%, 0, 0, 15, 480.78
1587696716, 2, 37, 819, 650, 0, 2.02%, 0, 0, 15, 461.82
1587696721, 2, 37, 821, 652, 0, 2.02%, 0, 0, 15, 460.62
1587696726, 2, 37, 822, 653, 0, 2.02%, 0, 0, 15, 457.60
1587696731, 2, 37, 823, 654, 0, 2.02%, 0, 0, 15, 471.23
1587696741, 2, 37, 826, 657, 0, 2.02%, 0, 0, 15, 464.69
1587696746, 2, 37, 827, 658, 0, 2.02%, 0, 0, 15, 453.21
1587696751, 2, 37, 828, 659, 0, 2.02%, 0, 0, 15, 455.68
1587696762, 2, 40, 828, 658, 0, 2.02%, 0, 0, 15, 503.49
1587696803, 2, 43, 828, 657, 0, 2.02%, 0, 0, 15, 469.53
1587696833, 2, 51, 828, 656, 0, 2.02%, 0, 0, 15, 511.14
1587696859, 2, 51, 829, 657, 0, 2.02%, 0, 0, 15, 538.58
1587696864, 2, 54, 829, 656, 0, 2.02%, 0, 0, 15, 541.80
1587696909, 2, 57, 830, 656, 0, 2.02%, 0, 0, 15, 450.82
1587696945, 2, 60, 830, 655, 0, 2.02%, 0, 0, 15, 537.33
1587696985, 2, 62, 831, 655, 0, 2.02%, 0, 0, 15, 518.78
1587696990, 2, 63, 831, 655, 0, 2.02%, 0, 0, 15, 541.02
1587697021, 2, 64, 831, 654, 0, 2.02%, 0, 0, 15, 594.98
1587697026, 2, 70, 831, 653, 0, 2.02%, 0, 0, 15, 573.91
1587697061, 2, 72, 831, 652, 0, 2.02%, 0, 0, 15, 571.04
1587697112, 2, 82, 831, 651, 0, 2.02%, 0, 0, 15, 563.45
1587697138, 2, 97, 831, 650, 0, 2.02%, 0, 0, 15, 556.70
1587697173, 2, 107, 831, 649, 0, 2.02%, 0, 0, 15, 560.63
1587697219, 2, 108, 831, 648, 0, 2.02%, 0, 0, 15, 545.55
1587697260, 2, 109, 831, 647, 0, 2.02%, 0, 0, 15, 562.30
1587697310, 2, 121, 831, 646, 0, 2.02%, 0, 0, 15, 577.53
1587697336, 2, 123, 831, 645, 0, 2.02%, 0, 0, 15, 550.07
1587697371, 2, 124, 831, 644, 0, 2.02%, 0, 0, 15, 529.87
1587697427, 2, 129, 831, 643, 0, 2.02%, 0, 0, 15, 542.06
1587697483, 2, 133, 831, 642, 0, 2.02%, 0, 0, 15, 505.26
1587697529, 2, 137, 831, 641, 0, 2.02%, 0, 0, 15, 548.67
1587697585, 2, 142, 831, 640, 0, 2.02%, 0, 0, 15, 549.29
1587697626, 2, 145, 831, 639, 0, 2.02%, 0, 0, 15, 554.08
1587697666, 2, 145, 832, 640, 0, 2.02%, 0, 0, 15, 517.76
1587697671, 2, 146, 832, 639, 0, 2.02%, 0, 0, 15, 512.32
1587697707, 2, 149, 832, 638, 0, 2.02%, 0, 0, 15, 496.51
1587697757, 2, 157, 832, 637, 0, 2.02%, 0, 0, 15, 528.43
1587697788, 2, 159, 832, 636, 0, 2.02%, 0, 0, 15, 541.27
1587697813, 2, 162, 832, 635, 0, 2.02%, 0, 0, 15, 507.93
1587697818, 2, 164, 832, 635, 0, 2.02%, 0, 0, 15, 551.45
1587697864, 2, 165, 832, 634, 0, 2.02%, 0, 0, 15, 577.54
1587697879, 2, 165, 833, 635, 0, 2.02%, 0, 0, 15, 561.48
1587697884, 2, 167, 833, 634, 0, 2.02%, 0, 0, 15, 537.22
1587697910, 2, 171, 833, 633, 0, 2.02%, 0, 0, 15, 544.40
1587697945, 2, 172, 833, 632, 0, 2.02%, 0, 0, 15, 523.25
1587697981, 2, 177, 833, 631, 0, 2.02%, 0, 0, 15, 535.14
1587698021, 2, 181, 833, 630, 0, 2.02%, 0, 0, 15, 545.69
1587698047, 2, 190, 833, 629, 0, 2.02%, 0, 0, 15, 526.23
1587698087, 2, 201, 833, 628, 0, 2.02%, 0, 0, 15, 521.19
1587698133, 2, 204, 833, 627, 0, 2.02%, 0, 0, 15, 517.71
1587698189, 2, 218, 833, 626, 0, 2.02%, 0, 0, 15, 535.76
1587698204, 2, 229, 833, 625, 0, 2.02%, 0, 0, 15, 465.27
1587698234, 2, 245, 833, 624, 0, 2.02%, 0, 0, 15, 536.12
1587698260, 2, 246, 833, 623, 0, 2.02%, 0, 0, 15, 567.90
1587698280, 2, 246, 834, 624, 0, 2.02%, 0, 0, 15, 513.05
1587698285, 2, 253, 834, 623, 0, 2.02%, 0, 0, 15, 552.38
1587698305, 2, 253, 835, 624, 0, 2.02%, 0, 0, 15, 528.76
1587698316, 2, 256, 835, 623, 0, 2.02%, 0, 0, 15, 561.65
1587698341, 2, 260, 835, 622, 0, 2.02%, 0, 0, 15, 538.73
1587698382, 2, 260, 836, 623, 0, 2.02%, 0, 0, 15, 502.84
1587698387, 2, 260, 837, 624, 0, 2.02%, 0, 0, 15, 494.91
1587698403, 2, 261, 837, 623, 0, 2.02%, 0, 0, 15, 510.22
1587698463, 2, 264, 837, 622, 0, 2.02%, 0, 0, 15, 544.41
1587698494, 2, 264, 838, 623, 0, 2.02%, 0, 0, 15, 519.08
1587698504, 2, 266, 838, 622, 0, 2.02%, 0, 0, 15, 553.43
1587698534, 2, 268, 838, 621, 0, 2.02%, 0, 0, 15, 529.63
1587698570, 2, 269, 838, 620, 0, 2.02%, 0, 0, 15, 436.02
1587698626, 2, 271, 838, 619, 0, 2.02%, 0, 0, 15, 468.65
1587698671, 2, 273, 838, 618, 0, 2.02%, 0, 0, 15, 535.88
1587698697, 2, 284, 838, 617, 0, 2.02%, 0, 0, 15, 525.84
1587698758, 2, 285, 838, 616, 0, 2.02%, 0, 0, 15, 506.74
1587698823, 2, 288, 838, 615, 0, 2.02%, 0, 0, 15, 557.94
1587698839, 2, 288, 839, 616, 0, 2.02%, 0, 0, 15, 564.72
1587698844, 2, 288, 840, 617, 0, 2.02%, 0, 0, 15, 473.70
1587698849, 2, 288, 841, 618, 0, 2.02%, 0, 0, 15, 492.23
1587698859, 2, 288, 842, 619, 0, 2.02%, 0, 0, 15, 502.32
1587698885, 2, 288, 843, 620, 0, 2.02%, 0, 0, 15, 501.59
1587698905, 2, 291, 843, 619, 0, 2.02%, 0, 0, 15, 503.15
1587698951, 2, 292, 843, 618, 0, 2.02%, 0, 0, 15, 526.00
1587698986, 2, 294, 843, 617, 0, 2.02%, 0, 0, 15, 519.74
1587699022, 2, 297, 843, 616, 0, 2.02%, 0, 0, 15, 503.12
1587699053, 2, 301, 843, 615, 0, 2.02%, 0, 0, 15, 529.95
1587699093, 2, 301, 844, 616, 0, 2.02%, 0, 0, 15, 472.29
1587699098, 2, 309, 844, 615, 0, 2.02%, 0, 0, 15, 530.02
1587699154, 2, 313, 844, 614, 0, 2.02%, 0, 0, 15, 574.06
1587699180, 2, 313, 847, 617, 0, 2.02%, 0, 0, 15, 495.92
1587699185, 2, 313, 848, 618, 0, 2.02%, 0, 0, 15, 501.94
1587699201, 2, 313, 849, 619, 0, 2.02%, 0, 0, 15, 423.31
1587699232, 2, 380, 849, 618, 1, 2.02%, 0, 0, 15, 507.18
1587699277, 2, 393, 849, 617, 1, 2.02%, 0, 0, 15, 508.50
1587699338, 2, 393, 851, 619, 1, 2.02%, 0, 0, 15, 470.04
1587699349, 2, 393, 853, 621, 1, 2.02%, 0, 0, 15, 467.47
1587699404, 2, 402, 854, 621, 1, 2.02%, 0, 0, 15, 495.51
1587699455, 2, 402, 855, 622, 1, 2.02%, 0, 0, 15, 493.69
1587699460, 2, 402, 857, 624, 1, 2.02%, 0, 0, 15, 470.83
1587699470, 2, 402, 858, 625, 1, 2.02%, 0, 0, 15, 464.30
1587699490, 2, 402, 859, 626, 1, 2.02%, 0, 0, 15, 445.49
1587699521, 2, 429, 859, 625, 1, 2.02%, 0, 0, 15, 495.94
1587699592, 2, 675, 859, 624, 1, 2.02%, 0, 0, 15, 460.94
1587699820, 2, 675, 860, 625, 1, 2.02%, 0, 0, 15, 414.93
1587699835, 2, 710, 860, 624, 2, 2.02%, 0, 0, 15, 420.31
1587700059, 2, 772, 860, 623, 2, 2.02%, 0, 0, 15, 435.07
1587700282, 2, 846, 860, 622, 2, 2.02%, 0, 0, 15, 493.09
1587700343, 2, 846, 864, 626, 2, 2.02%, 0, 0, 15, 493.13
1587700364, 2, 846, 865, 627, 2, 2.02%, 0, 0, 15, 467.70
1587700369, 2, 846, 867, 629, 2, 2.02%, 0, 0, 15, 439.67
1587700374, 2, 846, 869, 631, 2, 2.02%, 0, 0, 15, 483.98
1587700379, 2, 846, 870, 632, 2, 2.02%, 0, 0, 15, 492.10
1587700394, 2, 854, 871, 632, 1, 2.02%, 0, 0, 15, 445.87
1587700521, 2, 859, 871, 631, 1, 2.02%, 0, 0, 15, 468.26
1587700527, 2, 859, 872, 632, 1, 2.02%, 0, 0, 15, 471.71
1587700542, 2, 859, 873, 633, 1, 2.03%, 0, 0, 15, 495.99
1587700684, 2, 859, 874, 634, 1, 2.03%, 0, 0, 15, 454.42
1587700694, 2, 859, 876, 636, 1, 2.03%, 0, 0, 15, 433.78
1587700699, 2, 859, 877, 637, 1, 2.03%, 0, 0, 15, 449.59
1587700704, 2, 859, 878, 638, 1, 2.03%, 0, 0, 15, 448.09
1587700709, 2, 859, 879, 639, 1, 2.03%, 0, 0, 15, 451.12
1587700724, 2, 872, 879, 638, 1, 2.03%, 0, 0, 15, 455.21
1587700907, 2, 872, 880, 639, 1, 2.03%, 0, 0, 15, 432.98
1587700927, 2, 872, 881, 640, 1, 2.03%, 0, 0, 15, 428.32
1587700948, 2, 873, 881, 639, 0, 2.03%, 0, 0, 15, 427.43
1587701140, 2, 873, 882, 640, 0, 2.03%, 0, 0, 15, 374.59
1587701156, 2, 873, 883, 641, 0, 2.03%, 0, 0, 15, 395.95
1587701176, 2, 875, 883, 640, 0, 2.03%, 0, 0, 15, 332.31
1587701186, 2, 875, 884, 641, 0, 2.03%, 0, 0, 15, 400.17
1587701461, 2, 876, 884, 640, 0, 2.03%, 0, 0, 15, 384.79
1587701496, 2, 876, 885, 641, 0, 2.03%, 0, 0, 15, 413.07
1587701751, 2, 876, 886, 642, 0, 2.03%, 0, 0, 15, 390.30
1587701786, 2, 883, 886, 641, 0, 2.03%, 0, 0, 15, 302.84
1587701796, 2, 883, 887, 642, 0, 2.03%, 0, 0, 15, 318.04
1587701822, 2, 883, 888, 643, 0, 2.03%, 0, 0, 15, 368.84
1587702035, 2, 883, 894, 649, 0, 2.03%, 0, 0, 15, 385.07
1587702045, 2, 883, 895, 650, 0, 2.03%, 0, 0, 15, 340.42
1587702077, 2, 883, 896, 651, 0, 2.03%, 0, 0, 15, 361.36
1587702087, 2, 890, 896, 650, 2, 2.03%, 0, 0, 15, 389.05
1587702346, 2, 890, 901, 655, 2, 2.03%, 0, 0, 15, 420.52
1587702351, 2, 890, 902, 656, 2, 2.03%, 0, 0, 15, 424.06
1587702397, 2, 890, 904, 658, 2, 2.03%, 0, 0, 15, 446.71
1587702402, 2, 898, 904, 657, 3, 2.03%, 0, 0, 15, 480.36
1587702493, 2, 898, 905, 658, 3, 2.03%, 0, 0, 15, 472.09
1587702498, 2, 898, 906, 659, 3, 2.03%, 0, 0, 15, 474.09
1587702509, 2, 898, 908, 661, 3, 2.03%, 0, 0, 15, 464.78
1587702544, 2, 899, 908, 660, 2, 2.03%, 0, 0, 15, 505.11
1587702554, 2, 899, 909, 661, 2, 2.03%, 0, 0, 15, 491.56
1587702722, 2, 899, 910, 662, 2, 2.04%, 0, 0, 15, 438.73
1587702727, 2, 899, 913, 665, 2, 2.04%, 0, 0, 15, 435.56
1587702732, 2, 899, 915, 667, 2, 2.04%, 0, 0, 15, 434.93
1587702737, 2, 899, 917, 669, 2, 2.05%, 0, 0, 15, 447.74
1587702757, 2, 899, 918, 670, 2, 2.05%, 0, 0, 15, 438.15
1587702762, 2, 899, 919, 671, 2, 2.06%, 0, 0, 15, 411.15
1587702768, 2, 903, 919, 670, 6, 2.06%, 0, 0, 15, 433.70
1587702808, 2, 903, 920, 671, 6, 2.06%, 0, 0, 15, 445.67
1587702818, 2, 903, 921, 672, 6, 2.06%, 0, 0, 15, 455.01
1587702940, 2, 903, 922, 673, 6, 2.06%, 0, 0, 15, 458.33
1587702956, 2, 903, 923, 674, 6, 2.06%, 0, 0, 15, 437.13
1587702966, 2, 903, 924, 675, 6, 2.06%, 0, 0, 15, 415.32
1587702986, 2, 908, 924, 674, 6, 2.06%, 0, 0, 15, 463.41
1587703174, 2, 908, 926, 676, 6, 2.07%, 0, 0, 15, 432.83
1587703179, 2, 908, 927, 677, 6, 2.07%, 0, 0, 15, 449.01
1587703184, 2, 908, 928, 678, 6, 2.07%, 0, 0, 15, 438.45
1587703195, 2, 908, 929, 679, 6, 2.07%, 0, 0, 15, 420.06
1587703205, 2, 908, 931, 681, 6, 2.07%, 0, 0, 15, 443.54
1587703225, 2, 908, 932, 682, 6, 2.07%, 0, 0, 15, 424.50
1587703230, 2, 908, 933, 683, 6, 2.07%, 0, 0, 15, 446.09
1587703235, 2, 913, 933, 682, 7, 2.07%, 0, 0, 15, 377.13
1587703241, 2, 913, 934, 683, 7, 2.07%, 0, 0, 15, 373.66
1587703246, 2, 913, 936, 685, 7, 2.07%, 0, 0, 15, 357.68
1587703266, 2, 913, 937, 686, 7, 2.07%, 0, 0, 15, 328.37
1587703286, 2, 913, 938, 687, 7, 2.07%, 0, 0, 15, 368.17
1587703353, 2, 913, 939, 688, 7, 2.07%, 0, 0, 15, 342.42
1587703496, 2, 913, 942, 691, 7, 2.07%, 0, 0, 15, 362.48
1587703501, 2, 913, 943, 692, 7, 2.08%, 0, 0, 15, 358.39
1587703710, 2, 913, 944, 693, 7, 2.08%, 0, 0, 15, 364.84
1587703720, 2, 913, 947, 696, 7, 2.09%, 0, 0, 15, 391.96
1587703725, 2, 913, 949, 698, 7, 2.09%, 0, 0, 15, 401.22
1587703730, 2, 913, 950, 699, 7, 2.09%, 0, 0, 15, 381.12
1587703740, 2, 913, 951, 700, 7, 2.09%, 0, 0, 15, 397.26
1587703755, 2, 913, 953, 702, 7, 2.09%, 0, 0, 15, 407.84
1587703776, 2, 913, 954, 703, 7, 2.09%, 0, 0, 15, 396.66
1587703781, 2, 919, 954, 702, 9, 2.09%, 0, 0, 15, 426.93
1587703954, 2, 919, 955, 703, 9, 2.09%, 0, 0, 15, 456.61
1587703969, 2, 919, 956, 704, 9, 2.09%, 0, 0, 15, 433.45
1587704025, 2, 927, 956, 703, 8, 2.09%, 0, 0, 15, 433.52
1587704173, 2, 927, 957, 704, 8, 2.09%, 0, 0, 15, 420.03
1587704291, 2, 927, 958, 705, 8, 2.09%, 0, 0, 15, 417.61
1587704296, 2, 927, 961, 708, 8, 2.09%, 0, 0, 15, 415.99
1587704306, 2, 927, 962, 709, 8, 2.09%, 0, 0, 15, 431.68
1587704367, 2, 929, 963, 709, 9, 2.09%, 0, 0, 15, 425.66
1587704464, 2, 929, 964, 710, 9, 2.10%, 0, 0, 15, 325.52
1587704500, 2, 929, 965, 711, 9, 2.10%, 0, 0, 15, 349.38
1587704576, 2, 929, 966, 712, 9, 2.11%, 0, 0, 15, 293.07
1587704739, 2, 929, 967, 713, 9, 2.12%, 0, 0, 15, 422.00
1587705034, 2, 929, 968, 714, 9, 2.12%, 0, 0, 15, 391.71
1587705044, 2, 929, 969, 715, 9, 2.12%, 0, 0, 15, 377.03
1587705080, 2, 931, 969, 714, 10, 2.12%, 0, 0, 15, 381.65
1587705243, 2, 931, 970, 715, 10, 2.12%, 0, 0, 15, 334.48
1587705374, 2, 931, 971, 716, 10, 2.12%, 0, 0, 15, 378.37
1587705613, 2, 931, 973, 718, 10, 2.12%, 0, 0, 15, 386.86
1587705664, 2, 931, 974, 719, 10, 2.12%, 0, 0, 15, 403.04
1587705695, 2, 933, 974, 718, 9, 2.12%, 0, 0, 15, 389.76
1587706208, 2, 933, 976, 720, 9, 2.12%, 0, 0, 15, 376.48
1587706233, 2, 933, 977, 721, 9, 2.12%, 0, 0, 15, 405.24
1587706253, 2, 933, 978, 722, 9, 2.12%, 0, 0, 15, 400.03
1587706279, 2, 935, 978, 721, 8, 2.12%, 0, 0, 15, 384.84
1587706736, 2, 944, 978, 720, 7, 2.12%, 0, 0, 15, 245.68
1587706998, 2, 944, 979, 721, 7, 2.12%, 0, 0, 15, 190.00
1587708707, 2, 944, 981, 723, 7, 2.12%, 0, 0, 15, 241.86
1587708753, 2, 944, 982, 724, 7, 2.12%, 0, 0, 15, 233.44
1587708789, 2, 944, 984, 726, 7, 2.12%, 0, 0, 15, 240.42
1587708814, 2, 944, 985, 727, 7, 2.12%, 0, 0, 15, 237.80
1587708845, 2, 950, 985, 726, 7, 2.12%, 0, 0, 15, 259.76
1587709487, 2, 950, 986, 727, 7, 2.12%, 0, 0, 15, 333.02
1587709492, 2, 950, 987, 728, 7, 2.12%, 0, 0, 15, 353.02
1587709537, 2, 950, 988, 729, 7, 2.12%, 0, 0, 15, 373.92
1587709552, 2, 950, 989, 730, 7, 2.12%, 0, 0, 15, 366.14
1587709558, 2, 960, 989, 729, 6, 2.12%, 0, 0, 15, 361.99
1587710114, 2, 960, 990, 730, 6, 2.12%, 0, 0, 16, 374.33
1587710119, 2, 960, 991, 731, 6, 2.12%, 0, 0, 16, 372.44
1587710124, 2, 960, 992, 732, 6, 2.12%, 0, 0, 16, 386.66
1587710129, 2, 960, 993, 733, 6, 2.12%, 0, 0, 16, 369.78
1587710139, 2, 960, 994, 734, 6, 2.12%, 0, 0, 16, 395.64
1587710170, 2, 960, 995, 735, 6, 2.12%, 0, 0, 16, 379.57
1587710180, 2, 960, 996, 736, 6, 2.12%, 0, 0, 16, 348.85
1587710190, 2, 965, 996, 735, 5, 2.12%, 0, 0, 16, 390.53
1587710196, 2, 965, 998, 737, 5, 2.12%, 0, 0, 16, 356.39
1587710201, 2, 965, 999, 738, 5, 2.12%, 0, 0, 16, 332.94
1587710287, 2, 965, 1000, 739, 5, 2.12%, 0, 0, 16, 337.26
1587710398, 2, 965, 1001, 740, 5, 2.12%, 0, 0, 16, 334.88
1587710879, 2, 965, 1002, 741, 5, 2.12%, 0, 0, 16, 397.05
1587710884, 2, 965, 1003, 742, 5, 2.12%, 0, 0, 16, 385.64
1587710894, 2, 965, 1004, 743, 5, 2.12%, 0, 0, 16, 376.78
1587710925, 2, 965, 1005, 744, 5, 2.12%, 0, 0, 16, 386.95
1587710940, 2, 966, 1005, 743, 5, 2.12%, 0, 0, 16, 373.86
1587710945, 2, 966, 1007, 745, 5, 2.12%, 0, 0, 16, 350.65
1587711144, 2, 966, 1008, 746, 5, 2.12%, 0, 0, 16, 352.39
1587711587, 2, 966, 1009, 747, 5, 2.12%, 0, 0, 16, 374.99
1587711597, 2, 966, 1010, 748, 5, 2.12%, 0, 0, 16, 344.74
1587711627, 2, 966, 1011, 749, 5, 2.12%, 0, 0, 16, 293.42
1587711643, 2, 966, 1012, 750, 5, 2.12%, 0, 0, 16, 372.59
1587711648, 2, 966, 1013, 751, 5, 2.12%, 0, 0, 16, 387.31
1587711674, 2, 970, 1013, 750, 6, 2.12%, 0, 0, 16, 361.23
1587712218, 2, 970, 1014, 751, 6, 2.12%, 0, 0, 16, 368.26
1587712229, 2, 970, 1016, 753, 6, 2.12%, 0, 0, 16, 400.60
1587712239, 2, 970, 1017, 754, 6, 2.13%, 0, 0, 16, 392.54
1587712301, 2, 992, 1017, 753, 5, 2.13%, 0, 0, 16, 383.33
1587712306, 2, 992, 1018, 754, 5, 2.13%, 0, 0, 17, 363.92
1587712835, 2, 992, 1020, 756, 5, 2.13%, 0, 0, 17, 375.10
1587712850, 2, 992, 1022, 758, 5, 2.13%, 0, 0, 17, 265.84
1587712855, 2, 992, 1023, 759, 5, 2.13%, 0, 0, 17, 370.08
1587712860, 2, 992, 1024, 760, 5, 2.13%, 0, 0, 17, 369.02
1587712891, 2, 992, 1025, 761, 5, 2.13%, 0, 0, 17, 401.01
1587712906, 2, 992, 1026, 762, 5, 2.13%, 0, 0, 17, 388.45
1587712921, 2, 1004, 1026, 761, 6, 2.13%, 0, 0, 17, 262.41
1587712926, 2, 1004, 1027, 762, 6, 2.13%, 0, 0, 17, 239.26
1587712931, 2, 1004, 1028, 763, 6, 2.13%, 0, 0, 17, 245.45
1587712952, 2, 1004, 1029, 764, 6, 2.13%, 0, 0, 17, 229.24
1587712998, 2, 1004, 1030, 765, 6, 2.15%, 0, 0, 17, 239.09
1587713018, 2, 1004, 1031, 766, 6, 2.15%, 0, 0, 17, 228.69
1587713229, 2, 1004, 1032, 767, 6, 2.16%, 0, 0, 17, 228.63
1587713978, 2, 1004, 1033, 768, 6, 2.16%, 0, 0, 17, 286.77
1587714024, 2, 1007, 1033, 767, 10, 2.16%, 0, 0, 17, 320.95
1587714717, 2, 1008, 1033, 766, 9, 2.16%, 0, 0, 17, 348.79
1587714733, 2, 1008, 1034, 767, 9, 2.16%, 0, 0, 17, 344.26
1587714763, 2, 1008, 1035, 768, 9, 2.16%, 0, 0, 17, 325.54
1587714932, 2, 1008, 1036, 769, 9, 2.17%, 0, 0, 17, 410.01
1587715227, 2, 1008, 1037, 770, 9, 2.17%, 0, 0, 17, 341.50
1587715411, 2, 1008, 1038, 771, 9, 2.17%, 0, 0, 17, 373.98
1587715462, 2, 1008, 1039, 772, 9, 2.17%, 0, 0, 17, 377.17
1587715467, 2, 1008, 1040, 773, 9, 2.17%, 0, 0, 17, 367.49
1587715483, 2, 1016, 1040, 772, 10, 2.17%, 0, 0, 17, 260.30
1587715853, 2, 1016, 1041, 773, 10, 2.17%, 0, 0, 17, 256.91
1587716626, 2, 1017, 1041, 772, 10, 2.17%, 0, 0, 17, 324.95
1587717189, 2, 1017, 1043, 774, 10, 2.17%, 0, 0, 18, 384.03
1587717240, 2, 1023, 1043, 773, 9, 2.17%, 0, 0, 18, 355.78
1587717245, 2, 1023, 1045, 775, 9, 2.17%, 0, 0, 18, 342.74
1587717250, 2, 1023, 1046, 776, 9, 2.17%, 0, 0, 18, 332.09
1587717255, 2, 1023, 1047, 777, 9, 2.17%, 0, 0, 18, 328.07
1587717844, 2, 1023, 1052, 782, 9, 2.17%, 0, 0, 18, 347.49
1587717849, 2, 1023, 1054, 784, 9, 2.17%, 0, 0, 18, 354.09
1587717854, 2, 1023, 1055, 785, 9, 2.17%, 0, 0, 18, 378.96
1587717864, 2, 1023, 1056, 786, 9, 2.17%, 0, 0, 18, 374.01
1587717869, 2, 1023, 1059, 789, 9, 2.17%, 0, 0, 18, 391.84
1587717874, 2, 1023, 1060, 790, 9, 2.17%, 0, 0, 18, 384.72
1587717889, 2, 1023, 1062, 792, 9, 2.17%, 0, 0, 18, 389.45
1587717894, 2, 1023, 1063, 793, 9, 2.17%, 0, 0, 18, 396.69
1587717899, 2, 1023, 1064, 794, 9, 2.17%, 0, 0, 18, 382.41
1587717910, 2, 1027, 1064, 793, 11, 2.17%, 0, 0, 18, 273.77
1587717915, 2, 1027, 1065, 794, 11, 2.17%, 0, 0, 18, 231.26
1587717940, 2, 1027, 1066, 795, 11, 2.17%, 0, 0, 18, 235.84
1587718007, 2, 1027, 1067, 796, 11, 2.17%, 0, 0, 18, 231.20
1587718222, 2, 1027, 1068, 797, 11, 2.18%, 0, 0, 18, 228.65
1587718958, 2, 1027, 1069, 798, 11, 2.18%, 0, 0, 18, 234.74
1587719009, 2, 1028, 1069, 797, 15, 2.18%, 0, 0, 18, 324.49
1587719374, 2, 1028, 1070, 798, 15, 2.18%, 0, 0, 18, 401.46
1587719431, 2, 1028, 1071, 799, 15, 2.18%, 0, 0, 18, 385.47
1587719436, 2, 1029, 1071, 798, 15, 2.18%, 0, 0, 18, 288.81
1587719446, 2, 1029, 1072, 799, 15, 2.18%, 0, 0, 18, 243.43
1587720497, 2, 1030, 1072, 798, 15, 2.18%, 0, 0, 18, 278.22
1587720507, 2, 1030, 1073, 799, 15, 2.18%, 0, 0, 18, 244.17
1587721527, 2, 1030, 1074, 800, 15, 2.18%, 0, 0, 18, 290.83
1587721548, 2, 1030, 1075, 801, 15, 2.18%, 0, 0, 18, 314.05
1587721553, 2, 1030, 1076, 802, 15, 2.18%, 0, 0, 18, 316.23
1587721629, 2, 1031, 1076, 801, 15, 2.18%, 0, 0, 18, 290.29
1587721639, 2, 1031, 1077, 802, 15, 2.18%, 0, 0, 18, 267.05
1587722587, 2, 1031, 1078, 803, 15, 2.18%, 0, 0, 18, 271.08
1587722602, 2, 1031, 1079, 804, 15, 2.18%, 0, 0, 18, 323.45
1587722663, 2, 1033, 1079, 803, 16, 2.18%, 0, 0, 18, 301.08
1587723028, 2, 1033, 1080, 804, 16, 2.18%, 0, 0, 18, 378.16
1587723333, 2, 1033, 1081, 805, 16, 2.18%, 0, 0, 18, 391.17
1587723399, 2, 1035, 1081, 804, 16, 2.18%, 0, 0, 18, 382.57
1587723404, 2, 1035, 1083, 806, 16, 2.18%, 0, 0, 18, 376.31
1587723419, 2, 1035, 1084, 807, 16, 2.18%, 0, 0, 18, 356.36
1587723429, 2, 1035, 1085, 808, 16, 2.18%, 0, 0, 18, 361.94
1587723460, 2, 1035, 1086, 809, 16, 2.18%, 0, 0, 18, 334.24
1587723495, 2, 1035, 1087, 810, 16, 2.18%, 0, 0, 18, 351.72
1587723891, 2, 1035, 1088, 811, 16, 2.18%, 0, 0, 18, 353.31
1587724090, 2, 1040, 1088, 810, 16, 2.18%, 0, 0, 18, 377.13
1587725170, 2, 1046, 1088, 809, 15, 2.18%, 0, 0, 18, 353.99
1587725750, 2, 1046, 1090, 811, 15, 2.18%, 0, 0, 19, 402.27
1587725760, 2, 1046, 1091, 812, 15, 2.18%, 0, 0, 19, 397.47
1587725826, 2, 1058, 1091, 811, 14, 2.18%, 0, 0, 19, 315.45
1587725831, 2, 1058, 1092, 812, 14, 2.18%, 0, 0, 19, 298.07
1587725852, 2, 1058, 1093, 813, 14, 2.18%, 0, 0, 19, 265.66
1587725943, 2, 1058, 1094, 814, 14, 2.18%, 0, 0, 19, 279.54
1587727131, 2, 1058, 1095, 815, 14, 2.18%, 0, 0, 19, 289.25
1587727147, 2, 1058, 1096, 816, 14, 2.18%, 0, 0, 19, 321.13
1587727198, 2, 1058, 1097, 817, 14, 2.18%, 0, 0, 19, 319.61
1587727208, 2, 1062, 1097, 816, 15, 2.18%, 0, 0, 19, 286.15
1587727213, 2, 1062, 1098, 817, 15, 2.18%, 0, 0, 19, 287.30
1587727899, 2, 1062, 1099, 818, 15, 2.19%, 0, 0, 19, 284.94
1587728088, 2, 1062, 1100, 819, 15, 2.19%, 0, 0, 19, 290.42
1587728392, 2, 1062, 1101, 820, 15, 2.19%, 0, 0, 19, 340.25
1587728402, 2, 1062, 1102, 821, 15, 2.19%, 0, 0, 19, 356.29
1587728407, 2, 1062, 1103, 822, 15, 2.19%, 0, 0, 19, 363.80
1587728417, 2, 1062, 1105, 824, 15, 2.19%, 0, 0, 19, 359.50
1587728422, 2, 1062, 1106, 825, 15, 2.19%, 0, 0, 19, 351.49
1587728433, 2, 1062, 1107, 826, 15, 2.19%, 0, 0, 19, 364.80
1587728448, 2, 1064, 1107, 825, 15, 2.19%, 0, 0, 19, 318.57
1587729443, 2, 1065, 1107, 824, 14, 2.19%, 0, 0, 19, 378.72
1587729804, 2, 1065, 1108, 825, 14, 2.19%, 0, 0, 19, 419.16
1587729846, 2, 1066, 1108, 824, 14, 2.19%, 0, 0, 19, 300.53
1587729856, 2, 1066, 1109, 825, 14, 2.19%, 0, 0, 19, 237.15
1587730825, 2, 1066, 1111, 827, 14, 2.19%, 0, 0, 19, 288.91
1587730850, 2, 1066, 1112, 828, 14, 2.19%, 0, 0, 19, 319.10
1587730881, 2, 1067, 1112, 827, 14, 2.19%, 0, 0, 19, 285.85
1587730892, 2, 1067, 1113, 828, 14, 2.19%, 0, 0, 19, 248.21
1587731855, 2, 1067, 1114, 829, 14, 2.19%, 0, 0, 19, 253.40
1587731886, 2, 1067, 1115, 830, 14, 2.19%, 0, 0, 19, 331.00
1587731911, 2, 1068, 1115, 829, 14, 2.19%, 0, 0, 19, 318.92
1587732689, 2, 1070, 1115, 828, 13, 2.19%, 0, 0, 19, 382.78
1587732913, 2, 1071, 1115, 827, 12, 2.19%, 0, 0, 19, 348.02
1587733907, 2, 1072, 1115, 826, 11, 2.19%, 0, 0, 19, 272.95
1587734873, 2, 1076, 1115, 825, 10, 2.19%, 0, 0, 19, 380.24
1587735203, 2, 1078, 1115, 824, 9, 2.19%, 0, 0, 19, 345.80
1587735311, 2, 1078, 1116, 825, 9, 2.19%, 0, 0, 19, 287.42
1587735993, 2, 1078, 1117, 826, 9, 2.19%, 0, 0, 19, 311.99
1587736003, 2, 1078, 1118, 827, 9, 2.19%, 0, 0, 19, 358.56
1587736049, 2, 1078, 1119, 828, 9, 2.19%, 0, 0, 19, 354.82
1587736064, 2, 1083, 1119, 827, 8, 2.19%, 0, 0, 19, 324.33
1587736074, 2, 1083, 1120, 828, 8, 2.19%, 0, 0, 19, 342.13
1587736156, 2, 1083, 1121, 829, 8, 2.19%, 0, 0, 19, 349.90
1587736559, 2, 1083, 1122, 830, 8, 2.19%, 0, 0, 19, 348.57
1587736732, 2, 1083, 1123, 831, 8, 2.19%, 0, 0, 19, 379.59
1587736798, 2, 1083, 1124, 832, 8, 2.19%, 0, 0, 19, 386.34
1587736804, 2, 1093, 1124, 831, 7, 2.19%, 0, 0, 19, 268.70
1587737823, 2, 1093, 1125, 832, 7, 2.19%, 0, 0, 20, 271.48
1587738088, 2, 1093, 1126, 833, 7, 2.19%, 0, 0, 20, 339.65
1587738093, 2, 1093, 1127, 834, 7, 2.19%, 0, 0, 20, 335.38
1587738098, 2, 1093, 1128, 835, 7, 2.19%, 0, 0, 20, 333.60
1587738113, 2, 1093, 1129, 836, 7, 2.19%, 0, 0, 20, 343.23
1587738154, 2, 1096, 1129, 835, 6, 2.19%, 0, 0, 20, 269.01
1587738169, 2, 1096, 1130, 836, 6, 2.19%, 0, 0, 20, 265.69
1587738174, 2, 1096, 1131, 837, 6, 2.19%, 0, 0, 20, 266.12
1587738210, 2, 1096, 1132, 838, 6, 2.19%, 0, 0, 20, 262.72
1587738379, 2, 1096, 1133, 839, 6, 2.19%, 0, 0, 20, 48.46
1587739011, 2, 1096, 1134, 840, 6, 2.19%, 0, 0, 20, 256.19
1587739700, 2, 1096, 1135, 841, 6, 2.19%, 0, 0, 20, 284.65
1587739705, 2, 1096, 1138, 844, 6, 2.19%, 0, 0, 20, 310.13
1587739710, 2, 1096, 1139, 845, 6, 2.19%, 0, 0, 20, 306.45
1587739715, 2, 1096, 1140, 846, 6, 2.19%, 0, 0, 20, 314.94
1587739735, 2, 1096, 1141, 847, 6, 2.19%, 0, 0, 20, 305.64
1587739745, 2, 1096, 1142, 848, 6, 2.19%, 0, 0, 20, 317.84
1587739761, 2, 1098, 1142, 847, 8, 2.19%, 0, 0, 20, 310.41
1587739837, 2, 1098, 1143, 848, 8, 2.19%, 0, 0, 20, 279.98
1587740900, 2, 1098, 1144, 849, 8, 2.19%, 0, 0, 20, 350.74
1587740961, 2, 1098, 1145, 850, 8, 2.19%, 0, 0, 20, 345.57
1587740966, 2, 1107, 1145, 849, 7, 2.19%, 0, 0, 20, 296.00
1587741179, 2, 1107, 1146, 850, 7, 2.19%, 0, 0, 20, 279.54
1587741295, 2, 1107, 1147, 851, 7, 2.20%, 0, 0, 20, 263.49
1587742383, 2, 1107, 1148, 852, 7, 2.20%, 0, 0, 20, 294.22
1587742388, 2, 1107, 1149, 853, 7, 2.20%, 0, 0, 20, 312.01
1587742439, 2, 1110, 1149, 852, 8, 2.20%, 0, 0, 20, 331.73
1587742449, 2, 1110, 1150, 853, 8, 2.20%, 0, 0, 20, 367.30
1587742973, 2, 1110, 1151, 854, 8, 2.20%, 0, 0, 20, 362.91
1587743034, 2, 1112, 1151, 853, 8, 2.20%, 0, 0, 20, 316.73
1587743410, 2, 1133, 1151, 852, 7, 2.20%, 0, 0, 20, 328.22
1587744288, 2, 1133, 1152, 853, 7, 2.20%, 0, 0, 21, 244.80
1587745004, 2, 1133, 1153, 854, 7, 2.20%, 0, 0, 21, 288.50
1587745014, 2, 1133, 1154, 855, 7, 2.20%, 0, 0, 21, 280.49
1587745030, 2, 1133, 1156, 857, 7, 2.20%, 0, 0, 21, 275.95
1587745065, 2, 1133, 1157, 858, 7, 2.20%, 0, 0, 21, 228.82
1587745091, 2, 1141, 1157, 857, 6, 2.20%, 0, 0, 21, 268.01
1587745923, 2, 1141, 1158, 858, 6, 2.20%, 0, 0, 21, 258.83
1587746596, 2, 1141, 1159, 859, 6, 2.20%, 0, 0, 21, 307.64
1587746602, 2, 1141, 1160, 860, 6, 2.20%, 0, 0, 21, 295.74
1587746612, 2, 1141, 1161, 861, 6, 2.20%, 0, 0, 21, 292.93
1587746637, 2, 1143, 1161, 860, 5, 2.20%, 0, 0, 21, 293.59
1587746642, 2, 1143, 1162, 861, 5, 2.20%, 0, 0, 21, 289.53
1587746667, 2, 1143, 1163, 862, 5, 2.20%, 0, 0, 21, 262.97
1587747383, 2, 1143, 1164, 863, 5, 2.20%, 0, 0, 21, 272.36
1587747896, 2, 1143, 1168, 867, 5, 2.20%, 0, 0, 21, 332.70
1587747901, 2, 1143, 1170, 869, 5, 2.20%, 0, 0, 21, 284.64
1587747906, 2, 1143, 1171, 870, 5, 2.20%, 0, 0, 21, 330.98
1587747916, 2, 1143, 1172, 871, 5, 2.20%, 0, 0, 21, 348.29
1587747932, 2, 1143, 1173, 872, 5, 2.20%, 0, 0, 21, 316.37
1587747947, 2, 1145, 1173, 871, 5, 2.20%, 0, 0, 21, 309.75
1587749406, 2, 1145, 1174, 872, 5, 2.20%, 0, 0, 21, 262.86
1587749411, 2, 1145, 1175, 873, 5, 2.20%, 0, 0, 21, 290.99
1587749442, 2, 1145, 1176, 874, 5, 2.20%, 0, 0, 21, 340.72
1587749467, 2, 1146, 1176, 873, 4, 2.20%, 0, 0, 21, 288.82
1587749523, 2, 1146, 1178, 875, 4, 2.20%, 0, 0, 21, 261.56
1587749631, 2, 1146, 1179, 876, 4, 2.20%, 0, 0, 21, 272.20
1587750958, 2, 1146, 1180, 877, 4, 2.20%, 0, 0, 21, 265.35
1587750983, 2, 1146, 1181, 878, 4, 2.20%, 0, 0, 21, 324.88
1587751013, 2, 1149, 1181, 877, 6, 2.20%, 0, 0, 21, 356.33
1587751095, 2, 1149, 1182, 878, 6, 2.20%, 0, 0, 21, 365.57
1587751115, 2, 1149, 1183, 879, 6, 2.21%, 0, 0, 21, 367.63
1587751503, 2, 1149, 1184, 880, 6, 2.21%, 0, 0, 21, 341.15
1587751508, 2, 1149, 1185, 881, 6, 2.21%, 0, 0, 21, 381.59
1587751513, 2, 1149, 1186, 882, 6, 2.21%, 0, 0, 21, 377.09
1587751569, 2, 1153, 1186, 881, 8, 2.21%, 0, 0, 21, 299.37
1587751579, 2, 1153, 1187, 882, 8, 2.21%, 0, 0, 22, 269.21
1587752323, 2, 1153, 1188, 883, 8, 2.21%, 0, 0, 22, 268.65
1587753029, 2, 1153, 1189, 884, 8, 2.21%, 0, 0, 22, 306.72
1587753040, 2, 1153, 1190, 885, 8, 2.21%, 0, 0, 22, 317.16
1587753050, 2, 1153, 1191, 886, 8, 2.21%, 0, 0, 22, 299.14
1587753060, 2, 1153, 1192, 887, 8, 2.21%, 0, 0, 22, 302.70
1587753080, 2, 1154, 1192, 886, 7, 2.21%, 0, 0, 22, 273.47
1587756157, 2, 1154, 1194, 888, 7, 2.21%, 0, 0, 22, 8.35
1587756198, 2, 1154, 1195, 889, 7, 2.21%, 0, 0, 22, 255.77
1587756228, 2, 1163, 1195, 888, 7, 2.21%, 0, 0, 22, 253.84
1587756259, 2, 1163, 1196, 889, 7, 2.21%, 0, 0, 22, 269.20
1587756264, 2, 1163, 1197, 890, 7, 2.21%, 0, 0, 22, 267.68
1587756977, 2, 1163, 1198, 891, 7, 2.21%, 0, 0, 22, 267.69
1587757482, 2, 1163, 1199, 892, 7, 2.21%, 0, 0, 22, 308.85
1587757533, 2, 1176, 1199, 891, 7, 2.21%, 0, 0, 22, 323.91
1587757538, 2, 1176, 1200, 892, 7, 2.21%, 0, 0, 22, 275.71
1587759017, 2, 1176, 1201, 893, 7, 2.21%, 0, 0, 22, 324.04
1587759068, 2, 1177, 1201, 892, 7, 2.21%, 0, 0, 22, 320.34
1587759114, 2, 1177, 1202, 893, 7, 2.21%, 0, 0, 22, 269.53
1587760565, 2, 1178, 1202, 892, 6, 2.21%, 0, 0, 22, 275.01
1587760606, 2, 1178, 1203, 893, 6, 2.21%, 0, 0, 22, 259.78
1587762055, 2, 1178, 1204, 894, 6, 2.21%, 0, 0, 22, 313.16
1587762111, 2, 1181, 1204, 893, 7, 2.21%, 0, 0, 22, 357.38
1587762625, 2, 1181, 1205, 894, 7, 2.21%, 0, 0, 22, 360.77
1587762631, 2, 1181, 1206, 895, 7, 2.21%, 0, 0, 22, 387.17
1587762686, 2, 1182, 1206, 894, 7, 2.21%, 0, 0, 22, 388.06
1587762691, 2, 1182, 1207, 895, 7, 2.21%, 0, 0, 22, 356.24
1587763205, 2, 1182, 1208, 896, 7, 2.21%, 0, 0, 22, 368.89
1587763211, 2, 1182, 1210, 898, 7, 2.21%, 0, 0, 22, 371.20
1587763231, 2, 1182, 1212, 900, 7, 2.22%, 0, 0, 22, 373.66
1587763236, 2, 1182, 1213, 901, 7, 2.22%, 0, 0, 22, 37.94
1587763277, 2, 1185, 1213, 900, 11, 2.22%, 0, 0, 22, 357.53
1587763787, 2, 1185, 1214, 901, 11, 2.22%, 0, 0, 22, 370.93
1587763828, 2, 1197, 1214, 900, 10, 2.22%, 0, 0, 22, 319.70
1587763833, 2, 1197, 1215, 901, 10, 2.22%, 0, 0, 23, 275.21
1587763838, 2, 1197, 1216, 902, 10, 2.22%, 0, 0, 23, 265.05
1587764558, 2, 1197, 1217, 903, 10, 2.22%, 0, 0, 23, 267.59
1587765112, 2, 1197, 1218, 904, 10, 2.22%, 0, 0, 23, 306.04
1587765128, 2, 1197, 1219, 905, 10, 2.22%, 0, 0, 23, 307.90
1587765133, 2, 1197, 1222, 908, 10, 2.22%, 0, 0, 23, 318.35
1587765158, 2, 1197, 1223, 909, 10, 2.22%, 0, 0, 23, 315.85
1587765163, 2, 1197, 1224, 910, 10, 2.22%, 0, 0, 23, 327.00
1587765169, 2, 1199, 1224, 909, 9, 2.22%, 0, 0, 23, 273.30
1587765397, 2, 1199, 1225, 910, 9, 2.22%, 0, 0, 23, 261.41
1587766686, 2, 1202, 1225, 909, 8, 2.22%, 0, 0, 23, 246.23
1587767981, 2, 1203, 1225, 908, 7, 2.22%, 0, 0, 23, 313.21
1587769477, 2, 1203, 1226, 909, 7, 2.22%, 0, 0, 23, 320.61
1587769528, 2, 1204, 1226, 908, 6, 2.22%, 0, 0, 23, 394.30
1587769676, 2, 1204, 1227, 909, 6, 2.22%, 0, 0, 23, 443.10
1587769726, 2, 1207, 1227, 908, 5, 2.22%, 0, 0, 23, 406.27
1587770231, 2, 1207, 1228, 909, 5, 2.22%, 0, 0, 23, 381.50
1587770276, 2, 1208, 1228, 908, 4, 2.22%, 0, 0, 23, 366.82
1587770790, 2, 1208, 1229, 909, 4, 2.22%, 0, 0, 23, 370.77
1587770846, 2, 1210, 1229, 908, 3, 2.22%, 0, 0, 23, 388.00
1587771315, 2, 1210, 1231, 910, 3, 2.22%, 0, 0, 23, 336.22
1587771325, 2, 1210, 1233, 912, 3, 2.22%, 0, 0, 23, 364.97
1587771330, 2, 1210, 1234, 913, 3, 2.22%, 0, 0, 23, 365.88
1587771376, 2, 1211, 1234, 912, 4, 2.22%, 0, 0, 23, 359.73
1587771386, 2, 1211, 1235, 913, 4, 2.22%, 0, 0, 23, 306.32
1587772172, 2, 1211, 1236, 914, 4, 2.22%, 0, 0, 23, 300.63
1587772182, 2, 1211, 1237, 915, 4, 2.22%, 0, 0, 23, 322.42
1587772187, 2, 1211, 1238, 916, 4, 2.22%, 0, 0, 23, 340.23
1587772253, 2, 1215, 1238, 915, 4, 2.22%, 0, 0, 23, 323.15
1587772289, 2, 1215, 1239, 916, 4, 2.22%, 0, 0, 24, 261.83
1587772611, 2, 1215, 1240, 917, 4, 2.22%, 0, 0, 24, 256.33
1587773569, 2, 1215, 1242, 919, 4, 2.22%, 0, 0, 24, 255.81
1587773579, 2, 1215, 1243, 920, 4, 2.22%, 0, 0, 24, 290.92
1587773594, 2, 1215, 1244, 921, 4, 2.22%, 0, 0, 24, 252.20
1587773640, 2, 1232, 1244, 920, 4, 2.22%, 0, 0, 24, 322.15
1587773660, 2, 1232, 1245, 921, 4, 2.22%, 0, 0, 24, 314.84
1587774220, 2, 1233, 1245, 920, 3, 2.22%, 0, 0, 24, 296.79
1587774230, 2, 1233, 1246, 921, 3, 2.22%, 0, 0, 24, 333.10
