# unix_time, cycles_done, cur_path, paths_total, pending_total, pending_favs, map_size, unique_crashes, unique_hangs, max_depth, execs_per_sec
1587589057, 0, 0, 1, 1, 1, 0.32%, 0, 0, 1, 363.64
1587589062, 0, 0, 41, 41, 1, 0.40%, 0, 0, 2, 482.10
1587589067, 0, 0, 81, 81, 1, 0.41%, 0, 0, 2, 505.86
1587589072, 0, 0, 92, 92, 1, 0.41%, 0, 0, 2, 510.65
1587589077, 0, 0, 97, 97, 1, 0.41%, 0, 0, 2, 456.85
1587589087, 0, 0, 102, 102, 1, 0.41%, 0, 0, 2, 509.76
1587589092, 0, 0, 103, 103, 1, 0.41%, 0, 0, 2, 499.49
1587589097, 0, 0, 105, 105, 1, 0.41%, 0, 0, 2, 509.69
1587589102, 0, 0, 107, 107, 1, 0.41%, 0, 0, 2, 496.39
1587589107, 0, 0, 108, 108, 1, 0.41%, 0, 0, 2, 511.01
1587589122, 0, 0, 110, 110, 1, 0.41%, 0, 0, 2, 509.99
1587589133, 0, 9, 110, 109, 18, 0.41%, 0, 0, 2, 510.18
1587589138, 0, 16, 110, 108, 17, 0.41%, 0, 0, 2, 502.34
1587589143, 0, 16, 113, 111, 17, 0.41%, 0, 0, 3, 492.54
1587589148, 0, 16, 116, 114, 17, 0.41%, 0, 0, 3, 500.29
1587589153, 0, 16, 121, 119, 17, 0.41%, 0, 0, 3, 498.94
1587589163, 0, 16, 124, 122, 17, 0.41%, 0, 0, 3, 504.34
1587589168, 0, 16, 126, 124, 17, 0.41%, 0, 0, 3, 501.69
1587589173, 0, 16, 130, 128, 17, 0.41%, 0, 0, 3, 489.76
1587589178, 0, 16, 131, 129, 17, 0.41%, 0, 0, 3, 499.41
1587589183, 0, 16, 132, 130, 17, 0.41%, 0, 0, 3, 499.72
1587589188, 0, 16, 133, 131, 17, 0.41%, 0, 0, 3, 502.07
1587589193, 0, 16, 134, 132, 17, 0.41%, 0, 0, 3, 510.61
1587589208, 0, 19, 134, 131, 16, 0.41%, 0, 0, 3, 488.07
1587589213, 0, 35, 134, 130, 15, 0.41%, 0, 0, 3, 488.52
1587589219, 0, 59, 134, 128, 13, 0.41%, 0, 0, 3, 511.46
1587589229, 0, 61, 134, 127, 12, 0.41%, 0, 0, 3, 510.18
1587589234, 0, 69, 134, 126, 11, 0.41%, 0, 0, 3, 505.29
1587589239, 0, 72, 134, 125, 10, 0.41%, 0, 0, 3, 482.91
1587589249, 0, 73, 134, 124, 9, 0.41%, 0, 0, 3, 457.24
1587589254, 0, 74, 134, 123, 8, 0.41%, 0, 0, 3, 478.20
1587589259, 0, 78, 134, 122, 7, 0.41%, 0, 0, 3, 527.68
1587589265, 0, 80, 134, 121, 6, 0.41%, 0, 0, 3, 508.78
1587589270, 0, 87, 134, 120, 5, 0.41%, 0, 0, 3, 513.42
1587589275, 0, 90, 134, 119, 4, 0.41%, 0, 0, 3, 515.01
1587589285, 0, 94, 135, 119, 3, 0.41%, 0, 0, 3, 528.73
1587589290, 0, 95, 135, 118, 2, 0.41%, 0, 0, 3, 530.89
1587589305, 0, 98, 135, 117, 1, 0.41%, 0, 0, 3, 477.44
1587589321, 0, 104, 135, 116, 0, 0.41%, 0, 0, 3, 398.10
1587589377, 0, 104, 136, 117, 0, 0.41%, 0, 0, 3, 43.96
1587589382, 0, 104, 137, 118, 0, 0.41%, 0, 0, 3, 357.87
1587589392, 0, 131, 138, 118, 0, 0.41%, 0, 0, 4, 385.08
1587589397, 0, 131, 139, 119, 0, 0.41%, 0, 0, 4, 389.03
1587589418, 0, 131, 145, 125, 0, 0.41%, 0, 0, 4, 418.38
1587589423, 0, 131, 149, 129, 0, 0.41%, 0, 0, 4, 431.15
1587589428, 0, 131, 151, 131, 0, 0.41%, 0, 0, 4, 431.57
1587589433, 0, 131, 153, 133, 0, 0.41%, 0, 0, 4, 442.51
1587589438, 0, 131, 154, 134, 0, 0.43%, 0, 0, 4, 433.62
1587589443, 0, 131, 155, 135, 0, 0.45%, 0, 0, 4, 440.25
1587589454, 0, 131, 156, 136, 0, 0.45%, 0, 0, 4, 443.76
1587589464, 0, 131, 157, 137, 0, 0.46%, 0, 0, 4, 441.59
1587589489, 0, 131, 158, 138, 0, 0.46%, 0, 0, 4, 433.42
1587589495, 0, 153, 161, 140, 5, 0.46%, 0, 0, 5, 367.57
1587589500, 0, 153, 162, 141, 5, 0.46%, 0, 0, 5, 347.10
1587589546, 0, 153, 165, 144, 5, 0.46%, 0, 0, 5, 365.18
1587589551, 0, 153, 172, 151, 5, 0.47%, 0, 0, 5, 380.83
1587589561, 0, 153, 175, 154, 5, 0.47%, 0, 0, 5, 386.46
1587589571, 0, 153, 178, 157, 5, 0.47%, 0, 0, 5, 379.87
1587589576, 0, 153, 179, 158, 5, 0.47%, 0, 0, 5, 396.29
1587589612, 0, 153, 181, 160, 5, 0.47%, 0, 0, 5, 397.38
1587589617, 0, 153, 182, 161, 5, 0.47%, 0, 0, 5, 395.68
1587589632, 0, 154, 182, 160, 9, 0.47%, 0, 0, 5, 446.29
1587589647, 0, 156, 182, 159, 8, 0.47%, 0, 0, 5, 459.65
1587589683, 0, 164, 182, 158, 7, 0.47%, 0, 0, 5, 403.91
1587589723, 0, 166, 182, 157, 6, 0.47%, 0, 0, 5, 420.86
1587589759, 0, 167, 182, 156, 5, 0.47%, 0, 0, 5, 417.95
1587589789, 0, 168, 182, 155, 4, 0.47%, 0, 0, 5, 401.47
1587589830, 0, 169, 182, 154, 3, 0.47%, 0, 0, 5, 356.12
1587589886, 0, 172, 182, 153, 2, 0.47%, 0, 0, 5, 368.76
1587589931, 0, 172, 183, 154, 2, 0.47%, 0, 0, 6, 366.94
1587589936, 0, 172, 184, 155, 2, 0.47%, 0, 0, 6, 401.27
1587589952, 0, 172, 185, 156, 2, 0.47%, 0, 0, 6, 395.79
1587589972, 0, 173, 185, 155, 1, 0.47%, 0, 0, 6, 382.83
1587590019, 1, 1, 185, 154, 0, 0.47%, 0, 0, 6, 415.03
1587590024, 1, 1, 187, 156, 0, 0.47%, 0, 0, 6, 480.54
1587590029, 1, 1, 188, 157, 0, 0.47%, 0, 0, 6, 491.71
1587590034, 1, 1, 189, 158, 0, 0.47%, 0, 0, 6, 501.49
1587590049, 1, 1, 190, 159, 0, 0.47%, 0, 0, 6, 505.54
1587590059, 1, 1, 191, 160, 0, 0.47%, 0, 0, 6, 503.94
1587590079, 1, 1, 192, 161, 0, 0.47%, 0, 0, 6, 508.28
1587590090, 1, 8, 192, 160, 0, 0.47%, 0, 0, 6, 496.06
1587590100, 1, 12, 192, 159, 0, 0.47%, 0, 0, 6, 504.58
1587590105, 1, 15, 192, 158, 0, 0.47%, 0, 0, 6, 491.61
1587590110, 1, 22, 192, 157, 0, 0.47%, 0, 0, 6, 496.15
1587590115, 1, 27, 192, 156, 0, 0.47%, 0, 0, 6, 495.87
1587590125, 1, 30, 192, 155, 0, 0.47%, 0, 0, 6, 512.09
1587590130, 1, 36, 193, 155, 0, 0.47%, 0, 0, 6, 508.93
1587590140, 1, 45, 193, 154, 0, 0.47%, 0, 0, 6, 511.89
1587590156, 1, 50, 193, 153, 0, 0.47%, 0, 0, 6, 519.27
1587590166, 1, 55, 193, 152, 0, 0.47%, 0, 0, 6, 508.36
1587590171, 1, 57, 193, 151, 0, 0.47%, 0, 0, 6, 468.15
1587590186, 1, 66, 193, 150, 0, 0.47%, 0, 0, 6, 387.33
1587590284, 1, 66, 195, 152, 0, 0.47%, 0, 0, 6, 44.39
1587590289, 1, 66, 196, 153, 0, 0.47%, 0, 0, 6, 252.56
1587590304, 1, 68, 196, 152, 0, 0.47%, 0, 0, 6, 381.06
1587590335, 1, 68, 197, 153, 0, 0.47%, 0, 0, 6, 449.08
1587590340, 1, 71, 197, 152, 0, 0.47%, 0, 0, 6, 436.28
1587590351, 1, 75, 197, 151, 0, 0.47%, 0, 0, 6, 477.50
1587590361, 1, 79, 197, 150, 0, 0.47%, 0, 0, 6, 452.20
1587590386, 1, 81, 197, 149, 0, 0.47%, 0, 0, 6, 443.57
1587590401, 1, 83, 197, 148, 0, 0.47%, 0, 0, 6, 398.99
1587590427, 1, 96, 197, 147, 0, 0.47%, 0, 0, 6, 353.20
1587590473, 1, 96, 198, 148, 0, 0.47%, 0, 0, 6, 307.24
1587590478, 1, 97, 198, 147, 0, 0.47%, 0, 0, 6, 433.32
1587590493, 1, 100, 198, 146, 0, 0.47%, 0, 0, 6, 480.02
1587590508, 1, 100, 199, 147, 0, 0.47%, 0, 0, 6, 484.02
1587590513, 1, 103, 199, 146, 0, 0.47%, 0, 0, 6, 353.98
1587590544, 1, 107, 199, 145, 0, 0.47%, 0, 0, 6, 397.39
1587590585, 1, 107, 201, 147, 0, 0.47%, 0, 0, 6, 393.62
1587590595, 1, 108, 201, 146, 0, 0.47%, 0, 0, 6, 287.40
1587590686, 1, 111, 201, 145, 0, 0.47%, 0, 0, 6, 304.17
1587590717, 1, 111, 203, 147, 0, 0.47%, 0, 0, 6, 416.64
1587590722, 1, 116, 203, 146, 0, 0.47%, 0, 0, 6, 450.09
1587590732, 1, 118, 203, 145, 0, 0.47%, 0, 0, 6, 500.50
1587590737, 1, 118, 204, 146, 0, 0.47%, 0, 0, 6, 482.64
1587590753, 1, 127, 204, 145, 0, 0.47%, 0, 0, 6, 461.73
1587590788, 1, 128, 204, 144, 0, 0.47%, 0, 0, 6, 396.34
1587590823, 1, 128, 205, 145, 0, 0.47%, 0, 0, 6, 350.70
1587590828, 1, 139, 205, 144, 0, 0.47%, 0, 0, 6, 379.09
1587590880, 1, 139, 207, 146, 0, 0.47%, 0, 0, 6, 310.07
1587590885, 1, 139, 209, 148, 0, 0.47%, 0, 0, 6, 376.39
1587590890, 1, 139, 212, 151, 0, 0.47%, 0, 0, 6, 372.15
1587590910, 1, 139, 213, 152, 0, 0.47%, 0, 0, 6, 406.95
1587590915, 1, 139, 214, 153, 0, 0.47%, 0, 0, 6, 402.29
1587590921, 1, 139, 215, 154, 0, 0.47%, 0, 0, 6, 405.85
1587590936, 1, 139, 216, 155, 0, 0.47%, 0, 0, 6, 398.64
1587590951, 1, 139, 218, 157, 0, 0.47%, 0, 0, 6, 386.13
1587590961, 1, 141, 218, 156, 0, 0.47%, 0, 0, 6, 403.70
1587591032, 1, 141, 219, 157, 0, 0.47%, 0, 0, 6, 377.44
1587591037, 1, 147, 219, 156, 0, 0.47%, 0, 0, 6, 330.07
1587591098, 1, 157, 219, 155, 0, 0.47%, 0, 0, 6, 328.56
1587591235, 1, 157, 220, 156, 0, 0.47%, 0, 0, 6, 297.03
1587591240, 1, 158, 220, 155, 0, 0.47%, 0, 0, 6, 317.70
1587591297, 1, 158, 222, 157, 0, 0.47%, 0, 0, 6, 393.05
1587591302, 1, 158, 224, 159, 0, 0.47%, 0, 0, 6, 410.65
1587591322, 1, 158, 225, 160, 0, 0.47%, 0, 0, 6, 410.63
1587591333, 1, 158, 226, 161, 0, 0.47%, 0, 0, 6, 413.92
1587591338, 1, 158, 227, 162, 0, 0.47%, 0, 0, 6, 416.21
1587591343, 1, 158, 228, 163, 0, 0.47%, 0, 0, 6, 403.77
1587591378, 1, 159, 228, 162, 0, 0.47%, 0, 0, 6, 357.96
1587591435, 1, 160, 228, 161, 0, 0.47%, 0, 0, 6, 365.35
1587591476, 2, 29, 228, 160, 1, 0.47%, 0, 0, 6, 424.02
1587591481, 2, 29, 231, 163, 1, 0.47%, 0, 0, 6, 238.37
1587591501, 2, 43, 231, 162, 1, 0.47%, 0, 0, 6, 419.83
1587591506, 2, 43, 232, 163, 1, 0.47%, 0, 0, 6, 404.44
1587591511, 2, 44, 232, 162, 0, 0.47%, 0, 0, 6, 460.34
1587591521, 2, 47, 232, 161, 0, 0.47%, 0, 0, 6, 471.06
1587591531, 2, 51, 232, 160, 0, 0.47%, 0, 0, 6, 456.51
1587591537, 2, 67, 232, 159, 0, 0.47%, 0, 0, 6, 443.96
1587591547, 2, 67, 233, 160, 0, 0.47%, 0, 0, 6, 420.72
1587591552, 2, 77, 233, 159, 0, 0.47%, 0, 0, 6, 421.81
1587591562, 2, 88, 233, 158, 0, 0.47%, 0, 0, 6, 426.74
1587591577, 2, 89, 233, 157, 0, 0.47%, 0, 0, 6, 418.57
1587591597, 2, 89, 234, 158, 0, 0.47%, 0, 0, 6, 404.22
1587591603, 2, 93, 234, 157, 0, 0.47%, 0, 0, 6, 494.91
1587591618, 2, 101, 234, 156, 0, 0.47%, 0, 0, 6, 442.54
1587591628, 2, 102, 234, 155, 0, 0.47%, 0, 0, 6, 419.24
1587591669, 2, 106, 234, 154, 0, 0.47%, 0, 0, 6, 423.95
1587591679, 2, 109, 235, 154, 0, 0.47%, 0, 0, 6, 412.11
1587591755, 2, 113, 235, 153, 0, 0.47%, 0, 0, 6, 410.26
1587591765, 2, 119, 236, 153, 0, 0.47%, 0, 0, 6, 444.01
1587591781, 2, 125, 236, 152, 0, 0.47%, 0, 0, 6, 366.67
1587591796, 2, 133, 236, 151, 0, 0.47%, 0, 0, 6, 403.07
1587591816, 2, 143, 236, 150, 0, 0.47%, 0, 0, 6, 329.67
1587591908, 2, 143, 237, 151, 0, 0.47%, 0, 0, 6, 316.06
1587591913, 2, 143, 239, 153, 0, 0.47%, 0, 0, 6, 295.04
1587591918, 2, 143, 240, 154, 0, 0.47%, 0, 0, 6, 299.09
1587591969, 2, 143, 241, 155, 0, 0.47%, 0, 0, 6, 301.82
1587591974, 2, 143, 242, 156, 0, 0.47%, 0, 0, 6, 299.88
1587591984, 2, 143, 243, 157, 0, 0.47%, 0, 0, 6, 296.22
1587591989, 2, 143, 244, 158, 0, 0.47%, 0, 0, 6, 297.78
1587591994, 2, 143, 245, 159, 0, 0.47%, 0, 0, 6, 289.57
1587592005, 2, 143, 246, 160, 0, 0.47%, 0, 0, 6, 297.01
1587592015, 2, 154, 247, 160, 0, 0.47%, 2, 0, 6, 363.43
1587592020, 2, 155, 247, 160, 0, 0.47%, 2, 0, 6, 293.72
1587592091, 2, 155, 249, 162, 0, 0.47%, 2, 0, 6, 289.36
1587592096, 2, 155, 250, 163, 0, 0.47%, 2, 0, 6, 305.39
1587592106, 2, 155, 250, 163, 0, 0.47%, 3, 0, 6, 296.92
1587592111, 2, 155, 251, 164, 0, 0.47%, 3, 0, 6, 313.26
1587592136, 2, 155, 252, 165, 0, 0.47%, 3, 0, 6, 287.86
1587592197, 2, 248, 252, 164, 1, 0.47%, 3, 0, 6, 238.42
1587592515, 2, 248, 253, 165, 1, 0.47%, 3, 0, 6, 199.69
1587592535, 2, 248, 253, 165, 1, 0.47%, 4, 0, 6, 206.84
1587592540, 2, 249, 253, 164, 0, 0.47%, 4, 0, 6, 189.14
1587592560, 2, 249, 254, 165, 0, 0.47%, 4, 0, 6, 102.29
1587592565, 2, 249, 255, 166, 0, 0.47%, 4, 0, 6, 101.46
1587593549, 2, 249, 256, 167, 0, 0.47%, 4, 0, 6, 129.86
1587593575, 2, 249, 257, 168, 0, 0.47%, 4, 0, 6, 142.53
1587593605, 2, 252, 257, 167, 0, 0.47%, 4, 0, 6, 115.73
1587604981, 3, 3, 257, 166, 0, 0.47%, 4, 0, 6, 326.86
1587604991, 3, 5, 257, 165, 0, 0.47%, 4, 0, 6, 408.96
1587605001, 3, 6, 257, 164, 0, 0.47%, 4, 0, 6, 446.43
1587605006, 3, 11, 257, 163, 0, 0.47%, 4, 0, 6, 472.41
1587605016, 3, 20, 257, 162, 0, 0.47%, 4, 0, 6, 468.22
1587605027, 3, 23, 257, 161, 0, 0.47%, 4, 0, 6, 488.91
1587605032, 3, 26, 257, 160, 0, 0.47%, 4, 0, 6, 457.63
1587605042, 3, 28, 257, 159, 0, 0.47%, 4, 0, 6, 485.84
1587605047, 3, 31, 257, 158, 0, 0.47%, 4, 0, 6, 407.31
1587605072, 3, 38, 257, 157, 0, 0.47%, 4, 0, 6, 387.36
1587605108, 3, 42, 257, 156, 0, 0.47%, 4, 0, 6, 473.64
1587605113, 3, 46, 257, 155, 0, 0.47%, 4, 0, 6, 430.90
1587605118, 3, 49, 257, 155, 0, 0.47%, 4, 0, 6, 460.51
1587605139, 3, 53, 257, 154, 0, 0.47%, 4, 0, 6, 426.17
1587605149, 3, 56, 257, 153, 0, 0.47%, 4, 0, 6, 434.78
1587605174, 3, 72, 257, 152, 0, 0.47%, 4, 0, 6, 429.22
1587605179, 3, 82, 257, 152, 0, 0.47%, 4, 0, 6, 361.11
1587605241, 3, 84, 257, 151, 0, 0.47%, 4, 0, 6, 441.25
1587605246, 3, 91, 257, 150, 0, 0.47%, 4, 0, 6, 444.54
1587605256, 3, 99, 257, 149, 0, 0.47%, 4, 0, 6, 420.39
1587605271, 3, 110, 257, 148, 0, 0.47%, 4, 0, 6, 425.30
1587605287, 3, 114, 257, 147, 0, 0.47%, 4, 0, 6, 451.05
1587605297, 3, 115, 257, 146, 0, 0.47%, 4, 0, 6, 480.21
1587605302, 3, 122, 257, 145, 0, 0.47%, 4, 0, 6, 441.34
1587605327, 3, 123, 257, 144, 0, 0.47%, 4, 0, 6, 426.06
1587605348, 3, 124, 257, 143, 0, 0.47%, 4, 0, 6, 395.76
1587605378, 3, 130, 257, 142, 0, 0.47%, 4, 0, 6, 383.90
1587605414, 3, 134, 257, 141, 0, 0.47%, 4, 0, 6, 411.17
1587605439, 3, 135, 257, 140, 0, 0.47%, 4, 0, 6, 311.40
1587605547, 3, 138, 257, 139, 0, 0.47%, 4, 0, 6, 347.06
1587605577, 3, 142, 257, 138, 0, 0.47%, 4, 0, 6, 384.37
1587605618, 3, 152, 257, 137, 0, 0.47%, 4, 0, 6, 300.14
1587605700, 3, 152, 258, 138, 0, 0.47%, 4, 0, 6, 299.84
1587605710, 3, 154, 258, 137, 0, 0.47%, 4, 0, 6, 346.17
1587605715, 3, 163, 258, 137, 0, 0.47%, 4, 0, 6, 355.06
1587605777, 3, 164, 258, 136, 0, 0.47%, 4, 0, 6, 340.30
1587605782, 3, 171, 258, 136, 0, 0.47%, 4, 0, 6, 359.26
1587605838, 3, 174, 259, 136, 0, 0.47%, 4, 0, 6, 358.47
1587605915, 3, 174, 261, 138, 0, 0.47%, 4, 0, 6, 308.91
1587605930, 3, 174, 262, 139, 0, 0.47%, 4, 0, 6, 300.64
1587605966, 3, 178, 262, 138, 0, 0.47%, 4, 0, 6, 328.89
1587606027, 3, 178, 263, 139, 0, 0.47%, 4, 0, 6, 336.58
1587606037, 3, 179, 263, 138, 0, 0.47%, 4, 0, 6, 305.64
1587606124, 3, 179, 264, 139, 0, 0.47%, 4, 0, 6, 313.21
1587606134, 3, 182, 264, 138, 0, 0.47%, 4, 0, 6, 310.23
1587606206, 3, 186, 264, 137, 0, 0.47%, 4, 0, 6, 309.75
1587606237, 3, 192, 264, 136, 0, 0.47%, 4, 0, 6, 228.17
1587606374, 3, 194, 264, 135, 0, 0.47%, 4, 0, 6, 184.93
1587606614, 3, 202, 264, 134, 0, 0.47%, 4, 0, 6, 144.65
1587607317, 3, 202, 266, 136, 0, 0.47%, 4, 0, 6, 147.15
1587607393, 3, 203, 266, 135, 0, 0.47%, 4, 0, 6, 399.13
1587607413, 3, 203, 267, 136, 0, 0.47%, 4, 0, 6, 431.44
1587607434, 3, 203, 268, 137, 0, 0.47%, 4, 0, 6, 397.72
1587607474, 3, 205, 268, 136, 0, 0.47%, 4, 0, 6, 316.71
1587607607, 3, 210, 268, 135, 0, 0.47%, 4, 0, 6, 245.43
1587607825, 3, 210, 269, 136, 0, 0.47%, 4, 0, 6, 255.86
1587607836, 3, 210, 270, 137, 0, 0.47%, 4, 0, 6, 249.38
1587607856, 3, 210, 271, 138, 0, 0.47%, 4, 0, 6, 250.21
1587607943, 3, 215, 271, 137, 0, 0.47%, 4, 0, 6, 202.98
1587608496, 3, 215, 272, 138, 0, 0.47%, 4, 0, 6, 157.00
1587608501, 3, 215, 275, 141, 0, 0.47%, 4, 0, 6, 172.05
1587608634, 3, 226, 275, 140, 0, 0.47%, 4, 0, 6, 139.16
1587609985, 3, 228, 275, 139, 0, 0.47%, 4, 0, 6, 219.03
1587610184, 3, 234, 275, 138, 0, 0.47%, 4, 0, 6, 266.24
1587610322, 3, 234, 277, 140, 0, 0.47%, 4, 0, 6, 300.62
1587610328, 3, 234, 278, 141, 0, 0.47%, 4, 0, 6, 295.90
1587610348, 3, 234, 279, 142, 0, 0.47%, 4, 0, 6, 294.17
1587610434, 3, 241, 279, 141, 0, 0.47%, 4, 0, 6, 130.02
1587613223, 3, 242, 279, 140, 0, 0.47%, 4, 0, 6, 88.90
1587615771, 3, 243, 279, 139, 0, 0.47%, 4, 0, 6, 81.36
1587618378, 3, 247, 279, 138, 0, 0.47%, 4, 0, 6, 98.86
1587618997, 3, 247, 280, 139, 0, 0.47%, 4, 0, 6, 155.14
1587619022, 3, 247, 280, 139, 0, 0.47%, 5, 0, 6, 159.50
1587619032, 3, 248, 280, 138, 0, 0.47%, 5, 0, 6, 166.82
1587619037, 3, 253, 280, 138, 0, 0.47%, 5, 0, 6, 159.80
1587620149, 3, 255, 280, 137, 0, 0.47%, 5, 0, 6, 79.71
1587623629, 3, 265, 280, 136, 0, 0.47%, 5, 0, 6, 69.90
1587624374, 3, 268, 280, 135, 0, 0.47%, 5, 0, 6, 48.94
1587630768, 3, 268, 281, 136, 0, 0.47%, 5, 0, 7, 66.11
1587630778, 3, 268, 283, 138, 0, 0.47%, 5, 0, 7, 74.94
1587630788, 3, 268, 284, 139, 0, 0.47%, 5, 0, 7, 78.60
1587630809, 3, 268, 285, 140, 0, 0.47%, 5, 0, 7, 78.44
1587631060, 3, 268, 286, 141, 0, 0.47%, 5, 0, 7, 80.30
1587631202, 3, 272, 286, 140, 0, 0.47%, 5, 0, 7, 73.68
1587633623, 3, 273, 286, 139, 0, 0.47%, 5, 0, 7, 109.61
1587634624, 3, 275, 286, 138, 0, 0.47%, 5, 0, 7, 198.30
1587634971, 3, 278, 286, 137, 0, 0.47%, 5, 0, 7, 136.12
1587636782, 3, 281, 286, 136, 0, 0.47%, 5, 0, 7, 70.85
1587643673, 3, 282, 286, 135, 0, 0.47%, 5, 0, 7, 47.51
1587648912, 3, 284, 286, 134, 0, 0.47%, 5, 0, 7, 77.60
1587649004, 4, 4, 286, 133, 0, 0.47%, 5, 0, 7, 493.04
1587649015, 4, 7, 286, 132, 0, 0.47%, 5, 0, 7, 498.79
1587649025, 4, 13, 286, 131, 0, 0.47%, 5, 0, 7, 489.93
1587649030, 4, 14, 286, 130, 0, 0.47%, 5, 0, 7, 437.81
1587649040, 4, 19, 286, 129, 0, 0.47%, 5, 0, 7, 409.17
1587649045, 4, 24, 286, 129, 0, 0.47%, 5, 0, 7, 463.36
1587649055, 4, 43, 286, 127, 0, 0.47%, 5, 0, 7, 427.29
1587649060, 4, 52, 286, 127, 0, 0.47%, 5, 0, 7, 435.21
1587649071, 4, 59, 286, 126, 0, 0.47%, 5, 0, 7, 435.19
1587649076, 4, 60, 286, 126, 0, 0.47%, 5, 0, 7, 355.17
1587649096, 4, 61, 286, 125, 0, 0.47%, 5, 0, 7, 353.83
1587649101, 4, 62, 286, 125, 0, 0.47%, 5, 0, 7, 377.99
1587649116, 4, 63, 286, 124, 0, 0.47%, 5, 0, 7, 448.29
1587649132, 4, 94, 286, 123, 0, 0.47%, 5, 0, 7, 422.10
1587649137, 4, 120, 286, 123, 0, 0.47%, 5, 0, 7, 408.15
1587649187, 4, 132, 286, 122, 0, 0.47%, 5, 0, 7, 415.67
1587649248, 4, 136, 286, 121, 0, 0.47%, 5, 0, 7, 426.98
1587649303, 4, 150, 286, 120, 0, 0.47%, 5, 0, 7, 382.90
1587649360, 4, 151, 286, 119, 0, 0.47%, 5, 0, 7, 384.54
1587649435, 4, 160, 286, 118, 0, 0.47%, 5, 0, 7, 355.47
1587649440, 4, 167, 286, 118, 0, 0.47%, 6, 0, 7, 364.85
1587649445, 4, 180, 286, 118, 0, 0.47%, 6, 0, 7, 358.68
1587649501, 5, 175, 286, 117, 1, 0.47%, 6, 0, 7, 362.24
1587649568, 5, 175, 286, 117, 1, 0.47%, 7, 0, 7, 344.13
1587649573, 5, 176, 286, 116, 0, 0.47%, 7, 0, 7, 307.80
1587649645, 5, 180, 286, 115, 0, 0.47%, 8, 0, 7, 258.82
1587649650, 5, 186, 286, 115, 0, 0.47%, 8, 0, 7, 300.16
1587649655, 5, 187, 286, 115, 0, 0.47%, 8, 0, 7, 164.85
1587649999, 5, 190, 286, 114, 0, 0.47%, 8, 0, 7, 214.02
1587650245, 5, 196, 286, 113, 0, 0.47%, 8, 0, 7, 215.90
1587650444, 5, 198, 286, 112, 0, 0.47%, 8, 0, 7, 361.96
1587650506, 5, 201, 286, 111, 0, 0.47%, 8, 0, 7, 203.63
1587650985, 5, 211, 286, 110, 0, 0.47%, 8, 0, 7, 197.17
1587651875, 5, 211, 287, 111, 0, 0.47%, 8, 0, 7, 169.34
1587651910, 5, 219, 287, 110, 0, 0.47%, 8, 0, 7, 286.32
1587652027, 5, 219, 288, 111, 0, 0.47%, 8, 0, 7, 309.11
1587652052, 5, 222, 288, 110, 0, 0.47%, 8, 0, 7, 320.62
1587652159, 5, 222, 288, 110, 0, 0.47%, 10, 0, 7, 302.57
1587652164, 5, 223, 288, 109, 0, 0.47%, 10, 0, 7, 263.97
1587652390, 5, 225, 288, 108, 0, 0.47%, 10, 0, 7, 149.12
1587653683, 5, 225, 288, 108, 0, 0.47%, 11, 0, 7, 134.85
1587653698, 5, 225, 289, 109, 0, 0.47%, 11, 0, 7, 234.50
1587653703, 5, 229, 289, 108, 0, 0.47%, 11, 0, 7, 152.54
