# unix_time, cycles_done, cur_path, paths_total, pending_total, pending_favs, map_size, unique_crashes, unique_hangs, max_depth, execs_per_sec
1586025011, 0, 0, 20, 20, 10, 0.48%, 0, 0, 1, 417.75
1586025016, 0, 1, 38, 38, 10, 0.51%, 26, 0, 2, 418.73
1586025021, 0, 1, 38, 38, 10, 0.51%, 37, 0, 2, 404.79
1586025026, 0, 1, 39, 39, 10, 0.51%, 44, 0, 2, 415.77
1586025032, 0, 1, 39, 39, 10, 0.51%, 50, 0, 2, 446.67
1586025037, 0, 3, 52, 51, 21, 0.53%, 52, 0, 2, 446.22
1586025042, 0, 3, 55, 54, 21, 0.53%, 53, 0, 2, 470.35
1586025047, 0, 3, 56, 55, 21, 0.53%, 54, 0, 2, 459.16
1586025052, 0, 4, 67, 65, 24, 0.54%, 55, 0, 2, 471.40
1586025057, 0, 8, 89, 86, 21, 0.54%, 63, 0, 2, 467.85
1586025062, 0, 23, 103, 99, 20, 0.54%, 64, 0, 3, 454.37
