# unix_time, cycles_done, cur_path, paths_total, pending_total, pending_favs, map_size, unique_crashes, unique_hangs, max_depth, execs_per_sec
1587340059, 0, 0, 1, 1, 1, 0.57%, 0, 0, 1, 444.44
1587340064, 0, 0, 46, 46, 1, 0.72%, 0, 0, 2, 542.57
1587340070, 0, 0, 61, 61, 1, 0.74%, 0, 0, 2, 553.73
1587340075, 0, 0, 69, 69, 1, 0.77%, 0, 0, 2, 541.69
1587340080, 0, 0, 72, 72, 1, 0.78%, 0, 0, 2, 483.23
1587340085, 0, 0, 78, 78, 1, 0.81%, 0, 0, 2, 481.50
1587340090, 0, 0, 80, 80, 1, 0.81%, 0, 0, 2, 546.07
1587340095, 0, 0, 81, 81, 1, 0.82%, 0, 0, 2, 525.58
1587340105, 0, 0, 86, 86, 1, 0.83%, 0, 0, 2, 538.97
1587340110, 0, 0, 90, 90, 1, 0.84%, 0, 0, 2, 535.08
1587340115, 0, 0, 91, 91, 1, 0.85%, 0, 0, 2, 544.66
1587340120, 0, 0, 93, 93, 1, 0.86%, 0, 0, 2, 529.44
1587340125, 0, 2, 94, 93, 42, 0.86%, 0, 0, 2, 531.92
1587340130, 0, 2, 96, 95, 42, 0.86%, 0, 0, 3, 548.77
1587340135, 0, 2, 99, 98, 42, 0.87%, 0, 0, 3, 538.90
1587340140, 0, 2, 100, 99, 42, 0.87%, 0, 0, 3, 561.46
1587340145, 0, 2, 101, 100, 42, 0.87%, 0, 0, 3, 557.11
1587340150, 0, 2, 102, 101, 42, 0.88%, 0, 0, 3, 558.86
1587340156, 0, 2, 103, 102, 42, 0.88%, 0, 0, 3, 574.60
1587340161, 0, 2, 104, 103, 42, 0.88%, 0, 0, 3, 579.98
1587340166, 0, 2, 105, 104, 42, 0.88%, 0, 0, 3, 580.33
1587340181, 0, 2, 106, 105, 42, 0.89%, 0, 0, 3, 557.93
1587340186, 0, 4, 108, 106, 49, 0.89%, 0, 0, 3, 569.52
1587340191, 0, 4, 109, 107, 49, 0.89%, 0, 0, 3, 561.25
1587340196, 0, 7, 112, 109, 48, 0.89%, 0, 0, 3, 578.09
1587340202, 0, 7, 118, 115, 48, 0.89%, 0, 0, 3, 574.98
1587340207, 0, 7, 121, 118, 48, 0.89%, 0, 0, 3, 556.60
1587340212, 0, 7, 122, 119, 48, 0.89%, 0, 0, 3, 556.30
1587340217, 0, 7, 123, 120, 48, 0.89%, 0, 0, 3, 555.29
1587340222, 0, 7, 124, 121, 48, 0.89%, 0, 0, 3, 565.53
1587340227, 0, 7, 126, 123, 48, 0.89%, 0, 0, 3, 561.21
1587340232, 0, 7, 129, 126, 48, 1.00%, 0, 0, 3, 564.89
1587340247, 0, 7, 130, 127, 48, 1.00%, 0, 0, 3, 569.71
1587340252, 0, 7, 132, 129, 48, 1.00%, 0, 0, 3, 573.94
1587340257, 0, 9, 133, 129, 49, 1.00%, 0, 0, 3, 578.90
1587340262, 0, 25, 135, 129, 47, 1.01%, 0, 0, 3, 567.35
1587340268, 0, 26, 135, 128, 46, 1.01%, 0, 0, 3, 581.48
1587340273, 0, 32, 137, 129, 45, 1.01%, 0, 0, 3, 554.27
1587340278, 0, 43, 137, 127, 45, 1.01%, 0, 0, 3, 575.88
1587340283, 0, 48, 138, 127, 44, 1.01%, 0, 0, 3, 575.58
1587340288, 0, 48, 139, 128, 44, 1.01%, 0, 0, 3, 558.09
1587340293, 0, 52, 142, 129, 42, 1.02%, 0, 0, 3, 579.26
1587340298, 0, 54, 142, 128, 44, 1.02%, 0, 0, 3, 562.46
1587340303, 0, 56, 142, 126, 42, 1.02%, 0, 0, 3, 565.73
1587340313, 0, 59, 144, 126, 41, 1.02%, 0, 0, 3, 571.75
1587340318, 0, 61, 144, 125, 40, 1.02%, 0, 0, 3, 575.69
1587340334, 0, 62, 144, 124, 39, 1.02%, 0, 0, 3, 565.70
1587340339, 0, 65, 144, 122, 37, 1.02%, 0, 0, 3, 574.82
1587340344, 0, 67, 146, 123, 36, 1.03%, 0, 0, 3, 564.83
1587340349, 0, 68, 146, 122, 36, 1.03%, 0, 0, 3, 577.26
1587340354, 0, 68, 149, 125, 36, 1.03%, 0, 0, 3, 558.59
1587340359, 0, 68, 152, 128, 36, 1.03%, 0, 0, 3, 534.45
1587340364, 0, 68, 154, 130, 36, 1.03%, 0, 0, 3, 549.55
1587340369, 0, 68, 156, 132, 36, 1.03%, 0, 0, 3, 530.16
1587340394, 0, 68, 157, 133, 36, 1.03%, 0, 0, 3, 547.90
1587340399, 0, 68, 160, 136, 36, 1.03%, 0, 0, 3, 557.38
1587340409, 0, 68, 161, 137, 36, 1.03%, 0, 0, 3, 558.07
1587340414, 0, 68, 162, 138, 36, 1.03%, 0, 0, 3, 550.83
1587340420, 0, 75, 163, 138, 37, 1.03%, 0, 0, 3, 553.69
1587340425, 0, 75, 164, 139, 37, 1.03%, 0, 0, 3, 550.10
1587340430, 0, 80, 164, 137, 36, 1.03%, 0, 0, 3, 557.93
1587340435, 0, 80, 165, 138, 36, 1.03%, 0, 0, 3, 560.42
1587340440, 0, 82, 167, 138, 36, 1.04%, 0, 0, 3, 550.71
1587340450, 0, 84, 168, 138, 35, 1.05%, 0, 0, 3, 547.05
1587340455, 0, 85, 168, 137, 35, 1.05%, 0, 0, 3, 573.23
1587340460, 0, 85, 171, 140, 35, 1.05%, 0, 0, 3, 547.44
1587340465, 0, 85, 172, 141, 35, 1.05%, 0, 0, 3, 544.23
1587340470, 0, 85, 173, 142, 35, 1.05%, 0, 0, 3, 542.74
1587340475, 0, 85, 175, 144, 35, 1.05%, 0, 0, 3, 548.75
1587340491, 0, 85, 176, 145, 35, 1.12%, 0, 0, 3, 541.17
1587340521, 0, 86, 177, 145, 35, 1.12%, 0, 0, 3, 533.31
1587340526, 0, 89, 178, 144, 34, 1.12%, 0, 0, 3, 540.01
1587340531, 0, 90, 179, 144, 33, 1.12%, 0, 0, 3, 554.13
1587340536, 0, 91, 180, 144, 32, 1.14%, 0, 0, 3, 540.97
1587340541, 0, 92, 180, 143, 32, 1.14%, 0, 0, 3, 552.24
1587340546, 0, 92, 184, 147, 32, 1.14%, 0, 0, 3, 549.56
1587340551, 0, 92, 185, 148, 32, 1.14%, 0, 0, 3, 544.70
1587340556, 0, 92, 186, 149, 32, 1.14%, 0, 0, 3, 546.18
1587340561, 0, 92, 187, 150, 32, 1.14%, 0, 0, 3, 535.92
1587340566, 0, 92, 188, 151, 32, 1.14%, 0, 0, 3, 540.11
1587340577, 0, 92, 189, 152, 32, 1.14%, 0, 0, 3, 550.65
1587340607, 0, 93, 191, 153, 32, 1.19%, 0, 0, 3, 550.95
1587340612, 0, 96, 192, 153, 33, 1.19%, 0, 0, 4, 541.82
1587340617, 0, 100, 192, 151, 32, 1.19%, 0, 0, 4, 567.92
1587340622, 0, 100, 193, 152, 32, 1.19%, 0, 0, 4, 558.25
1587340627, 0, 104, 193, 151, 31, 1.19%, 0, 0, 4, 571.86
1587340632, 0, 106, 194, 150, 30, 1.20%, 0, 0, 4, 564.12
1587340637, 0, 117, 194, 149, 29, 1.20%, 0, 0, 4, 557.17
1587340643, 0, 126, 194, 148, 28, 1.20%, 0, 0, 4, 558.80
1587340648, 0, 126, 197, 151, 28, 1.20%, 0, 0, 4, 538.24
1587340653, 0, 126, 201, 155, 28, 1.22%, 0, 0, 4, 530.69
1587340663, 0, 126, 203, 157, 28, 1.23%, 0, 0, 4, 545.55
1587340668, 0, 126, 204, 158, 28, 1.23%, 0, 0, 4, 541.92
1587340678, 0, 126, 205, 159, 28, 1.23%, 0, 0, 4, 538.38
1587340683, 0, 126, 207, 161, 28, 1.23%, 0, 0, 4, 473.30
1587340699, 0, 126, 209, 163, 28, 1.23%, 0, 0, 4, 525.33
1587340704, 0, 126, 210, 164, 28, 1.23%, 0, 0, 4, 516.91
1587340709, 0, 131, 210, 163, 30, 1.23%, 0, 0, 4, 529.78
1587340714, 0, 131, 211, 164, 30, 1.23%, 0, 0, 4, 548.26
1587340719, 0, 131, 214, 167, 30, 1.23%, 0, 0, 4, 544.18
1587340744, 0, 132, 214, 166, 29, 1.23%, 0, 0, 4, 543.10
1587340749, 0, 132, 216, 168, 29, 1.23%, 0, 0, 4, 544.05
1587340755, 0, 132, 217, 169, 29, 1.23%, 0, 0, 4, 532.07
1587340760, 0, 132, 220, 172, 29, 1.23%, 0, 0, 4, 551.97
1587340765, 0, 132, 222, 174, 29, 1.23%, 0, 0, 4, 540.62
1587340780, 0, 132, 223, 175, 29, 1.23%, 0, 0, 4, 533.31
1587340790, 0, 132, 224, 176, 29, 1.23%, 0, 0, 4, 539.32
1587340810, 0, 134, 224, 175, 28, 1.23%, 0, 0, 4, 444.60
1587340815, 0, 135, 224, 174, 27, 1.23%, 0, 0, 4, 424.27
1587340820, 0, 136, 224, 173, 26, 1.23%, 0, 0, 4, 419.86
1587340825, 0, 138, 224, 172, 25, 1.23%, 0, 0, 4, 472.23
1587340841, 0, 138, 228, 176, 25, 1.24%, 0, 0, 4, 455.33
1587340846, 0, 138, 229, 177, 25, 1.24%, 0, 0, 4, 445.63
1587340851, 0, 138, 230, 178, 25, 1.24%, 0, 0, 4, 439.62
1587340856, 0, 138, 232, 180, 25, 1.24%, 0, 0, 4, 446.02
1587340871, 0, 138, 233, 181, 25, 1.24%, 0, 0, 4, 450.52
1587340886, 0, 138, 234, 182, 25, 1.24%, 0, 0, 4, 480.51
1587340896, 0, 138, 235, 183, 25, 1.24%, 0, 0, 4, 486.30
1587340901, 0, 138, 236, 184, 25, 1.24%, 0, 0, 4, 500.00
1587340912, 0, 139, 238, 185, 26, 1.24%, 0, 0, 4, 567.31
1587340917, 0, 139, 239, 186, 26, 1.24%, 0, 0, 4, 565.45
1587340922, 0, 142, 239, 184, 25, 1.24%, 0, 0, 4, 560.65
1587340927, 0, 144, 240, 184, 24, 1.24%, 0, 0, 4, 549.77
1587340932, 0, 144, 241, 185, 24, 1.24%, 0, 0, 4, 529.15
1587340937, 0, 146, 241, 184, 23, 1.24%, 0, 0, 4, 559.16
1587340947, 0, 149, 242, 184, 22, 1.25%, 0, 0, 4, 552.09
1587340957, 0, 149, 244, 186, 22, 1.25%, 0, 0, 4, 555.76
1587340962, 0, 149, 245, 187, 22, 1.25%, 0, 0, 4, 550.23
1587340973, 0, 163, 246, 187, 23, 1.25%, 0, 0, 4, 536.28
1587340978, 0, 164, 246, 186, 22, 1.25%, 0, 0, 4, 497.71
1587340988, 0, 165, 247, 186, 21, 1.25%, 0, 0, 4, 549.45
1587340993, 0, 166, 248, 186, 20, 1.25%, 0, 0, 4, 558.73
1587340998, 0, 167, 248, 185, 20, 1.25%, 0, 0, 4, 552.91
1587341003, 0, 169, 248, 184, 19, 1.25%, 0, 0, 4, 549.02
1587341018, 0, 169, 250, 186, 19, 1.25%, 0, 0, 4, 547.01
1587341023, 0, 169, 251, 187, 19, 1.25%, 0, 0, 4, 533.51
1587341033, 0, 175, 253, 188, 20, 1.26%, 0, 0, 4, 536.49
1587341038, 0, 175, 257, 192, 20, 1.26%, 0, 0, 4, 537.32
1587341043, 0, 175, 264, 199, 20, 1.27%, 0, 0, 4, 517.96
1587341049, 0, 175, 265, 200, 20, 1.27%, 0, 0, 4, 526.30
1587341054, 0, 175, 269, 204, 20, 1.27%, 0, 0, 4, 526.46
1587341059, 0, 175, 270, 205, 20, 1.27%, 0, 0, 4, 534.50
1587341064, 0, 175, 271, 206, 20, 1.28%, 0, 0, 4, 526.86
1587341069, 0, 175, 272, 207, 20, 1.28%, 0, 0, 4, 548.12
1587341074, 0, 175, 273, 208, 20, 1.28%, 0, 0, 4, 540.38
1587341089, 0, 175, 275, 210, 20, 1.29%, 0, 0, 4, 525.94
1587341104, 0, 177, 275, 209, 31, 1.29%, 0, 0, 4, 507.18
1587341109, 0, 179, 276, 209, 30, 1.29%, 0, 0, 4, 509.80
1587341115, 0, 184, 276, 208, 29, 1.29%, 0, 0, 4, 516.23
1587341125, 0, 187, 276, 207, 29, 1.29%, 0, 0, 4, 532.70
1587341135, 0, 190, 290, 220, 28, 1.31%, 0, 0, 4, 509.84
1587341140, 0, 190, 296, 226, 28, 1.32%, 0, 0, 4, 509.70
1587341155, 0, 190, 297, 227, 28, 1.32%, 0, 0, 4, 488.78
1587341191, 0, 190, 298, 228, 28, 1.32%, 0, 0, 4, 498.93
1587341201, 0, 191, 298, 227, 34, 1.32%, 0, 0, 4, 497.83
1587341206, 0, 191, 299, 228, 34, 1.32%, 0, 0, 5, 486.80
1587341216, 0, 193, 301, 229, 33, 1.32%, 0, 0, 5, 416.21
1587341226, 0, 197, 302, 229, 33, 1.32%, 0, 0, 5, 467.95
1587341242, 0, 197, 304, 231, 33, 1.32%, 0, 0, 5, 519.30
1587341247, 0, 197, 306, 233, 33, 1.32%, 0, 0, 5, 87.17
1587341252, 0, 197, 310, 237, 33, 1.33%, 0, 0, 5, 465.96
1587341257, 0, 197, 311, 238, 33, 1.33%, 0, 0, 5, 463.05
1587341267, 0, 197, 312, 239, 33, 1.33%, 0, 0, 5, 516.23
1587341277, 0, 197, 313, 240, 33, 1.33%, 0, 0, 5, 501.01
1587341297, 0, 197, 314, 241, 33, 1.33%, 0, 0, 5, 570.00
1587341308, 0, 200, 315, 241, 35, 1.33%, 0, 0, 5, 519.71
1587341328, 0, 200, 317, 243, 35, 1.33%, 0, 0, 5, 537.38
1587341333, 0, 200, 318, 244, 35, 1.33%, 0, 0, 5, 533.09
1587341344, 0, 200, 319, 245, 35, 1.34%, 0, 0, 5, 537.64
1587341359, 0, 200, 320, 246, 35, 1.34%, 0, 0, 5, 531.06
1587341374, 0, 200, 321, 247, 35, 1.34%, 0, 0, 5, 531.47
1587341379, 0, 200, 322, 248, 35, 1.34%, 0, 0, 5, 543.65
1587341384, 0, 201, 322, 247, 36, 1.34%, 0, 0, 5, 536.38
1587341394, 0, 201, 326, 251, 36, 1.34%, 0, 0, 5, 540.70
1587341399, 0, 201, 328, 253, 36, 1.34%, 0, 0, 5, 216.95
1587341409, 0, 201, 329, 254, 36, 1.34%, 0, 0, 5, 496.23
1587341450, 0, 201, 330, 255, 36, 1.34%, 0, 0, 5, 535.72
1587341460, 0, 207, 330, 254, 35, 1.34%, 0, 0, 5, 491.76
1587341465, 0, 207, 332, 256, 35, 1.34%, 0, 0, 5, 520.74
1587341475, 0, 207, 333, 257, 35, 1.34%, 0, 0, 5, 500.75
1587341500, 0, 211, 334, 257, 34, 1.34%, 0, 0, 5, 545.37
1587341505, 0, 226, 335, 257, 34, 1.34%, 0, 0, 5, 556.07
1587341516, 0, 227, 335, 256, 33, 1.34%, 0, 0, 5, 553.22
1587341526, 0, 227, 336, 257, 33, 1.34%, 0, 0, 5, 521.17
1587341531, 0, 227, 337, 258, 33, 1.34%, 0, 0, 5, 522.27
1587341546, 0, 232, 337, 257, 33, 1.34%, 0, 0, 5, 429.05
1587341561, 0, 232, 338, 258, 33, 1.34%, 0, 0, 5, 358.22
1587341566, 0, 232, 339, 259, 33, 1.34%, 0, 0, 5, 294.38
1587341586, 0, 232, 340, 260, 33, 1.34%, 0, 0, 5, 279.30
1587341602, 0, 232, 341, 261, 33, 1.34%, 0, 0, 5, 302.50
1587341617, 0, 232, 342, 262, 33, 1.34%, 0, 0, 5, 290.22
1587341632, 0, 232, 343, 263, 33, 1.34%, 0, 0, 5, 316.27
1587341637, 0, 232, 344, 264, 33, 1.34%, 0, 0, 5, 330.21
1587341663, 0, 236, 344, 263, 32, 1.34%, 0, 0, 5, 487.29
1587341668, 0, 241, 344, 262, 31, 1.34%, 0, 0, 5, 539.02
1587341683, 0, 241, 346, 264, 31, 1.34%, 0, 0, 5, 528.90
1587341699, 0, 247, 346, 263, 30, 1.34%, 0, 0, 5, 513.67
1587341709, 0, 248, 346, 262, 29, 1.34%, 0, 0, 5, 493.75
1587341714, 0, 248, 347, 263, 29, 1.34%, 0, 0, 5, 501.03
1587341724, 0, 248, 348, 264, 29, 1.34%, 0, 0, 5, 490.34
1587341734, 0, 251, 348, 263, 29, 1.34%, 0, 0, 5, 517.92
1587341739, 0, 251, 350, 265, 29, 1.34%, 0, 0, 5, 513.55
1587341754, 0, 251, 352, 267, 29, 1.34%, 0, 0, 5, 494.70
1587341795, 0, 251, 353, 268, 29, 1.34%, 0, 0, 5, 514.53
1587341805, 0, 252, 353, 267, 28, 1.34%, 0, 0, 5, 516.18
1587341815, 0, 253, 353, 266, 27, 1.34%, 0, 0, 5, 514.26
1587341825, 0, 254, 353, 265, 26, 1.34%, 0, 0, 5, 444.66
1587341835, 0, 255, 353, 264, 25, 1.34%, 0, 0, 5, 482.88
1587341850, 0, 256, 353, 263, 24, 1.34%, 0, 0, 5, 509.87
1587341860, 0, 259, 354, 263, 23, 1.34%, 0, 0, 5, 521.60
1587341871, 0, 260, 354, 262, 22, 1.34%, 0, 0, 5, 527.42
1587341876, 0, 261, 354, 261, 21, 1.34%, 0, 0, 5, 506.79
1587341886, 0, 270, 354, 260, 20, 1.34%, 0, 0, 5, 532.34
1587341896, 0, 271, 354, 259, 19, 1.34%, 0, 0, 5, 542.62
1587341906, 0, 276, 356, 260, 18, 1.34%, 0, 0, 5, 513.13
1587341912, 0, 276, 357, 261, 18, 1.34%, 0, 0, 5, 507.71
1587341922, 0, 280, 357, 260, 17, 1.34%, 0, 0, 5, 466.93
1587341932, 0, 281, 357, 259, 16, 1.34%, 0, 0, 5, 517.50
1587341937, 0, 284, 357, 258, 15, 1.34%, 0, 0, 5, 507.35
1587341947, 0, 288, 357, 257, 14, 1.34%, 0, 0, 5, 506.27
1587341962, 0, 294, 358, 257, 13, 1.34%, 0, 0, 5, 535.16
1587341967, 0, 294, 360, 259, 13, 1.34%, 0, 0, 5, 543.35
1587341977, 0, 297, 360, 258, 13, 1.34%, 0, 0, 5, 535.31
1587341982, 0, 297, 361, 259, 13, 1.34%, 0, 0, 5, 539.61
1587341993, 0, 298, 363, 260, 12, 1.34%, 0, 0, 6, 531.38
1587341998, 0, 299, 363, 259, 11, 1.34%, 0, 0, 6, 516.64
1587342003, 0, 299, 365, 261, 11, 1.34%, 0, 0, 6, 505.76
1587342018, 0, 301, 365, 260, 11, 1.34%, 0, 0, 6, 497.03
1587342043, 0, 306, 365, 259, 10, 1.34%, 0, 0, 6, 475.11
1587342054, 0, 306, 367, 261, 10, 1.34%, 0, 0, 6, 483.94
1587342059, 0, 306, 369, 263, 10, 1.34%, 0, 0, 6, 511.34
1587342069, 0, 306, 370, 264, 10, 1.34%, 0, 0, 6, 489.06
1587342074, 0, 306, 371, 265, 10, 1.34%, 0, 0, 6, 489.41
1587342089, 0, 306, 372, 266, 10, 1.34%, 0, 0, 6, 462.11
1587342094, 0, 306, 373, 267, 10, 1.34%, 0, 0, 6, 460.92
1587342115, 0, 306, 374, 268, 10, 1.34%, 0, 0, 6, 493.94
1587342120, 0, 311, 374, 267, 9, 1.34%, 0, 0, 6, 495.23
1587342135, 0, 311, 375, 268, 9, 1.34%, 0, 0, 6, 483.04
1587342140, 0, 311, 377, 270, 9, 1.34%, 0, 0, 6, 470.33
1587342145, 0, 311, 379, 272, 9, 1.34%, 0, 0, 6, 462.66
1587342186, 0, 311, 380, 273, 9, 1.34%, 0, 0, 6, 446.05
1587342191, 0, 311, 381, 274, 9, 1.34%, 0, 0, 6, 474.40
1587342212, 0, 318, 382, 274, 8, 1.36%, 0, 0, 6, 510.15
1587342217, 0, 318, 385, 277, 8, 1.36%, 0, 0, 6, 508.24
1587342227, 0, 318, 386, 278, 8, 1.36%, 0, 0, 6, 519.95
1587342232, 0, 318, 388, 280, 8, 1.36%, 0, 0, 6, 499.43
1587342262, 0, 318, 389, 281, 8, 1.36%, 0, 0, 6, 505.01
1587342267, 0, 318, 391, 283, 8, 1.36%, 0, 0, 6, 531.26
1587342272, 0, 318, 392, 284, 8, 1.36%, 0, 0, 6, 530.31
1587342283, 0, 319, 392, 283, 8, 1.36%, 0, 0, 6, 554.11
1587342288, 0, 319, 395, 286, 8, 1.36%, 0, 0, 6, 545.58
1587342313, 0, 319, 396, 287, 8, 1.36%, 0, 0, 6, 539.55
1587342328, 0, 319, 397, 288, 8, 1.36%, 0, 0, 6, 530.73
1587342349, 0, 333, 397, 287, 7, 1.36%, 0, 0, 6, 526.71
1587342359, 0, 335, 397, 286, 6, 1.36%, 0, 0, 6, 498.76
1587342394, 0, 346, 397, 285, 6, 1.36%, 0, 0, 6, 497.32
1587342410, 0, 346, 398, 286, 6, 1.36%, 0, 0, 6, 502.66
1587342415, 0, 351, 398, 285, 5, 1.36%, 0, 0, 6, 529.17
1587342425, 0, 354, 398, 284, 5, 1.36%, 0, 0, 6, 527.39
1587342430, 0, 357, 398, 283, 4, 1.36%, 0, 0, 6, 496.10
1587342435, 0, 357, 399, 284, 4, 1.36%, 0, 0, 6, 519.47
1587342445, 0, 363, 400, 284, 4, 1.36%, 0, 0, 7, 513.08
1587342450, 0, 381, 400, 283, 3, 1.36%, 0, 0, 7, 521.50
1587342460, 0, 398, 400, 282, 2, 1.36%, 0, 0, 7, 510.01
1587342465, 0, 398, 401, 283, 2, 1.36%, 0, 0, 7, 542.89
1587342471, 1, 27, 401, 282, 1, 1.36%, 0, 0, 7, 527.38
1587342491, 1, 71, 401, 281, 1, 1.36%, 0, 0, 7, 524.49
1587342496, 1, 72, 401, 280, 0, 1.36%, 0, 0, 7, 543.12
1587342501, 1, 72, 402, 281, 0, 1.36%, 0, 0, 7, 538.72
1587342506, 1, 72, 404, 283, 0, 1.36%, 0, 0, 7, 518.82
1587342511, 1, 72, 406, 285, 0, 1.36%, 0, 0, 7, 468.20
1587342517, 1, 72, 407, 286, 0, 1.36%, 0, 0, 7, 517.66
1587342532, 1, 72, 408, 287, 0, 1.36%, 0, 0, 7, 507.56
1587342568, 1, 79, 408, 286, 0, 1.36%, 0, 0, 7, 519.51
1587342598, 1, 79, 410, 288, 0, 1.36%, 0, 0, 7, 501.55
1587342603, 1, 86, 410, 287, 0, 1.36%, 0, 0, 7, 503.03
1587342608, 1, 87, 410, 287, 0, 1.36%, 0, 0, 7, 496.20
1587342624, 1, 90, 410, 286, 0, 1.36%, 0, 0, 7, 513.29
1587342629, 1, 103, 410, 286, 0, 1.36%, 0, 0, 7, 527.11
1587342669, 1, 110, 410, 285, 0, 1.36%, 0, 0, 7, 549.03
1587342680, 1, 116, 410, 284, 0, 1.36%, 0, 0, 7, 569.24
1587342685, 1, 116, 411, 285, 0, 1.36%, 0, 0, 7, 566.34
1587342690, 1, 119, 411, 284, 0, 1.36%, 0, 0, 7, 546.15
1587342710, 1, 123, 411, 283, 0, 1.36%, 0, 0, 7, 507.09
1587342741, 1, 123, 413, 285, 0, 1.36%, 0, 0, 7, 505.00
1587342746, 1, 128, 413, 284, 0, 1.36%, 0, 0, 7, 521.52
1587342756, 1, 128, 414, 285, 0, 1.36%, 0, 0, 7, 538.20
1587342761, 1, 128, 415, 286, 0, 1.36%, 0, 0, 7, 511.55
1587342766, 1, 129, 415, 285, 0, 1.36%, 0, 0, 7, 503.98
1587342786, 1, 132, 415, 284, 0, 1.36%, 0, 0, 7, 405.47
1587342792, 1, 140, 415, 284, 0, 1.36%, 0, 0, 7, 501.46
1587342797, 1, 148, 415, 283, 0, 1.36%, 0, 0, 7, 491.59
1587342812, 1, 148, 417, 285, 0, 1.36%, 0, 0, 7, 520.09
1587342822, 1, 152, 417, 284, 0, 1.36%, 0, 0, 7, 523.99
1587342847, 1, 155, 417, 283, 0, 1.36%, 0, 0, 7, 500.03
1587342868, 1, 161, 417, 282, 0, 1.36%, 0, 0, 7, 509.81
1587342873, 1, 161, 418, 283, 0, 1.36%, 0, 0, 7, 535.24
1587342888, 1, 165, 418, 282, 0, 1.36%, 0, 0, 7, 499.73
1587342893, 1, 173, 418, 282, 0, 1.36%, 0, 0, 7, 463.35
1587342918, 1, 185, 419, 282, 0, 1.36%, 0, 0, 7, 465.77
1587342939, 1, 185, 421, 284, 0, 1.36%, 0, 0, 7, 489.51
1587342949, 1, 191, 422, 284, 0, 1.36%, 0, 0, 7, 460.38
1587342954, 1, 192, 422, 284, 0, 1.36%, 0, 0, 7, 490.80
1587342969, 1, 192, 424, 286, 0, 1.36%, 0, 0, 7, 487.37
1587342974, 1, 192, 425, 287, 0, 1.36%, 0, 0, 7, 494.13
1587343005, 1, 211, 425, 286, 0, 1.36%, 0, 0, 7, 499.90
1587343035, 1, 220, 425, 286, 0, 1.36%, 0, 0, 7, 3.95
1587343050, 1, 220, 426, 287, 0, 1.36%, 0, 0, 7, 429.84
1587343055, 1, 220, 427, 288, 0, 1.36%, 0, 0, 7, 337.12
1587343066, 1, 220, 428, 289, 0, 1.36%, 0, 0, 7, 40.30
1587343090, 1, 221, 428, 288, 0, 1.36%, 0, 0, 7, 472.10
1587343110, 1, 221, 430, 290, 0, 1.36%, 0, 0, 7, 369.46
1587343125, 1, 221, 432, 292, 0, 1.36%, 0, 0, 7, 493.14
1587343130, 1, 221, 433, 293, 0, 1.36%, 0, 0, 7, 494.14
1587343161, 1, 221, 434, 294, 0, 1.36%, 0, 0, 7, 487.52
1587343166, 1, 221, 435, 295, 0, 1.36%, 0, 0, 7, 476.77
1587343181, 1, 224, 435, 294, 0, 1.36%, 0, 0, 7, 413.24
1587343212, 1, 224, 436, 295, 0, 1.36%, 0, 0, 7, 405.21
1587343217, 1, 226, 436, 294, 0, 1.36%, 0, 0, 7, 479.17
1587343222, 1, 234, 437, 295, 0, 1.36%, 0, 0, 7, 491.93
1587343247, 1, 241, 438, 295, 0, 1.36%, 0, 0, 7, 475.45
1587343252, 1, 253, 438, 295, 0, 1.36%, 0, 0, 7, 459.47
1587343257, 1, 258, 438, 295, 0, 1.36%, 0, 0, 7, 459.34
1587343268, 1, 269, 438, 294, 0, 1.36%, 0, 0, 7, 484.19
1587343283, 1, 269, 439, 295, 0, 1.36%, 0, 0, 7, 502.27
1587343293, 1, 275, 439, 294, 0, 1.36%, 0, 0, 7, 417.20
1587343303, 1, 277, 439, 293, 0, 1.36%, 0, 0, 7, 499.20
1587343308, 1, 281, 439, 292, 0, 1.36%, 0, 0, 7, 543.30
1587343313, 1, 283, 439, 292, 0, 1.36%, 0, 0, 7, 494.95
1587343318, 1, 283, 440, 293, 0, 1.36%, 0, 0, 7, 442.61
1587343323, 1, 291, 440, 292, 0, 1.36%, 0, 0, 7, 471.01
1587343339, 1, 293, 440, 291, 0, 1.36%, 0, 0, 7, 563.97
1587343359, 1, 296, 440, 290, 0, 1.36%, 0, 0, 7, 458.57
1587343369, 1, 296, 446, 296, 0, 1.36%, 0, 0, 7, 467.65
1587343374, 1, 296, 447, 297, 0, 1.36%, 0, 0, 7, 450.73
1587343379, 1, 296, 452, 302, 0, 1.36%, 0, 0, 7, 443.92
1587343384, 1, 296, 454, 304, 0, 1.36%, 0, 0, 7, 445.19
1587343394, 1, 296, 456, 306, 0, 1.36%, 0, 0, 7, 479.44
1587343415, 1, 296, 457, 307, 0, 1.36%, 0, 0, 7, 422.09
1587343430, 1, 296, 458, 308, 0, 1.36%, 0, 0, 7, 479.73
1587343440, 1, 296, 459, 309, 0, 1.36%, 0, 0, 7, 517.89
1587343445, 1, 300, 459, 308, 0, 1.36%, 0, 0, 7, 546.77
1587343450, 1, 300, 461, 310, 0, 1.36%, 0, 0, 7, 543.25
1587343460, 1, 309, 461, 309, 0, 1.36%, 0, 0, 7, 538.38
1587343506, 1, 309, 468, 316, 0, 1.36%, 0, 0, 7, 499.44
1587343511, 1, 309, 471, 319, 0, 1.36%, 0, 0, 7, 493.50
1587343516, 1, 309, 474, 322, 0, 1.36%, 0, 0, 7, 481.58
1587343521, 1, 309, 475, 323, 0, 1.36%, 0, 0, 7, 476.44
1587343526, 1, 309, 476, 324, 0, 1.36%, 0, 0, 7, 484.99
1587343532, 1, 309, 478, 326, 0, 1.36%, 0, 0, 7, 498.64
1587343537, 1, 309, 479, 327, 0, 1.36%, 0, 0, 7, 479.23
1587343542, 1, 309, 480, 328, 0, 1.36%, 0, 0, 7, 495.35
1587343572, 1, 313, 480, 327, 0, 1.36%, 0, 0, 7, 501.46
1587343613, 1, 314, 480, 326, 0, 1.36%, 0, 0, 7, 525.59
1587343643, 1, 314, 481, 327, 0, 1.36%, 0, 0, 7, 490.19
1587343648, 1, 331, 481, 326, 0, 1.36%, 0, 0, 7, 511.01
1587343669, 1, 331, 483, 328, 0, 1.36%, 0, 0, 7, 519.67
1587343674, 1, 331, 486, 331, 0, 1.36%, 0, 0, 7, 519.49
1587343700, 1, 331, 487, 332, 0, 1.36%, 0, 0, 7, 523.85
1587343710, 1, 331, 488, 333, 0, 1.36%, 0, 0, 7, 515.87
1587343736, 1, 339, 488, 332, 0, 1.36%, 0, 0, 7, 538.41
1587343756, 1, 339, 489, 333, 0, 1.36%, 0, 0, 7, 524.27
1587343761, 1, 339, 491, 335, 0, 1.36%, 0, 0, 7, 513.73
1587343786, 1, 341, 491, 334, 0, 1.36%, 0, 0, 7, 512.03
1587343817, 1, 345, 491, 333, 0, 1.36%, 0, 0, 7, 533.98
1587343837, 1, 345, 492, 334, 0, 1.36%, 0, 0, 7, 530.27
1587343842, 1, 345, 493, 335, 0, 1.37%, 0, 0, 7, 523.87
1587343847, 1, 345, 494, 336, 0, 1.37%, 0, 0, 7, 527.68
1587343852, 1, 345, 495, 337, 0, 1.37%, 0, 0, 7, 528.56
1587343862, 1, 345, 496, 338, 0, 1.37%, 0, 0, 7, 531.85
1587343878, 1, 345, 498, 340, 0, 1.37%, 0, 0, 7, 526.66
1587343898, 1, 413, 498, 339, 1, 1.37%, 0, 0, 7, 509.13
1587343929, 1, 413, 499, 340, 1, 1.37%, 0, 0, 7, 483.71
1587343949, 1, 432, 499, 339, 1, 1.37%, 0, 0, 7, 481.91
1587343984, 1, 432, 500, 340, 1, 1.37%, 0, 0, 7, 409.40
1587343989, 1, 432, 501, 341, 1, 1.37%, 0, 0, 7, 447.73
1587343999, 1, 432, 502, 342, 1, 1.37%, 0, 0, 7, 447.02
1587344005, 1, 432, 503, 343, 1, 1.37%, 0, 0, 7, 495.32
1587344050, 1, 483, 504, 343, 1, 1.37%, 0, 0, 7, 477.10
1587344132, 1, 492, 504, 342, 1, 1.37%, 0, 0, 7, 473.22
1587344183, 1, 492, 507, 345, 1, 1.37%, 0, 0, 7, 503.17
1587344208, 1, 492, 508, 346, 1, 1.37%, 0, 0, 7, 514.21
1587344238, 1, 492, 509, 347, 1, 1.37%, 0, 0, 7, 506.15
1587344253, 1, 495, 509, 346, 0, 1.37%, 0, 0, 7, 533.35
1587344274, 1, 495, 511, 348, 0, 1.37%, 0, 0, 7, 529.70
1587344279, 1, 495, 512, 349, 0, 1.37%, 0, 0, 7, 503.06
1587344309, 1, 495, 513, 350, 0, 1.37%, 0, 0, 7, 537.96
1587344330, 1, 495, 514, 351, 0, 1.37%, 0, 0, 7, 527.86
1587344340, 1, 501, 514, 350, 0, 1.37%, 0, 0, 7, 513.74
1587344406, 1, 501, 516, 352, 0, 1.37%, 0, 0, 7, 472.21
1587344411, 1, 501, 517, 353, 0, 1.37%, 0, 0, 7, 462.97
1587344416, 1, 501, 519, 355, 0, 1.37%, 0, 0, 7, 459.40
1587344431, 1, 501, 520, 356, 0, 1.37%, 0, 0, 7, 481.35
1587344436, 1, 501, 521, 357, 0, 1.37%, 0, 0, 7, 501.05
1587344441, 1, 501, 522, 358, 0, 1.37%, 0, 0, 7, 505.64
1587344456, 1, 501, 523, 359, 0, 1.37%, 0, 0, 7, 485.08
1587344477, 1, 505, 523, 358, 0, 1.37%, 0, 0, 7, 454.65
1587344609, 1, 505, 524, 359, 0, 1.37%, 0, 0, 8, 428.13
1587344619, 1, 505, 525, 360, 0, 1.37%, 0, 0, 8, 431.15
1587344640, 1, 511, 525, 359, 0, 1.37%, 0, 0, 8, 454.53
1587344705, 1, 511, 527, 361, 0, 1.37%, 0, 0, 8, 443.07
1587344721, 1, 511, 528, 362, 0, 1.37%, 0, 0, 8, 486.04
1587344741, 1, 511, 529, 363, 0, 1.37%, 0, 0, 8, 468.11
1587344746, 1, 511, 530, 364, 0, 1.37%, 0, 0, 8, 457.56
1587344777, 1, 527, 530, 363, 1, 1.37%, 0, 0, 8, 515.40
1587344782, 1, 527, 532, 365, 1, 1.37%, 0, 0, 9, 527.04
1587344792, 1, 527, 535, 368, 1, 1.37%, 0, 0, 9, 512.84
1587344813, 1, 527, 537, 370, 1, 1.37%, 0, 0, 9, 520.38
1587344833, 1, 527, 538, 371, 1, 1.37%, 0, 0, 9, 512.02
1587344838, 1, 530, 538, 370, 2, 1.37%, 0, 0, 9, 538.29
1587344854, 1, 530, 541, 373, 2, 1.37%, 0, 0, 10, 524.81
1587344869, 1, 530, 542, 374, 2, 1.38%, 0, 0, 10, 530.23
1587344885, 1, 530, 543, 375, 2, 1.38%, 0, 0, 10, 455.92
1587344900, 1, 530, 544, 376, 2, 1.38%, 0, 0, 10, 513.10
1587344905, 1, 531, 544, 375, 2, 1.38%, 0, 0, 10, 541.34
1587344915, 1, 531, 547, 378, 2, 1.38%, 0, 0, 10, 534.09
1587344941, 1, 531, 548, 379, 2, 1.38%, 0, 0, 10, 486.85
1587344966, 1, 541, 548, 378, 1, 1.38%, 0, 0, 10, 449.37
1587344976, 1, 541, 549, 379, 1, 1.38%, 0, 0, 11, 430.58
1587344997, 1, 541, 550, 380, 1, 1.38%, 0, 0, 11, 423.34
1587345002, 1, 541, 551, 381, 1, 1.38%, 0, 0, 11, 425.44
1587345028, 1, 541, 553, 383, 1, 1.38%, 0, 0, 11, 431.36
1587345033, 1, 541, 557, 387, 1, 1.38%, 0, 0, 11, 415.57
1587345048, 1, 541, 558, 388, 1, 1.38%, 0, 0, 11, 414.14
1587345053, 1, 541, 559, 389, 1, 1.38%, 0, 0, 11, 427.29
1587345058, 1, 541, 560, 390, 1, 1.38%, 0, 0, 11, 410.44
1587345084, 1, 541, 561, 391, 1, 1.38%, 0, 0, 11, 405.28
1587345089, 1, 553, 561, 390, 2, 1.38%, 0, 0, 11, 422.01
1587345109, 1, 553, 562, 391, 2, 1.39%, 0, 0, 12, 463.63
1587345150, 1, 553, 563, 392, 2, 1.39%, 0, 0, 12, 459.23
1587345176, 1, 559, 563, 391, 2, 1.39%, 0, 0, 12, 450.55
1587345247, 1, 559, 565, 393, 2, 1.39%, 0, 0, 12, 461.02
1587345257, 1, 559, 566, 394, 2, 1.39%, 0, 0, 12, 452.07
1587345303, 1, 561, 566, 393, 1, 1.39%, 0, 0, 12, 458.17
1587345323, 1, 561, 567, 394, 1, 1.39%, 0, 0, 13, 479.74
1587345333, 1, 561, 568, 395, 1, 1.39%, 0, 0, 13, 478.19
1587345359, 1, 561, 570, 397, 1, 1.39%, 0, 0, 13, 482.08
1587345389, 1, 561, 571, 398, 1, 1.39%, 0, 0, 13, 453.95
1587345394, 1, 561, 572, 399, 1, 1.39%, 0, 0, 13, 472.02
1587345400, 1, 561, 573, 400, 1, 1.39%, 0, 0, 13, 480.06
1587345410, 1, 566, 573, 399, 2, 1.39%, 0, 0, 13, 475.17
1587345467, 1, 566, 574, 400, 2, 1.39%, 0, 0, 14, 454.78
1587345472, 1, 566, 575, 401, 2, 1.39%, 0, 0, 14, 477.93
1587345518, 1, 567, 575, 400, 2, 1.39%, 0, 0, 14, 477.89
1587345579, 1, 567, 578, 403, 2, 1.39%, 0, 0, 14, 446.35
1587345630, 1, 576, 579, 403, 1, 1.39%, 0, 0, 15, 470.10
1587345707, 1, 576, 581, 405, 1, 1.39%, 0, 0, 15, 481.99
1587345727, 1, 576, 582, 406, 1, 1.39%, 0, 0, 15, 482.14
1587345747, 1, 576, 583, 407, 1, 1.39%, 0, 0, 15, 486.23
1587345762, 1, 582, 583, 406, 1, 1.39%, 0, 0, 15, 486.37
1587345828, 1, 582, 586, 409, 1, 1.39%, 0, 0, 16, 458.42
1587345849, 1, 582, 587, 410, 1, 1.39%, 0, 0, 16, 223.74
1587345864, 1, 582, 589, 412, 1, 1.39%, 0, 0, 16, 432.80
1587345875, 1, 582, 590, 413, 1, 1.39%, 0, 0, 16, 400.54
1587345915, 1, 588, 590, 412, 0, 1.39%, 0, 0, 16, 460.98
1587345986, 1, 588, 591, 413, 0, 1.39%, 0, 0, 17, 486.23
1587345991, 1, 588, 592, 414, 0, 1.39%, 0, 0, 17, 492.48
1587346001, 1, 588, 593, 415, 0, 1.39%, 0, 0, 17, 492.84
1587346006, 1, 588, 594, 416, 0, 1.39%, 0, 0, 17, 483.20
1587346052, 1, 589, 594, 415, 0, 1.39%, 0, 0, 17, 468.86
1587346184, 1, 589, 596, 417, 0, 1.39%, 0, 0, 17, 445.80
1587346195, 1, 589, 597, 418, 0, 1.39%, 0, 0, 17, 432.20
1587346210, 1, 589, 598, 419, 0, 1.39%, 0, 0, 17, 425.94
1587346225, 1, 589, 599, 420, 0, 1.39%, 0, 0, 17, 447.98
1587346260, 1, 598, 599, 419, 1, 1.39%, 0, 0, 17, 482.15
1587346265, 1, 598, 600, 420, 1, 1.39%, 0, 0, 18, 488.11
1587346316, 1, 598, 601, 421, 1, 1.39%, 0, 0, 18, 501.26
1587346341, 1, 599, 601, 420, 1, 1.39%, 0, 0, 18, 501.56
1587346397, 1, 599, 602, 421, 1, 1.39%, 0, 0, 19, 502.63
1587346427, 1, 601, 602, 420, 1, 1.39%, 0, 0, 19, 503.75
1587346473, 1, 601, 605, 423, 1, 1.39%, 0, 0, 20, 514.65
1587346478, 1, 601, 606, 424, 1, 1.39%, 0, 0, 20, 510.98
1587346499, 1, 601, 607, 425, 1, 1.39%, 0, 0, 20, 504.94
1587346524, 1, 601, 608, 426, 1, 1.39%, 0, 0, 20, 516.10
1587346539, 1, 604, 608, 425, 1, 1.39%, 0, 0, 20, 513.29
1587346570, 1, 604, 609, 426, 1, 1.39%, 0, 0, 21, 497.06
1587346585, 1, 604, 610, 427, 1, 1.39%, 0, 0, 21, 495.40
1587346595, 1, 604, 611, 428, 1, 1.39%, 0, 0, 21, 512.32
1587346606, 1, 604, 612, 429, 1, 1.39%, 0, 0, 21, 510.25
1587346636, 1, 606, 612, 428, 0, 1.39%, 0, 0, 21, 458.72
1587346793, 1, 611, 612, 427, 0, 1.39%, 0, 0, 21, 384.40
1587347054, 1, 611, 614, 429, 0, 1.39%, 0, 0, 22, 364.97
1587347059, 1, 611, 617, 432, 0, 1.39%, 0, 0, 22, 352.39
1587347090, 1, 611, 618, 433, 0, 1.39%, 0, 0, 22, 377.42
1587347121, 1, 617, 618, 432, 0, 1.39%, 0, 0, 22, 334.40
1587347670, 1, 617, 620, 434, 0, 1.39%, 0, 0, 23, 290.17
1587347686, 1, 617, 622, 436, 0, 1.39%, 0, 0, 23, 299.41
1587347736, 1, 617, 623, 437, 0, 1.39%, 0, 0, 23, 292.49
1587347747, 1, 619, 623, 436, 0, 1.39%, 0, 0, 23, 268.89
1587348559, 1, 619, 627, 440, 0, 1.39%, 0, 0, 24, 258.59
1587348564, 1, 619, 629, 442, 0, 1.39%, 0, 0, 24, 260.59
1587348569, 1, 619, 630, 443, 0, 1.39%, 0, 0, 24, 264.28
1587348655, 1, 621, 630, 442, 0, 1.39%, 0, 0, 24, 230.88
1587349803, 1, 621, 631, 443, 0, 1.39%, 0, 0, 24, 219.00
1587349808, 1, 621, 632, 444, 0, 1.39%, 0, 0, 24, 215.35
1587349873, 1, 623, 632, 443, 0, 1.39%, 0, 0, 24, 223.50
1587350862, 1, 628, 632, 442, 0, 1.39%, 0, 0, 24, 236.76
1587352121, 1, 629, 632, 441, 0, 1.39%, 0, 0, 24, 236.90
1587353224, 2, 1, 632, 440, 0, 1.39%, 0, 0, 24, 445.31
1587353229, 2, 11, 632, 439, 0, 1.39%, 0, 0, 24, 496.28
1587353234, 2, 13, 632, 438, 0, 1.39%, 0, 0, 24, 509.08
1587353240, 2, 17, 632, 437, 0, 1.39%, 0, 0, 24, 510.44
1587353245, 2, 22, 632, 436, 0, 1.39%, 0, 0, 24, 338.42
1587353250, 2, 31, 632, 435, 0, 1.39%, 0, 0, 24, 495.38
1587353255, 2, 37, 632, 434, 0, 1.39%, 0, 0, 24, 481.45
1587353291, 2, 38, 632, 433, 0, 1.39%, 0, 0, 24, 372.02
1587353311, 2, 45, 632, 432, 0, 1.39%, 0, 0, 24, 510.08
1587353321, 2, 60, 632, 431, 0, 1.39%, 0, 0, 24, 473.72
1587353357, 2, 67, 633, 431, 0, 1.39%, 0, 0, 24, 440.82
1587353362, 2, 74, 633, 431, 0, 1.39%, 0, 0, 24, 518.36
1587353377, 2, 91, 633, 430, 0, 1.39%, 0, 0, 24, 462.72
1587353382, 2, 95, 633, 430, 0, 1.39%, 0, 0, 24, 485.04
1587353387, 2, 101, 633, 429, 0, 1.39%, 0, 0, 24, 524.59
1587353397, 2, 102, 633, 428, 0, 1.39%, 0, 0, 24, 516.93
1587353433, 2, 104, 633, 427, 0, 1.39%, 0, 0, 24, 474.51
1587353438, 2, 120, 633, 427, 0, 1.39%, 0, 0, 24, 525.50
1587353448, 2, 121, 633, 426, 0, 1.39%, 0, 0, 24, 508.11
1587353464, 2, 130, 633, 425, 0, 1.39%, 0, 0, 24, 508.98
1587353474, 2, 145, 633, 424, 0, 1.39%, 0, 0, 24, 478.40
1587353484, 2, 153, 633, 423, 0, 1.39%, 0, 0, 24, 496.88
1587353494, 2, 153, 634, 424, 0, 1.39%, 0, 0, 24, 497.68
1587353499, 2, 158, 634, 423, 0, 1.39%, 0, 0, 24, 530.47
1587353509, 2, 159, 634, 422, 0, 1.39%, 0, 0, 24, 553.16
1587353519, 2, 170, 634, 421, 0, 1.39%, 0, 0, 24, 539.34
1587353535, 2, 176, 635, 421, 0, 1.39%, 0, 0, 24, 465.14
1587353550, 2, 176, 636, 422, 0, 1.39%, 0, 0, 24, 479.63
1587353555, 2, 182, 636, 421, 0, 1.39%, 0, 0, 24, 531.13
1587353570, 2, 183, 636, 420, 0, 1.39%, 0, 0, 24, 505.52
1587353601, 2, 191, 637, 420, 0, 1.39%, 0, 0, 24, 436.08
1587353606, 2, 201, 637, 420, 0, 1.39%, 0, 0, 24, 464.99
1587353611, 2, 205, 637, 420, 0, 1.39%, 0, 0, 24, 528.78
1587353637, 2, 205, 638, 421, 0, 1.39%, 0, 0, 24, 449.87
1587353647, 2, 212, 638, 420, 0, 1.39%, 0, 0, 24, 471.82
1587353678, 2, 212, 639, 421, 0, 1.39%, 0, 0, 24, 485.61
1587353688, 2, 216, 639, 420, 0, 1.39%, 0, 0, 24, 493.09
1587353698, 2, 216, 640, 421, 0, 1.39%, 0, 0, 24, 511.91
1587353708, 2, 229, 640, 420, 0, 1.39%, 0, 0, 24, 443.35
1587353734, 2, 230, 640, 419, 0, 1.39%, 0, 0, 24, 466.96
1587353749, 2, 230, 641, 420, 0, 1.39%, 0, 0, 24, 485.22
1587353759, 2, 238, 641, 419, 0, 1.39%, 0, 0, 24, 472.60
1587353764, 2, 238, 642, 420, 0, 1.39%, 0, 0, 24, 439.56
1587353774, 2, 243, 642, 419, 0, 1.39%, 0, 0, 24, 490.61
1587353794, 2, 243, 643, 420, 0, 1.39%, 0, 0, 24, 215.39
1587353800, 2, 244, 643, 419, 0, 1.39%, 0, 0, 24, 392.76
1587353825, 2, 247, 643, 418, 0, 1.39%, 0, 0, 24, 426.93
1587353830, 2, 254, 643, 418, 0, 1.39%, 0, 0, 24, 419.64
1587353835, 2, 260, 644, 419, 0, 1.39%, 0, 0, 24, 427.93
1587353840, 2, 271, 645, 420, 0, 1.39%, 0, 0, 24, 436.23
1587353846, 2, 274, 645, 420, 0, 1.39%, 0, 0, 24, 539.28
1587353856, 2, 284, 645, 419, 0, 1.39%, 0, 0, 24, 450.92
1587353861, 2, 285, 645, 419, 0, 1.39%, 0, 0, 24, 495.19
1587353866, 2, 286, 645, 418, 0, 1.39%, 0, 0, 24, 520.32
1587353876, 2, 292, 645, 417, 0, 1.39%, 0, 0, 24, 520.64
1587353887, 2, 298, 645, 416, 0, 1.39%, 0, 0, 24, 18.65
1587353892, 2, 303, 645, 416, 0, 1.39%, 0, 0, 24, 446.14
1587353928, 2, 303, 646, 417, 0, 1.39%, 0, 0, 24, 486.82
1587353938, 2, 303, 647, 418, 0, 1.39%, 0, 0, 24, 439.06
1587353948, 2, 307, 647, 417, 0, 1.39%, 0, 0, 24, 461.32
1587354029, 2, 307, 649, 419, 0, 1.39%, 0, 0, 24, 425.06
1587354039, 2, 307, 650, 420, 0, 1.39%, 0, 0, 24, 411.29
1587354049, 2, 307, 651, 421, 0, 1.39%, 0, 0, 24, 411.68
1587354080, 2, 307, 652, 422, 0, 1.39%, 0, 0, 24, 411.91
1587354100, 2, 308, 652, 421, 0, 1.39%, 0, 0, 24, 415.67
1587354131, 2, 310, 652, 420, 0, 1.39%, 0, 0, 24, 488.80
1587354141, 2, 310, 653, 421, 0, 1.40%, 0, 0, 24, 544.03
1587354166, 2, 310, 656, 424, 0, 1.40%, 0, 0, 24, 484.91
1587354171, 2, 310, 658, 426, 0, 1.40%, 0, 0, 24, 456.30
1587354176, 2, 310, 660, 428, 0, 1.40%, 0, 0, 24, 449.46
1587354182, 2, 310, 661, 429, 0, 1.40%, 0, 0, 24, 426.71
1587354187, 2, 310, 662, 430, 0, 1.40%, 0, 0, 24, 433.80
1587354227, 2, 310, 663, 431, 0, 1.40%, 0, 0, 24, 426.28
1587354237, 2, 310, 665, 433, 0, 1.40%, 0, 0, 24, 427.09
1587354242, 2, 393, 666, 433, 1, 1.40%, 0, 0, 24, 444.18
1587354263, 2, 393, 667, 434, 1, 1.40%, 0, 0, 24, 486.35
1587354273, 2, 490, 667, 433, 1, 1.40%, 0, 0, 24, 459.79
1587354370, 2, 490, 671, 437, 1, 1.40%, 0, 0, 24, 448.38
1587354405, 2, 490, 672, 438, 1, 1.40%, 0, 0, 24, 404.32
1587354431, 2, 490, 673, 439, 1, 1.40%, 0, 0, 24, 398.19
1587354441, 2, 490, 674, 440, 1, 1.40%, 0, 0, 24, 402.56
1587354451, 2, 652, 674, 439, 1, 1.40%, 0, 0, 24, 451.91
1587354487, 2, 652, 676, 441, 1, 1.40%, 0, 0, 24, 481.86
1587354492, 2, 652, 677, 442, 1, 1.40%, 0, 0, 24, 438.60
1587354502, 2, 652, 678, 443, 1, 1.40%, 0, 0, 24, 416.99
1587354537, 2, 652, 679, 444, 1, 1.40%, 0, 0, 24, 415.97
1587354543, 2, 652, 680, 445, 1, 1.40%, 0, 0, 24, 431.27
1587354553, 2, 652, 681, 446, 1, 1.40%, 0, 0, 24, 439.83
1587354563, 2, 654, 681, 445, 0, 1.40%, 0, 0, 24, 433.54
1587354593, 2, 654, 682, 446, 0, 1.40%, 0, 0, 24, 407.47
1587354771, 2, 654, 683, 447, 0, 1.40%, 0, 0, 24, 396.92
1587354776, 2, 654, 686, 450, 0, 1.40%, 0, 0, 24, 375.29
1587354781, 2, 654, 689, 453, 0, 1.40%, 0, 0, 24, 355.36
1587354791, 2, 654, 690, 454, 0, 1.40%, 0, 0, 24, 302.71
1587354796, 2, 654, 691, 455, 0, 1.40%, 0, 0, 24, 353.51
1587354801, 2, 654, 692, 456, 0, 1.40%, 0, 0, 24, 365.09
1587354806, 2, 654, 693, 457, 0, 1.40%, 0, 0, 24, 335.78
1587354817, 2, 654, 694, 458, 0, 1.40%, 0, 0, 24, 346.76
1587354827, 2, 654, 695, 459, 0, 1.40%, 0, 0, 24, 390.91
1587354837, 2, 654, 696, 460, 0, 1.40%, 0, 0, 24, 378.09
1587354842, 2, 681, 696, 459, 1, 1.40%, 0, 0, 24, 397.34
1587354883, 2, 681, 697, 460, 1, 1.40%, 0, 0, 24, 399.14
1587355050, 2, 681, 699, 462, 1, 1.40%, 0, 0, 24, 376.42
1587355055, 2, 681, 701, 464, 1, 1.40%, 0, 0, 24, 381.64
1587355142, 2, 700, 701, 463, 1, 1.40%, 0, 0, 24, 391.82
1587355319, 2, 700, 705, 467, 1, 1.40%, 0, 0, 24, 357.40
1587355355, 2, 700, 706, 468, 1, 1.40%, 0, 0, 24, 352.15
1587355396, 2, 701, 706, 467, 1, 1.40%, 0, 0, 24, 295.68
1587355584, 2, 701, 709, 470, 1, 1.40%, 0, 0, 24, 330.54
1587355619, 2, 701, 711, 472, 1, 1.40%, 0, 0, 24, 309.26
1587355650, 2, 708, 711, 471, 0, 1.40%, 0, 0, 24, 205.04
1587357821, 2, 708, 712, 472, 0, 1.40%, 0, 0, 24, 152.19
1587357836, 2, 708, 713, 473, 0, 1.40%, 0, 0, 24, 160.97
1587357866, 2, 708, 714, 474, 0, 1.40%, 0, 0, 24, 160.09
1587357973, 2, 710, 714, 473, 0, 1.40%, 0, 0, 24, 153.60
1587361392, 2, 710, 717, 476, 0, 1.40%, 0, 0, 24, 139.33
1587361397, 2, 710, 718, 477, 0, 1.40%, 0, 0, 24, 148.73
1587361402, 2, 710, 719, 478, 0, 1.40%, 0, 0, 24, 130.74
1587361407, 2, 710, 720, 479, 0, 1.40%, 0, 0, 24, 134.43
1587361422, 2, 710, 722, 481, 0, 1.40%, 0, 0, 24, 147.35
1587361463, 2, 710, 723, 482, 0, 1.40%, 0, 0, 24, 151.39
1587361529, 2, 710, 724, 483, 0, 1.40%, 0, 0, 24, 148.12
1587361560, 2, 711, 724, 482, 0, 1.40%, 0, 0, 24, 101.99
1587368868, 2, 714, 724, 481, 0, 1.40%, 0, 0, 24, 96.62
1587375765, 2, 714, 725, 482, 0, 1.40%, 0, 0, 24, 97.85
1587375776, 2, 714, 726, 483, 0, 1.40%, 0, 0, 24, 109.19
1587375796, 2, 714, 727, 484, 0, 1.40%, 0, 0, 24, 107.72
1587375826, 2, 714, 728, 485, 0, 1.40%, 0, 0, 24, 110.43
1587375994, 2, 718, 728, 484, 0, 1.40%, 0, 0, 24, 87.21
1587383507, 2, 725, 728, 483, 0, 1.40%, 0, 0, 24, 72.51
1587393632, 2, 726, 728, 482, 0, 1.40%, 0, 0, 24, 74.83
1587394045, 3, 3, 728, 481, 0, 1.40%, 0, 0, 24, 382.92
1587394050, 3, 8, 728, 480, 0, 1.40%, 0, 0, 24, 433.48
1587394056, 3, 10, 728, 479, 0, 1.40%, 0, 0, 24, 453.90
1587394061, 3, 13, 728, 478, 0, 1.40%, 0, 0, 24, 472.77
1587394066, 3, 16, 728, 478, 0, 1.40%, 0, 0, 24, 540.41
1587394071, 3, 20, 728, 477, 0, 1.40%, 0, 0, 24, 473.12
1587394081, 3, 21, 728, 476, 0, 1.40%, 0, 0, 24, 415.02
1587394086, 3, 33, 728, 474, 0, 1.40%, 0, 0, 24, 404.90
1587394091, 3, 40, 728, 474, 0, 1.40%, 0, 0, 24, 465.88
1587394107, 3, 46, 728, 473, 0, 1.40%, 0, 0, 24, 422.38
1587394127, 3, 58, 728, 472, 0, 1.40%, 0, 0, 24, 487.17
1587394142, 3, 70, 728, 471, 0, 1.40%, 0, 0, 24, 496.37
1587394198, 3, 70, 729, 472, 0, 1.40%, 0, 0, 24, 407.26
1587394204, 3, 89, 729, 471, 0, 1.40%, 0, 0, 24, 436.93
1587394209, 3, 97, 729, 471, 0, 1.40%, 0, 0, 24, 516.21
1587394229, 3, 109, 729, 470, 0, 1.40%, 0, 0, 24, 472.34
1587394234, 3, 115, 729, 469, 0, 1.40%, 0, 0, 24, 470.90
1587394244, 3, 122, 729, 468, 0, 1.40%, 0, 0, 24, 528.83
1587394254, 3, 128, 729, 467, 0, 1.40%, 0, 0, 24, 463.83
1587394259, 3, 143, 729, 467, 0, 1.40%, 0, 0, 24, 508.59
1587394264, 3, 144, 729, 466, 0, 1.40%, 0, 0, 24, 482.94
1587394270, 3, 147, 729, 466, 0, 1.40%, 0, 0, 24, 524.23
1587394290, 3, 160, 729, 465, 0, 1.40%, 0, 0, 24, 513.24
1587394320, 3, 188, 729, 464, 0, 1.40%, 0, 0, 24, 445.71
1587394340, 3, 189, 729, 463, 0, 1.40%, 0, 0, 24, 523.87
1587394345, 3, 193, 729, 462, 0, 1.40%, 0, 0, 24, 431.38
1587394350, 3, 198, 729, 462, 0, 1.40%, 0, 0, 24, 461.93
1587394371, 3, 199, 729, 461, 0, 1.40%, 0, 0, 24, 535.88
1587394386, 3, 201, 729, 460, 0, 1.40%, 0, 0, 24, 461.50
1587394391, 3, 203, 729, 460, 0, 1.40%, 0, 0, 24, 520.38
1587394416, 3, 213, 730, 460, 0, 1.40%, 0, 0, 24, 470.20
1587394431, 3, 213, 731, 461, 0, 1.40%, 0, 0, 24, 473.56
1587394442, 3, 217, 731, 460, 0, 1.40%, 0, 0, 24, 521.79
1587394452, 3, 222, 731, 459, 0, 1.40%, 0, 0, 24, 468.85
1587394482, 3, 223, 731, 458, 0, 1.40%, 0, 0, 24, 523.86
1587394502, 3, 230, 731, 457, 0, 1.40%, 0, 0, 24, 432.87
1587394507, 3, 231, 731, 457, 0, 1.40%, 0, 0, 24, 479.96
1587394528, 3, 232, 731, 456, 0, 1.40%, 0, 0, 24, 435.58
1587394533, 3, 235, 731, 456, 0, 1.40%, 0, 0, 24, 495.90
1587394563, 3, 240, 732, 456, 0, 1.40%, 0, 0, 24, 458.45
1587394573, 3, 240, 733, 457, 0, 1.40%, 0, 0, 24, 437.20
1587394578, 3, 241, 733, 456, 0, 1.40%, 0, 0, 24, 461.19
1587394583, 3, 245, 733, 456, 0, 1.40%, 0, 0, 24, 549.59
1587394593, 3, 246, 734, 456, 0, 1.40%, 0, 0, 24, 437.86
1587394604, 3, 252, 734, 455, 0, 1.40%, 0, 0, 24, 432.52
1587394609, 3, 255, 736, 457, 0, 1.40%, 0, 0, 24, 426.97
1587394614, 3, 257, 736, 457, 0, 1.40%, 0, 0, 24, 501.69
1587394629, 3, 257, 737, 458, 0, 1.41%, 0, 0, 24, 478.67
1587394634, 3, 367, 737, 457, 1, 1.41%, 0, 0, 24, 532.42
1587394654, 3, 367, 739, 459, 1, 1.41%, 0, 0, 24, 356.38
1587394665, 3, 367, 741, 461, 1, 1.41%, 0, 0, 24, 491.63
1587394695, 3, 367, 742, 462, 1, 1.41%, 0, 0, 24, 444.10
1587394726, 3, 388, 742, 461, 1, 1.41%, 0, 0, 24, 456.81
1587394751, 3, 388, 744, 463, 1, 1.41%, 0, 0, 24, 454.77
1587394766, 3, 478, 744, 462, 1, 1.41%, 0, 0, 24, 465.73
1587394827, 3, 478, 745, 463, 1, 1.41%, 0, 0, 24, 407.67
1587394838, 3, 478, 746, 464, 1, 1.41%, 0, 0, 24, 375.42
1587394868, 3, 643, 746, 463, 1, 1.41%, 0, 0, 24, 492.72
1587394883, 3, 643, 747, 464, 1, 1.41%, 0, 0, 24, 466.68
1587394888, 3, 643, 750, 467, 1, 1.41%, 0, 0, 24, 421.36
1587394894, 3, 643, 755, 472, 1, 1.41%, 0, 0, 24, 422.51
1587394899, 3, 643, 756, 473, 1, 1.41%, 0, 0, 24, 422.61
1587394904, 3, 643, 757, 474, 1, 1.41%, 0, 0, 24, 421.74
1587394909, 3, 643, 760, 477, 1, 1.41%, 0, 0, 24, 442.66
1587394919, 3, 643, 761, 478, 1, 1.41%, 0, 0, 24, 427.41
1587394934, 3, 643, 763, 480, 1, 1.41%, 0, 0, 24, 443.10
1587394939, 3, 643, 765, 482, 1, 1.41%, 0, 0, 24, 445.70
1587394944, 3, 643, 767, 484, 1, 1.41%, 0, 0, 24, 433.17
1587394959, 3, 643, 768, 485, 1, 1.41%, 0, 0, 24, 408.64
1587394964, 3, 721, 768, 484, 2, 1.41%, 0, 0, 24, 237.83
1587401502, 3, 736, 769, 484, 2, 1.41%, 0, 0, 24, 435.18
1587401512, 3, 736, 771, 486, 2, 1.41%, 0, 0, 24, 535.60
1587401517, 3, 736, 772, 487, 2, 1.41%, 0, 0, 24, 470.30
1587401522, 3, 736, 774, 489, 2, 1.41%, 0, 0, 24, 432.44
1587401527, 3, 736, 775, 490, 2, 1.41%, 0, 0, 24, 423.85
1587401553, 3, 736, 776, 491, 2, 1.41%, 0, 0, 24, 439.73
1587401564, 3, 736, 777, 492, 2, 1.41%, 0, 0, 24, 2.51
1587401595, 3, 746, 777, 491, 2, 1.41%, 0, 0, 24, 497.75
1587401625, 3, 768, 777, 490, 1, 1.41%, 0, 0, 24, 480.49
1587401641, 3, 768, 779, 492, 1, 1.41%, 0, 0, 24, 421.14
1587401646, 3, 768, 780, 493, 1, 1.41%, 0, 0, 24, 418.34
1587401651, 3, 768, 781, 494, 1, 1.41%, 0, 0, 24, 417.57
1587401661, 3, 768, 782, 495, 1, 1.41%, 0, 0, 24, 444.28
1587401681, 3, 768, 783, 496, 1, 1.41%, 0, 0, 24, 311.07
1587401717, 3, 771, 783, 495, 0, 1.41%, 0, 0, 24, 289.34
1587401889, 3, 771, 784, 496, 0, 2.31%, 0, 0, 24, 245.91
1587402052, 3, 771, 789, 501, 0, 3.01%, 0, 0, 24, 249.42
1587402057, 3, 771, 793, 505, 0, 3.01%, 0, 0, 24, 243.21
1587402067, 3, 771, 794, 506, 0, 3.01%, 0, 0, 24, 259.82
1587402092, 3, 771, 795, 507, 0, 3.07%, 0, 0, 24, 255.02
1587402107, 3, 771, 796, 508, 0, 3.07%, 0, 0, 24, 269.24
1587402118, 3, 771, 797, 509, 0, 3.07%, 0, 0, 24, 249.33
1587402128, 3, 771, 798, 510, 0, 3.07%, 0, 0, 24, 248.71
1587402148, 3, 783, 798, 509, 3, 3.07%, 0, 0, 24, 236.97
1587402153, 3, 783, 798, 509, 3, 3.07%, 0, 1, 24, 227.51
1587402205, 3, 783, 799, 510, 3, 3.08%, 0, 2, 24, 10.25
1587402261, 3, 783, 799, 510, 3, 3.08%, 0, 3, 24, 228.86
1587402332, 3, 783, 799, 510, 3, 3.08%, 0, 4, 24, 220.03
1587402540, 3, 783, 800, 511, 3, 3.08%, 0, 4, 24, 220.29
1587402561, 3, 783, 803, 514, 3, 3.08%, 0, 4, 24, 209.91
1587402566, 3, 783, 804, 515, 3, 3.08%, 0, 4, 24, 215.76
1587402571, 3, 783, 806, 517, 3, 3.08%, 0, 4, 24, 207.60
1587402576, 3, 783, 807, 518, 3, 3.08%, 0, 4, 24, 203.48
1587402581, 3, 783, 810, 521, 3, 3.10%, 0, 4, 24, 209.69
1587402586, 3, 783, 811, 522, 3, 3.10%, 0, 4, 24, 210.78
1587402596, 3, 783, 812, 523, 3, 3.10%, 0, 4, 24, 231.24
1587402606, 3, 783, 813, 524, 3, 3.10%, 0, 4, 24, 224.08
1587402616, 3, 783, 814, 525, 3, 3.10%, 0, 4, 24, 224.38
1587402626, 3, 783, 815, 526, 3, 3.10%, 0, 4, 24, 239.34
1587402637, 3, 783, 816, 527, 3, 3.10%, 0, 4, 24, 227.08
1587402657, 3, 783, 817, 528, 3, 3.10%, 0, 4, 24, 196.30
1587402672, 3, 798, 817, 527, 3, 3.10%, 0, 4, 24, 188.17
1587403261, 3, 798, 818, 528, 3, 3.12%, 0, 4, 24, 146.84
1587403266, 3, 798, 819, 529, 3, 3.12%, 0, 4, 24, 147.70
1587403291, 3, 798, 821, 531, 3, 3.12%, 0, 4, 24, 146.94
1587403296, 3, 798, 826, 536, 3, 3.12%, 0, 4, 24, 164.99
1587403302, 3, 798, 828, 538, 3, 3.12%, 0, 4, 24, 169.07
1587403307, 3, 798, 829, 539, 3, 3.12%, 0, 4, 24, 178.07
1587403312, 3, 798, 832, 542, 3, 3.12%, 0, 4, 24, 173.33
1587403317, 3, 798, 833, 543, 3, 3.12%, 0, 4, 24, 177.46
1587403322, 3, 798, 834, 544, 3, 3.12%, 0, 4, 24, 175.29
1587403327, 3, 798, 835, 545, 3, 3.12%, 0, 4, 24, 180.75
1587403332, 3, 798, 839, 549, 3, 3.12%, 0, 4, 24, 172.14
1587403337, 3, 798, 840, 550, 3, 3.13%, 0, 5, 24, 148.67
1587403357, 3, 798, 841, 551, 3, 3.13%, 0, 5, 24, 176.38
1587403362, 3, 798, 842, 552, 3, 3.13%, 0, 5, 24, 166.83
1587403378, 3, 798, 843, 553, 3, 3.13%, 0, 5, 24, 185.41
1587403398, 3, 798, 845, 555, 3, 3.13%, 0, 5, 24, 170.32
1587403403, 3, 798, 847, 557, 3, 3.13%, 0, 5, 24, 154.98
1587403413, 3, 798, 849, 559, 3, 3.13%, 0, 5, 24, 175.72
1587403423, 3, 798, 851, 561, 3, 3.13%, 0, 5, 24, 169.90
1587403428, 3, 798, 852, 562, 3, 3.13%, 0, 5, 24, 177.47
1587403438, 3, 799, 852, 561, 5, 3.13%, 0, 5, 24, 206.47
1587403799, 3, 799, 854, 563, 5, 3.13%, 0, 5, 24, 230.44
1587403804, 3, 799, 856, 565, 5, 3.13%, 0, 5, 24, 223.29
1587403830, 3, 799, 857, 566, 5, 3.13%, 0, 5, 24, 221.94
1587403835, 3, 799, 858, 567, 5, 3.13%, 0, 5, 24, 221.31
1587403840, 3, 799, 859, 568, 5, 3.13%, 0, 5, 24, 223.21
1587403901, 3, 799, 860, 569, 5, 3.13%, 0, 5, 24, 230.06
1587403906, 3, 807, 860, 568, 4, 3.13%, 0, 5, 24, 115.07
1587403971, 3, 807, 861, 569, 4, 3.13%, 0, 5, 24, 53.30
1587403981, 3, 807, 862, 570, 4, 3.14%, 0, 5, 24, 55.97
1587404169, 3, 807, 863, 571, 4, 3.14%, 0, 5, 24, 56.57
1587404528, 3, 839, 863, 570, 2, 3.14%, 0, 5, 24, 48.89
1587406522, 3, 839, 864, 571, 2, 3.14%, 0, 5, 24, 47.20
1587406864, 3, 861, 864, 570, 1, 3.14%, 0, 5, 24, 46.08
1587406874, 3, 861, 866, 572, 1, 3.14%, 0, 5, 24, 55.36
1587406889, 3, 861, 867, 573, 1, 3.14%, 0, 5, 24, 61.69
1587406930, 3, 861, 868, 574, 1, 3.14%, 0, 5, 24, 57.11
1587407113, 3, 861, 869, 575, 1, 3.14%, 0, 5, 24, 60.60
1587407448, 3, 864, 869, 574, 2, 3.14%, 0, 5, 24, 49.92
1587408032, 3, 866, 869, 573, 1, 3.14%, 0, 5, 24, 61.90
1587408053, 3, 866, 870, 574, 1, 3.14%, 0, 5, 24, 105.26
1587408073, 3, 866, 871, 575, 1, 3.14%, 0, 5, 24, 98.03
1587408109, 3, 866, 872, 576, 1, 3.14%, 0, 5, 24, 86.94
1587408175, 3, 866, 873, 577, 1, 3.14%, 0, 5, 24, 104.07
1587408373, 3, 869, 873, 576, 1, 3.14%, 0, 5, 24, 64.64
1587408383, 3, 869, 874, 577, 1, 3.14%, 0, 5, 24, 106.17
1587408404, 3, 869, 875, 578, 1, 3.14%, 0, 5, 24, 134.73
1587408501, 3, 869, 876, 579, 1, 3.15%, 0, 5, 24, 64.40
1587408629, 3, 871, 876, 578, 1, 3.15%, 0, 5, 24, 56.12
1587408654, 3, 875, 876, 577, 1, 3.15%, 0, 5, 24, 47.32
1587408665, 4, 14, 876, 576, 0, 3.15%, 0, 5, 24, 499.38
1587408675, 4, 19, 876, 575, 0, 3.15%, 0, 5, 24, 555.62
1587408680, 4, 47, 876, 574, 0, 3.15%, 0, 5, 24, 500.53
1587408690, 4, 64, 876, 573, 0, 3.15%, 0, 5, 24, 511.96
1587408710, 4, 84, 876, 572, 0, 3.15%, 0, 5, 24, 486.84
1587408715, 4, 94, 876, 572, 0, 3.15%, 0, 5, 24, 488.87
1587408731, 4, 104, 876, 571, 0, 3.15%, 0, 5, 24, 475.75
1587408736, 4, 108, 876, 571, 0, 3.15%, 0, 5, 24, 552.83
1587408756, 4, 112, 876, 570, 0, 3.15%, 0, 5, 24, 565.34
1587408761, 4, 134, 876, 569, 0, 3.15%, 0, 5, 24, 495.13
1587408767, 4, 151, 877, 570, 0, 3.15%, 0, 5, 24, 453.22
1587408797, 4, 151, 879, 572, 0, 3.15%, 0, 5, 24, 474.30
1587408802, 4, 151, 880, 573, 0, 3.15%, 0, 5, 24, 409.57
1587408819, 4, 156, 880, 572, 0, 3.15%, 0, 5, 24, 533.98
1587408829, 4, 160, 880, 571, 0, 3.15%, 0, 5, 24, 410.50
1587408834, 4, 168, 880, 571, 0, 3.15%, 0, 5, 24, 16.19
1587408855, 4, 171, 880, 570, 0, 3.15%, 0, 5, 24, 522.08
1587408875, 4, 174, 880, 569, 0, 3.15%, 0, 5, 24, 420.20
1587408911, 4, 186, 880, 568, 0, 3.15%, 0, 5, 24, 475.17
1587408936, 4, 186, 881, 569, 0, 3.15%, 0, 5, 24, 460.46
1587408941, 4, 195, 881, 568, 0, 3.15%, 0, 5, 24, 499.28
1587408966, 4, 200, 881, 567, 0, 3.15%, 0, 5, 24, 431.35
1587408971, 4, 202, 881, 567, 0, 3.15%, 0, 5, 24, 522.63
1587409012, 4, 204, 881, 566, 0, 3.15%, 0, 5, 24, 549.42
1587409038, 4, 211, 881, 565, 0, 3.15%, 0, 5, 24, 311.55
1587409043, 4, 215, 881, 565, 0, 3.15%, 0, 5, 24, 464.22
1587409058, 4, 232, 881, 564, 0, 3.15%, 0, 5, 24, 367.38
1587409063, 4, 247, 881, 564, 0, 3.15%, 0, 5, 24, 456.84
1587409068, 4, 256, 881, 564, 0, 3.15%, 0, 5, 24, 424.71
1587409075, 4, 259, 881, 564, 0, 3.15%, 0, 5, 24, 3.31
1587409080, 4, 262, 881, 564, 0, 3.15%, 0, 5, 24, 386.01
1587409108, 4, 264, 881, 563, 0, 3.15%, 0, 5, 24, 412.65
1587409128, 4, 265, 881, 562, 0, 3.15%, 0, 5, 24, 343.78
1587409164, 4, 266, 881, 561, 0, 3.15%, 0, 5, 24, 390.47
1587409184, 4, 267, 881, 560, 0, 3.15%, 0, 5, 24, 552.07
1587409215, 4, 271, 881, 559, 0, 3.15%, 0, 5, 24, 308.92
1587409220, 4, 272, 881, 559, 0, 3.15%, 0, 5, 24, 486.50
1587409235, 4, 280, 881, 558, 0, 3.15%, 0, 5, 24, 446.24
1587409240, 4, 297, 881, 558, 0, 3.15%, 0, 5, 24, 441.25
1587409245, 4, 302, 881, 558, 0, 3.15%, 0, 5, 24, 475.07
1587409271, 4, 306, 881, 557, 0, 3.15%, 0, 5, 24, 436.69
1587409276, 4, 319, 881, 557, 0, 3.15%, 0, 5, 24, 427.34
1587409281, 4, 321, 881, 557, 0, 3.15%, 0, 5, 24, 494.12
1587409302, 4, 321, 882, 558, 0, 3.15%, 0, 5, 24, 515.06
1587409307, 4, 321, 883, 559, 0, 3.15%, 0, 5, 24, 443.41
1587409322, 4, 322, 883, 558, 0, 3.15%, 0, 5, 24, 501.67
1587409342, 4, 322, 885, 560, 0, 3.15%, 0, 5, 24, 556.82
1587409348, 4, 322, 886, 561, 0, 3.15%, 0, 5, 24, 487.58
1587409353, 4, 322, 887, 562, 0, 3.15%, 0, 5, 24, 474.26
1587409363, 4, 322, 888, 563, 0, 3.15%, 0, 5, 24, 457.20
1587409368, 4, 322, 889, 564, 0, 3.15%, 0, 5, 24, 424.19
1587409373, 4, 322, 890, 565, 0, 3.15%, 0, 5, 24, 410.08
1587409424, 4, 323, 890, 564, 0, 3.15%, 0, 5, 24, 538.62
1587409439, 4, 327, 890, 563, 0, 3.15%, 0, 5, 24, 471.02
1587409480, 4, 333, 890, 562, 0, 3.15%, 0, 5, 24, 423.72
1587409485, 4, 347, 891, 563, 0, 3.15%, 0, 5, 24, 488.89
1587409510, 4, 347, 892, 564, 0, 3.15%, 0, 5, 24, 34.04
1587409520, 4, 347, 894, 566, 0, 3.15%, 0, 5, 24, 450.03
1587409530, 4, 347, 895, 567, 0, 3.15%, 0, 5, 24, 411.82
1587409535, 4, 347, 896, 568, 0, 3.15%, 0, 5, 24, 441.90
1587409551, 4, 347, 897, 569, 0, 3.15%, 0, 5, 24, 396.04
1587409597, 4, 352, 897, 568, 0, 3.15%, 0, 5, 24, 415.48
1587409688, 4, 363, 897, 567, 0, 3.15%, 0, 5, 24, 353.48
1587409693, 4, 364, 897, 567, 0, 3.15%, 0, 5, 24, 373.24
1587409703, 4, 366, 897, 566, 0, 3.15%, 0, 5, 24, 387.76
1587409738, 4, 370, 897, 565, 0, 3.15%, 0, 5, 24, 517.49
1587409779, 4, 397, 898, 565, 0, 3.15%, 0, 5, 24, 406.97
1587409810, 4, 397, 899, 566, 0, 3.15%, 0, 5, 24, 395.05
1587409815, 4, 400, 899, 565, 0, 3.15%, 0, 5, 24, 479.82
1587409830, 4, 411, 899, 564, 0, 3.15%, 0, 5, 24, 512.21
1587409901, 4, 412, 899, 563, 0, 3.15%, 0, 5, 24, 452.15
1587410064, 4, 414, 899, 562, 0, 3.15%, 0, 5, 24, 414.72
1587410155, 4, 424, 899, 561, 0, 3.15%, 0, 5, 24, 350.03
1587410205, 4, 424, 900, 562, 0, 3.15%, 0, 5, 24, 361.02
1587410211, 4, 424, 901, 563, 0, 3.15%, 0, 5, 24, 250.01
1587410252, 4, 436, 901, 562, 0, 3.15%, 0, 5, 24, 478.18
1587410334, 4, 436, 902, 563, 0, 3.15%, 0, 5, 24, 421.68
1587410344, 4, 443, 902, 562, 0, 3.15%, 0, 5, 24, 502.44
1587410389, 4, 447, 902, 561, 0, 3.15%, 0, 5, 24, 431.28
1587410440, 4, 468, 902, 560, 0, 3.15%, 0, 5, 24, 374.65
1587410624, 4, 468, 903, 561, 0, 3.15%, 0, 5, 24, 367.66
1587410639, 4, 469, 903, 560, 0, 3.15%, 0, 5, 24, 462.21
1587410773, 4, 473, 903, 559, 0, 3.15%, 0, 5, 24, 355.47
1587411164, 4, 474, 903, 558, 0, 3.15%, 0, 5, 24, 376.49
1587411387, 4, 487, 903, 557, 0, 3.15%, 0, 5, 24, 418.05
1587411505, 4, 487, 905, 559, 0, 3.15%, 0, 5, 24, 409.45
1587411551, 4, 487, 906, 560, 0, 3.15%, 0, 5, 24, 362.79
1587411556, 4, 487, 907, 561, 0, 3.15%, 0, 5, 24, 384.86
1587411561, 4, 487, 908, 562, 0, 3.15%, 0, 5, 24, 379.42
1587411572, 4, 487, 909, 563, 0, 3.15%, 0, 5, 24, 382.53
1587411577, 4, 487, 910, 564, 0, 3.15%, 0, 5, 24, 394.00
1587411597, 4, 489, 910, 563, 0, 3.15%, 0, 5, 24, 457.06
1587411806, 4, 498, 910, 562, 0, 3.15%, 0, 5, 24, 476.10
1587411939, 4, 510, 910, 561, 0, 3.15%, 0, 5, 24, 471.88
1587411995, 4, 510, 911, 562, 0, 3.15%, 0, 5, 24, 427.25
1587412006, 4, 510, 912, 563, 0, 3.15%, 0, 5, 24, 405.31
1587412036, 4, 517, 912, 562, 0, 3.15%, 0, 5, 24, 440.95
1587412203, 4, 520, 912, 561, 0, 3.15%, 0, 5, 24, 401.16
1587412481, 4, 520, 914, 563, 0, 3.15%, 0, 5, 24, 373.01
1587412496, 4, 520, 915, 564, 0, 3.15%, 0, 5, 24, 357.70
1587412522, 4, 520, 916, 565, 0, 3.15%, 0, 5, 24, 350.80
1587412527, 4, 520, 917, 566, 0, 3.15%, 0, 5, 24, 356.83
1587412577, 4, 531, 917, 565, 0, 3.15%, 0, 5, 24, 414.74
1587412582, 4, 534, 917, 565, 0, 3.15%, 0, 5, 24, 478.56
1587412643, 4, 534, 918, 566, 0, 3.15%, 0, 5, 24, 442.79
1587412648, 4, 534, 919, 567, 0, 3.15%, 0, 5, 24, 436.51
1587412684, 4, 539, 919, 566, 0, 3.15%, 0, 5, 24, 492.28
1587412735, 4, 539, 920, 567, 0, 3.15%, 0, 5, 24, 495.22
1587412745, 4, 539, 921, 568, 0, 3.15%, 0, 5, 24, 447.81
1587412791, 4, 542, 921, 567, 0, 3.15%, 0, 5, 24, 474.94
1587412862, 4, 542, 922, 568, 0, 3.15%, 0, 5, 24, 444.84
1587412882, 4, 542, 923, 569, 0, 3.15%, 0, 5, 24, 417.06
1587412897, 4, 542, 924, 570, 0, 3.15%, 0, 5, 24, 436.96
1587412902, 4, 675, 924, 569, 1, 3.15%, 0, 5, 24, 409.80
1587413070, 4, 675, 925, 570, 1, 3.15%, 0, 5, 24, 393.25
1587413080, 4, 675, 926, 571, 1, 3.15%, 0, 5, 24, 385.36
1587413112, 4, 766, 926, 570, 1, 3.15%, 0, 5, 24, 448.08
1587413163, 4, 766, 927, 571, 1, 3.15%, 0, 5, 24, 445.60
1587413168, 4, 766, 928, 572, 1, 3.15%, 0, 5, 24, 394.40
1587413178, 4, 766, 929, 573, 1, 3.15%, 0, 5, 24, 419.82
1587413188, 4, 766, 930, 574, 1, 3.15%, 0, 5, 24, 409.68
1587413234, 4, 766, 931, 575, 1, 3.15%, 0, 5, 24, 431.56
1587413244, 4, 853, 931, 574, 1, 3.15%, 0, 5, 24, 67.05
1587414069, 4, 853, 932, 575, 1, 3.15%, 0, 5, 24, 69.00
1587414383, 4, 853, 933, 576, 1, 3.15%, 0, 5, 24, 63.68
1587414599, 4, 853, 934, 577, 1, 3.15%, 0, 5, 24, 68.78
1587416183, 4, 853, 936, 579, 1, 3.22%, 0, 5, 24, 68.40
1587418059, 4, 896, 936, 578, 2, 3.22%, 0, 5, 24, 381.91
1587418330, 4, 896, 938, 580, 2, 3.22%, 0, 5, 24, 350.05
1587418427, 4, 922, 938, 579, 2, 3.22%, 0, 5, 24, 444.53
1587418508, 4, 922, 941, 582, 2, 3.22%, 0, 5, 24, 447.65
1587418544, 4, 922, 942, 583, 2, 3.22%, 0, 5, 24, 420.55
1587418564, 4, 922, 943, 584, 2, 3.22%, 0, 5, 24, 408.47
1587418569, 4, 935, 943, 583, 1, 3.22%, 0, 5, 24, 62.65
1587418600, 4, 935, 944, 584, 1, 3.22%, 0, 5, 24, 67.24
1587418697, 4, 935, 945, 585, 1, 3.22%, 0, 5, 24, 70.14
1587418871, 4, 935, 946, 586, 1, 3.22%, 0, 5, 24, 68.33
1587419092, 4, 935, 947, 587, 1, 3.22%, 0, 5, 24, 67.60
1587419170, 4, 935, 948, 588, 1, 3.22%, 0, 5, 24, 64.87
1587419396, 4, 935, 949, 589, 1, 3.22%, 0, 5, 24, 69.53
1587419590, 4, 935, 950, 590, 1, 3.22%, 0, 5, 24, 64.66
1587419709, 4, 935, 951, 591, 1, 3.22%, 0, 5, 24, 61.64
1587419930, 4, 935, 952, 592, 1, 3.22%, 0, 5, 24, 68.19
1587423357, 4, 944, 952, 591, 1, 3.22%, 0, 5, 24, 53.30
1587423387, 4, 944, 953, 592, 1, 3.22%, 0, 5, 24, 66.75
1587423668, 4, 944, 954, 593, 1, 3.22%, 0, 5, 24, 67.88
1587423892, 4, 944, 955, 594, 1, 3.22%, 0, 5, 24, 66.42
1587424320, 4, 944, 956, 595, 1, 3.22%, 0, 5, 24, 67.60
1587424518, 4, 944, 957, 596, 1, 3.22%, 0, 5, 24, 65.10
1587424736, 4, 944, 958, 597, 1, 3.22%, 0, 5, 24, 67.19
