# unix_time, cycles_done, cur_path, paths_total, pending_total, pending_favs, map_size, unique_crashes, unique_hangs, max_depth, execs_per_sec
1587588938, 0, 0, 1, 1, 1, 0.70%, 0, 0, 1, 363.64
1587588943, 0, 0, 16, 16, 1, 0.74%, 0, 0, 2, 592.34
1587588948, 0, 0, 56, 56, 1, 0.83%, 0, 0, 2, 621.70
1587588953, 0, 0, 68, 68, 1, 0.83%, 0, 0, 2, 641.29
1587588958, 0, 0, 74, 74, 1, 0.83%, 0, 0, 2, 642.45
1587588963, 0, 0, 81, 81, 1, 0.83%, 0, 0, 2, 622.15
1587588968, 0, 0, 85, 85, 1, 0.83%, 0, 0, 2, 613.94
1587588974, 0, 0, 89, 89, 1, 0.83%, 0, 0, 2, 582.05
1587588979, 0, 0, 94, 94, 1, 0.83%, 0, 0, 2, 592.36
1587588984, 0, 0, 97, 97, 1, 0.83%, 0, 0, 2, 596.46
1587588989, 0, 0, 100, 100, 1, 0.83%, 0, 0, 2, 579.66
1587588999, 0, 0, 103, 103, 1, 0.83%, 0, 0, 2, 547.65
1587589004, 0, 2, 104, 103, 21, 0.83%, 0, 0, 2, 579.54
1587589014, 0, 5, 105, 103, 20, 0.83%, 0, 0, 3, 567.73
1587589025, 0, 5, 107, 105, 20, 0.83%, 0, 0, 3, 561.58
1587589030, 0, 5, 110, 108, 20, 0.83%, 0, 0, 3, 561.71
1587589040, 0, 5, 112, 110, 20, 0.83%, 0, 0, 3, 524.36
1587589045, 0, 5, 113, 111, 20, 0.83%, 0, 0, 3, 527.24
1587589055, 0, 5, 114, 112, 20, 0.83%, 0, 0, 3, 511.29
1587589070, 0, 5, 116, 114, 20, 0.83%, 0, 0, 3, 496.87
1587589075, 0, 5, 118, 116, 20, 0.83%, 0, 0, 3, 437.85
1587589080, 0, 5, 119, 117, 20, 0.83%, 0, 0, 3, 436.02
1587589091, 0, 6, 119, 116, 19, 0.83%, 0, 0, 3, 461.04
1587589101, 0, 16, 119, 115, 18, 0.83%, 0, 0, 3, 474.76
1587589111, 0, 16, 120, 116, 18, 0.83%, 0, 0, 3, 488.36
1587589116, 0, 18, 120, 115, 17, 0.83%, 0, 0, 3, 475.24
1587589141, 0, 20, 120, 114, 16, 0.83%, 0, 0, 3, 472.31
1587589151, 0, 21, 120, 113, 15, 0.83%, 0, 0, 3, 466.50
1587589157, 0, 26, 120, 112, 14, 0.83%, 0, 0, 3, 471.61
1587589172, 0, 28, 120, 111, 13, 0.83%, 0, 0, 3, 463.37
1587589177, 0, 29, 120, 110, 12, 0.83%, 0, 0, 3, 475.86
1587589182, 0, 32, 120, 108, 10, 0.83%, 0, 0, 3, 480.86
1587589218, 0, 33, 120, 107, 9, 0.83%, 0, 0, 3, 455.76
1587589233, 0, 34, 120, 106, 8, 0.83%, 0, 0, 3, 467.60
1587589243, 0, 34, 121, 107, 8, 0.83%, 0, 0, 3, 466.25
1587589248, 0, 37, 121, 106, 7, 0.83%, 0, 0, 3, 454.41
1587589268, 0, 40, 121, 105, 6, 0.83%, 0, 0, 3, 472.58
1587589278, 0, 40, 122, 106, 6, 0.83%, 0, 0, 3, 487.04
1587589294, 0, 40, 123, 107, 6, 0.83%, 0, 0, 3, 482.23
1587589299, 0, 67, 123, 105, 4, 0.83%, 0, 0, 3, 478.96
1587589320, 0, 67, 127, 109, 4, 0.83%, 0, 0, 3, 486.27
1587589325, 0, 67, 128, 110, 4, 0.83%, 0, 0, 3, 480.70
1587589330, 0, 67, 130, 112, 4, 0.83%, 0, 0, 3, 474.99
1587589335, 0, 67, 131, 113, 4, 0.83%, 0, 0, 3, 476.77
1587589345, 0, 67, 133, 115, 4, 0.83%, 0, 0, 3, 474.84
1587589350, 0, 67, 135, 117, 4, 0.83%, 0, 0, 3, 465.46
1587589355, 0, 67, 136, 118, 4, 0.83%, 0, 0, 3, 480.59
1587589360, 0, 67, 137, 119, 4, 0.83%, 0, 0, 3, 469.82
1587589366, 0, 67, 138, 120, 4, 0.83%, 0, 0, 3, 479.32
1587589376, 0, 67, 139, 121, 4, 0.83%, 0, 0, 3, 463.07
1587589381, 0, 67, 141, 123, 4, 0.83%, 0, 0, 3, 254.33
1587589386, 0, 67, 142, 124, 4, 0.83%, 0, 0, 3, 418.62
1587589391, 0, 76, 142, 123, 4, 0.83%, 0, 0, 3, 439.47
1587589396, 0, 88, 142, 122, 3, 0.83%, 0, 0, 3, 464.61
1587589417, 0, 88, 145, 125, 3, 0.83%, 0, 0, 3, 472.78
1587589422, 0, 88, 148, 128, 3, 0.83%, 0, 0, 3, 469.46
1587589427, 0, 88, 151, 131, 3, 0.83%, 0, 0, 3, 460.99
1587589432, 0, 88, 152, 132, 3, 0.83%, 0, 0, 3, 471.24
1587589437, 0, 88, 154, 134, 3, 0.83%, 0, 0, 3, 468.84
1587589443, 0, 88, 157, 137, 3, 0.83%, 0, 0, 3, 455.71
1587589448, 0, 88, 159, 139, 3, 0.83%, 0, 0, 3, 456.97
1587589453, 0, 88, 160, 140, 3, 0.83%, 0, 0, 3, 463.68
1587589463, 0, 88, 161, 141, 3, 0.83%, 0, 0, 3, 455.40
1587589473, 0, 88, 162, 142, 3, 0.83%, 0, 0, 3, 473.60
1587589483, 0, 107, 163, 142, 2, 0.83%, 0, 0, 3, 480.58
1587589493, 0, 140, 163, 141, 1, 0.83%, 0, 0, 3, 485.46
1587589514, 0, 150, 163, 140, 0, 0.83%, 0, 0, 3, 478.47
1587589544, 1, 3, 164, 140, 0, 0.83%, 0, 0, 3, 498.13
1587589549, 1, 3, 165, 141, 0, 0.83%, 0, 0, 3, 482.60
1587589554, 1, 19, 165, 140, 0, 0.83%, 0, 0, 3, 469.45
1587589569, 1, 20, 165, 139, 0, 0.83%, 0, 0, 3, 464.31
1587589574, 1, 26, 165, 138, 0, 0.83%, 0, 0, 3, 462.47
1587589579, 1, 27, 165, 138, 0, 0.83%, 0, 0, 3, 475.11
1587589590, 1, 27, 166, 139, 0, 0.83%, 0, 0, 3, 489.41
1587589595, 1, 27, 169, 142, 0, 0.83%, 0, 0, 3, 469.51
1587589600, 1, 27, 170, 143, 0, 0.83%, 0, 0, 3, 476.34
1587589615, 1, 27, 171, 144, 0, 0.83%, 0, 0, 3, 482.61
1587589620, 1, 27, 172, 145, 0, 0.83%, 0, 0, 3, 476.76
1587589630, 1, 27, 173, 146, 0, 0.83%, 0, 0, 3, 458.28
1587589636, 1, 27, 175, 148, 0, 0.83%, 0, 0, 3, 477.20
1587589641, 1, 27, 176, 149, 0, 0.83%, 0, 0, 3, 462.90
1587589646, 1, 27, 178, 151, 0, 0.83%, 0, 0, 3, 479.71
1587589651, 1, 27, 179, 152, 0, 0.83%, 0, 0, 3, 480.20
1587589656, 1, 27, 181, 154, 0, 0.83%, 0, 0, 3, 489.02
1587589661, 1, 36, 181, 153, 0, 0.83%, 0, 0, 3, 486.26
1587589681, 1, 49, 181, 152, 0, 0.83%, 0, 0, 3, 447.77
1587589706, 1, 51, 181, 151, 0, 0.83%, 0, 0, 3, 504.58
1587589722, 1, 52, 181, 150, 0, 0.83%, 0, 0, 3, 487.31
1587589757, 1, 52, 183, 152, 0, 0.83%, 0, 0, 3, 477.36
1587589762, 1, 52, 186, 155, 0, 0.83%, 0, 0, 3, 474.62
1587589767, 1, 52, 190, 159, 0, 0.83%, 0, 0, 3, 473.42
1587589772, 1, 52, 191, 160, 0, 0.83%, 0, 0, 3, 472.23
1587589777, 1, 52, 193, 162, 0, 0.83%, 0, 0, 3, 478.51
1587589782, 1, 52, 194, 163, 0, 0.83%, 0, 0, 3, 483.14
1587589787, 1, 52, 195, 164, 0, 0.83%, 0, 0, 3, 479.29
1587589792, 1, 52, 198, 167, 0, 0.83%, 0, 0, 3, 480.79
1587589797, 1, 52, 201, 170, 0, 0.83%, 0, 0, 3, 483.18
1587589808, 1, 52, 202, 171, 0, 0.83%, 0, 0, 3, 474.30
1587589813, 1, 52, 205, 174, 0, 0.83%, 0, 0, 3, 462.77
1587589823, 1, 52, 207, 176, 0, 0.83%, 1, 0, 3, 472.28
1587589828, 1, 192, 207, 175, 1, 0.83%, 1, 0, 3, 449.04
1587589883, 1, 192, 208, 176, 1, 0.83%, 1, 0, 4, 448.36
1587589888, 1, 207, 208, 175, 1, 0.83%, 1, 0, 4, 438.49
1587589964, 2, 1, 208, 174, 0, 0.83%, 1, 0, 4, 468.88
1587589969, 2, 2, 209, 174, 0, 0.83%, 1, 0, 4, 457.35
1587589974, 2, 75, 210, 175, 2, 0.84%, 1, 0, 4, 463.32
1587589984, 2, 75, 214, 179, 2, 0.84%, 1, 0, 4, 440.23
1587589990, 2, 75, 226, 191, 2, 0.85%, 1, 0, 4, 432.12
1587589995, 2, 75, 231, 196, 2, 0.85%, 1, 0, 4, 436.77
1587590000, 2, 75, 234, 199, 2, 0.85%, 1, 0, 4, 438.76
1587590005, 2, 75, 237, 202, 2, 0.85%, 1, 0, 4, 464.67
1587590010, 2, 75, 239, 204, 2, 0.85%, 1, 0, 4, 464.33
1587590015, 2, 75, 242, 207, 2, 0.85%, 1, 0, 4, 450.50
1587590020, 2, 75, 245, 210, 2, 0.85%, 1, 0, 4, 455.99
1587590025, 2, 75, 246, 211, 2, 0.85%, 1, 0, 4, 462.39
1587590035, 2, 75, 248, 213, 2, 0.85%, 1, 0, 4, 455.75
1587590040, 2, 75, 250, 215, 2, 0.85%, 1, 0, 4, 455.23
1587590045, 2, 75, 252, 217, 2, 0.85%, 1, 0, 4, 456.10
1587590050, 2, 75, 256, 221, 2, 0.85%, 1, 0, 4, 459.90
1587590055, 2, 75, 257, 222, 2, 0.85%, 1, 0, 4, 451.52
1587590060, 2, 98, 257, 221, 4, 0.85%, 1, 0, 4, 474.07
1587590081, 2, 98, 261, 225, 4, 0.85%, 1, 0, 4, 486.03
1587590086, 2, 98, 267, 231, 4, 0.85%, 1, 0, 4, 472.20
1587590091, 2, 98, 269, 233, 4, 0.85%, 1, 0, 4, 465.51
1587590096, 2, 98, 273, 237, 4, 0.85%, 1, 0, 4, 459.25
1587590101, 2, 98, 275, 239, 4, 0.85%, 2, 0, 4, 455.55
1587590106, 2, 98, 276, 240, 4, 0.85%, 3, 0, 4, 456.76
1587590111, 2, 98, 277, 241, 4, 0.85%, 3, 0, 4, 444.50
1587590116, 2, 98, 281, 245, 4, 0.85%, 3, 0, 4, 449.22
1587590122, 2, 98, 284, 248, 4, 0.85%, 3, 0, 4, 455.11
1587590127, 2, 98, 286, 250, 4, 0.85%, 3, 0, 4, 450.97
1587590132, 2, 98, 287, 251, 4, 0.85%, 3, 0, 4, 450.97
1587590137, 2, 98, 289, 253, 4, 0.85%, 3, 0, 4, 458.88
1587590142, 2, 98, 295, 259, 4, 0.85%, 3, 0, 4, 449.63
1587590147, 2, 98, 296, 260, 4, 0.85%, 3, 0, 4, 456.72
1587590152, 2, 168, 298, 261, 5, 0.85%, 3, 0, 4, 447.85
1587590172, 2, 168, 299, 262, 5, 0.85%, 3, 0, 4, 450.75
1587590177, 2, 168, 300, 263, 5, 0.85%, 3, 0, 4, 451.16
1587590208, 2, 168, 307, 270, 5, 0.85%, 3, 0, 4, 463.70
1587590213, 2, 168, 321, 284, 5, 0.85%, 3, 0, 4, 436.53
1587590218, 2, 168, 325, 288, 5, 0.85%, 3, 0, 4, 435.63
1587590223, 2, 168, 332, 295, 5, 0.85%, 3, 0, 4, 439.35
1587590229, 2, 168, 334, 297, 5, 0.85%, 3, 0, 4, 428.78
1587590234, 2, 168, 338, 301, 5, 0.85%, 3, 0, 4, 417.17
1587590239, 2, 168, 340, 303, 5, 0.85%, 3, 0, 4, 445.79
1587590244, 2, 168, 342, 305, 5, 0.85%, 3, 0, 4, 460.29
1587590249, 2, 168, 343, 306, 5, 0.85%, 3, 0, 4, 463.88
1587590254, 2, 168, 344, 307, 5, 0.85%, 3, 0, 4, 470.67
1587590259, 2, 168, 345, 308, 5, 0.85%, 3, 0, 4, 466.11
1587590264, 2, 168, 347, 310, 5, 0.85%, 3, 0, 4, 456.47
1587590269, 2, 168, 348, 311, 5, 0.85%, 3, 0, 4, 457.55
1587590275, 2, 168, 350, 313, 5, 0.85%, 3, 0, 4, 447.26
1587590280, 2, 168, 351, 314, 5, 0.85%, 3, 0, 4, 429.61
1587590285, 2, 210, 352, 314, 5, 0.85%, 3, 0, 4, 384.78
1587591402, 2, 210, 353, 315, 5, 0.85%, 3, 0, 4, 392.09
1587591447, 2, 210, 362, 324, 5, 0.85%, 3, 0, 4, 391.06
1587591453, 2, 210, 364, 326, 5, 0.85%, 3, 0, 4, 397.44
1587591494, 2, 210, 366, 328, 5, 0.85%, 3, 0, 4, 359.81
1587591509, 2, 231, 367, 328, 5, 0.85%, 3, 0, 4, 397.74
1587592201, 2, 231, 368, 329, 5, 0.85%, 3, 0, 4, 428.93
1587592206, 2, 231, 369, 330, 5, 0.85%, 3, 0, 4, 425.73
1587592216, 2, 282, 369, 329, 5, 0.85%, 3, 0, 4, 423.67
1587594338, 2, 282, 370, 330, 5, 0.85%, 3, 0, 4, 401.26
1587594348, 2, 289, 370, 329, 5, 0.85%, 3, 0, 4, 341.71
1587594475, 2, 289, 371, 330, 5, 0.85%, 3, 0, 4, 297.60
1587594860, 2, 341, 371, 329, 5, 0.85%, 3, 0, 4, 296.47
1587595357, 2, 341, 372, 330, 5, 0.85%, 3, 0, 5, 310.64
1587595735, 2, 341, 374, 332, 5, 0.85%, 3, 0, 5, 408.62
1587595745, 2, 341, 377, 335, 5, 0.85%, 3, 0, 5, 413.38
1587595751, 2, 341, 378, 336, 5, 0.85%, 3, 0, 5, 407.52
1587595756, 2, 341, 379, 337, 5, 0.85%, 3, 0, 5, 406.34
1587595791, 2, 341, 380, 338, 5, 0.85%, 3, 0, 5, 407.56
1587595806, 2, 358, 380, 337, 4, 0.85%, 3, 0, 5, 405.93
1587596414, 2, 363, 380, 336, 3, 0.85%, 3, 0, 5, 307.83
1587597442, 2, 363, 381, 337, 3, 0.85%, 3, 0, 5, 421.52
1587597457, 2, 367, 381, 336, 2, 0.85%, 3, 0, 5, 452.45
1587598102, 2, 369, 381, 335, 1, 0.85%, 3, 0, 5, 426.47
1587600055, 2, 374, 381, 334, 0, 0.85%, 3, 0, 5, 147.90
1587600066, 2, 374, 382, 335, 0, 0.85%, 3, 0, 6, 145.59
1587602220, 2, 374, 384, 337, 0, 0.85%, 3, 0, 6, 226.77
1587602245, 2, 374, 385, 338, 0, 0.85%, 3, 0, 6, 313.66
1587603732, 2, 374, 386, 339, 0, 0.85%, 3, 0, 6, 158.10
1587603742, 2, 374, 387, 340, 0, 0.85%, 3, 0, 6, 170.16
1587603748, 2, 374, 388, 341, 0, 0.85%, 3, 0, 6, 167.96
1587603773, 2, 374, 389, 342, 0, 0.85%, 3, 0, 6, 162.91
1587603794, 2, 374, 390, 343, 0, 0.85%, 3, 0, 6, 139.15
1587603799, 2, 374, 391, 344, 0, 0.85%, 3, 0, 6, 151.61
1587603825, 2, 374, 392, 345, 0, 0.85%, 3, 0, 6, 167.59
1587603835, 2, 374, 393, 346, 0, 0.85%, 3, 0, 6, 164.68
1587603886, 2, 375, 393, 345, 0, 0.85%, 3, 0, 6, 356.44
1587605445, 2, 378, 393, 344, 0, 0.85%, 3, 0, 6, 233.19
1587607543, 2, 382, 393, 343, 0, 0.85%, 3, 0, 6, 372.54
1587610616, 2, 382, 394, 344, 0, 0.85%, 3, 0, 7, 386.65
1587610786, 2, 382, 396, 346, 0, 0.85%, 3, 0, 7, 375.37
1587610791, 2, 382, 397, 347, 0, 0.85%, 3, 0, 7, 367.45
1587610811, 2, 382, 398, 348, 0, 0.85%, 3, 0, 7, 342.17
1587610842, 2, 382, 399, 349, 0, 0.85%, 3, 0, 7, 178.98
1587610867, 2, 393, 399, 348, 0, 0.85%, 3, 0, 7, 171.93
1587614262, 2, 393, 400, 349, 0, 0.85%, 3, 0, 8, 347.36
1587614267, 2, 393, 401, 350, 0, 0.85%, 3, 0, 8, 350.60
1587614273, 2, 393, 402, 351, 0, 0.85%, 3, 0, 8, 340.38
1587614318, 2, 393, 403, 352, 0, 0.85%, 3, 0, 8, 350.93
1587614354, 2, 399, 403, 351, 1, 0.85%, 3, 0, 8, 370.26
1587614781, 2, 400, 403, 350, 0, 0.85%, 3, 0, 8, 365.89
1587617977, 2, 402, 403, 349, 0, 0.85%, 3, 0, 8, 286.72
1587617982, 2, 402, 404, 350, 0, 0.85%, 3, 0, 9, 257.22
1587618697, 2, 402, 405, 351, 0, 0.85%, 3, 0, 9, 64.70
1587625479, 2, 402, 406, 352, 0, 0.85%, 3, 0, 9, 238.49
1587627976, 2, 402, 409, 355, 0, 0.85%, 3, 0, 9, 244.30
1587627981, 2, 402, 410, 356, 0, 0.85%, 3, 0, 9, 243.79
1587627997, 2, 402, 411, 357, 0, 0.85%, 3, 0, 9, 235.68
1587632051, 2, 402, 412, 358, 0, 0.85%, 3, 0, 9, 67.20
1587634640, 2, 402, 414, 360, 0, 0.85%, 3, 0, 9, 234.82
1587634645, 2, 402, 417, 363, 0, 0.85%, 3, 0, 9, 241.63
1587634650, 2, 402, 418, 364, 0, 0.85%, 3, 0, 9, 216.06
1587634681, 2, 402, 419, 365, 0, 0.85%, 3, 0, 9, 242.87
1587634691, 2, 402, 420, 366, 0, 0.85%, 3, 0, 9, 240.22
1587634722, 2, 418, 420, 365, 0, 0.85%, 3, 0, 9, 209.97
1587635719, 2, 418, 421, 366, 0, 0.85%, 3, 0, 10, 191.59
1587645438, 2, 418, 422, 367, 0, 0.85%, 3, 0, 10, 191.36
1587654266, 2, 418, 423, 368, 0, 0.85%, 3, 0, 10, 46.57
1587655853, 2, 418, 424, 369, 0, 0.85%, 3, 0, 10, 35.51
1587657976, 2, 418, 425, 370, 0, 0.85%, 3, 0, 10, 194.41
1587659301, 2, 418, 426, 371, 0, 0.85%, 3, 0, 10, 186.03
1587667784, 2, 418, 430, 375, 0, 0.85%, 3, 0, 10, 196.12
1587667789, 2, 418, 432, 377, 0, 0.85%, 3, 0, 10, 186.08
1587667794, 2, 418, 433, 378, 0, 0.85%, 3, 0, 10, 196.06
1587667800, 2, 418, 434, 379, 0, 0.85%, 3, 0, 10, 192.08
1587667805, 2, 418, 435, 380, 0, 0.85%, 3, 0, 10, 186.55
1587668012, 2, 418, 436, 381, 0, 0.85%, 3, 0, 10, 46.35
1587668033, 2, 419, 436, 380, 0, 0.85%, 3, 0, 10, 47.70
