# unix_time, cycles_done, cur_path, paths_total, pending_total, pending_favs, map_size, unique_crashes, unique_hangs, max_depth, execs_per_sec
1587589005, 0, 0, 1, 1, 1, 0.17%, 0, 0, 1, 444.44
1587589010, 0, 0, 16, 16, 1, 0.26%, 0, 0, 2, 566.24
1587589016, 0, 0, 19, 19, 1, 0.27%, 0, 0, 2, 582.58
1587589021, 0, 0, 21, 21, 1, 0.27%, 0, 0, 2, 575.13
1587589026, 0, 0, 22, 22, 1, 0.27%, 0, 0, 2, 592.57
1587589031, 0, 0, 24, 24, 1, 0.27%, 0, 0, 2, 598.98
1587589036, 0, 0, 28, 28, 1, 0.28%, 0, 0, 2, 578.33
1587589041, 0, 0, 29, 29, 1, 0.28%, 0, 0, 2, 579.11
1587589046, 0, 0, 30, 30, 1, 0.30%, 0, 0, 2, 569.45
1587589051, 0, 0, 32, 32, 1, 0.32%, 0, 0, 2, 554.47
1587589056, 0, 0, 33, 33, 1, 0.32%, 0, 0, 2, 569.29
1587589061, 0, 0, 34, 34, 1, 0.32%, 0, 0, 2, 569.44
1587589067, 0, 3, 35, 33, 15, 0.32%, 0, 0, 2, 554.64
1587589072, 0, 4, 36, 33, 14, 0.32%, 0, 0, 3, 549.88
1587589077, 0, 11, 36, 32, 13, 0.32%, 0, 0, 3, 501.11
1587589087, 0, 11, 39, 35, 13, 0.33%, 0, 0, 3, 544.36
1587589092, 0, 11, 42, 38, 13, 0.33%, 0, 0, 3, 529.00
1587589102, 0, 11, 43, 39, 13, 0.33%, 0, 0, 3, 524.99
1587589123, 0, 11, 44, 40, 13, 0.33%, 0, 0, 3, 540.84
1587589128, 0, 11, 45, 41, 13, 0.33%, 0, 0, 3, 536.58
1587589143, 0, 11, 46, 42, 13, 0.33%, 0, 0, 3, 522.53
1587589148, 0, 12, 46, 41, 13, 0.33%, 0, 0, 3, 529.08
1587589153, 0, 12, 47, 42, 13, 0.33%, 0, 0, 3, 536.81
1587589158, 0, 13, 47, 41, 12, 0.33%, 0, 0, 3, 543.94
1587589163, 0, 13, 48, 42, 12, 0.33%, 0, 0, 3, 540.02
1587589168, 0, 13, 49, 43, 12, 0.33%, 0, 0, 3, 528.89
1587589173, 0, 16, 49, 42, 12, 0.33%, 0, 0, 3, 524.70
1587589179, 0, 16, 50, 43, 12, 0.33%, 0, 0, 3, 528.24
1587589184, 0, 21, 50, 42, 11, 0.33%, 0, 0, 3, 533.79
1587589189, 0, 21, 51, 43, 11, 0.33%, 0, 0, 3, 535.38
1587589194, 0, 24, 51, 42, 10, 0.33%, 0, 0, 3, 551.06
1587589199, 0, 24, 54, 45, 10, 0.34%, 0, 0, 3, 545.85
1587589204, 0, 25, 54, 44, 10, 0.34%, 0, 0, 3, 519.82
1587589224, 0, 25, 56, 46, 10, 0.34%, 0, 0, 3, 534.83
1587589229, 0, 27, 56, 45, 9, 0.34%, 0, 0, 3, 533.86
1587589245, 0, 28, 56, 44, 8, 0.34%, 0, 0, 3, 531.90
1587589260, 0, 28, 57, 45, 8, 0.34%, 0, 0, 3, 546.95
1587589265, 0, 28, 58, 46, 8, 0.34%, 0, 0, 3, 516.00
1587589270, 0, 29, 58, 45, 7, 0.34%, 0, 0, 3, 532.41
1587589275, 0, 30, 58, 44, 6, 0.34%, 0, 0, 3, 545.65
1587589280, 0, 36, 58, 42, 4, 0.34%, 0, 0, 3, 546.00
1587589285, 0, 48, 58, 41, 3, 0.34%, 0, 0, 3, 547.10
1587589290, 0, 48, 59, 42, 3, 0.34%, 0, 0, 4, 541.98
1587589296, 0, 52, 59, 40, 2, 0.34%, 0, 0, 4, 548.09
1587589306, 0, 52, 61, 42, 2, 0.34%, 0, 0, 4, 542.95
1587589311, 0, 58, 61, 41, 1, 0.34%, 0, 0, 4, 544.07
1587589326, 0, 60, 61, 40, 0, 0.34%, 0, 0, 4, 544.60
1587589336, 0, 60, 63, 42, 0, 0.36%, 0, 0, 5, 552.35
1587589341, 0, 60, 64, 43, 0, 0.36%, 0, 0, 5, 533.06
1587589357, 0, 60, 65, 44, 0, 0.36%, 0, 0, 5, 539.50
1587589387, 0, 60, 66, 45, 0, 0.37%, 0, 0, 5, 505.33
1587589397, 0, 61, 66, 44, 3, 0.37%, 0, 0, 5, 512.07
1587589408, 0, 63, 67, 44, 3, 0.37%, 0, 0, 6, 540.40
1587589423, 0, 65, 69, 45, 3, 0.37%, 0, 0, 6, 524.94
1587589433, 0, 65, 70, 46, 3, 0.37%, 0, 0, 6, 537.59
1587589439, 0, 66, 70, 45, 3, 0.37%, 0, 0, 6, 528.31
1587589444, 0, 66, 71, 46, 3, 0.37%, 0, 0, 7, 534.31
1587589454, 0, 67, 71, 45, 2, 0.37%, 0, 0, 7, 535.87
1587589464, 0, 67, 72, 46, 2, 0.37%, 0, 0, 7, 531.86
1587589469, 0, 69, 72, 45, 1, 0.37%, 0, 0, 7, 533.27
1587589484, 1, 6, 72, 44, 0, 0.37%, 0, 0, 7, 539.88
1587589489, 1, 15, 73, 44, 0, 0.37%, 0, 0, 7, 520.91
1587589499, 1, 19, 73, 43, 0, 0.37%, 0, 0, 7, 547.21
1587589510, 1, 19, 74, 44, 0, 0.37%, 0, 0, 7, 551.88
1587589515, 1, 30, 75, 44, 0, 0.37%, 0, 0, 7, 535.83
1587589520, 1, 32, 76, 45, 0, 0.37%, 0, 0, 7, 542.37
1587589535, 1, 35, 76, 44, 0, 0.37%, 0, 0, 7, 531.65
1587589555, 1, 35, 77, 45, 0, 0.37%, 0, 0, 7, 527.73
1587589560, 1, 39, 77, 44, 0, 0.37%, 0, 0, 7, 526.80
1587589576, 1, 44, 78, 44, 0, 0.37%, 0, 0, 7, 533.15
1587589596, 1, 45, 78, 43, 0, 0.37%, 0, 0, 7, 538.09
1587589612, 1, 46, 78, 42, 0, 0.37%, 0, 0, 7, 538.03
1587589642, 1, 47, 78, 41, 0, 0.37%, 0, 0, 7, 533.72
1587589657, 1, 47, 80, 43, 0, 0.37%, 0, 0, 7, 559.10
1587589662, 1, 53, 80, 42, 0, 0.37%, 0, 0, 7, 555.07
1587589673, 1, 54, 80, 41, 0, 0.37%, 0, 0, 7, 535.59
1587589708, 1, 57, 80, 40, 0, 0.37%, 0, 0, 7, 554.44
1587589738, 1, 58, 81, 40, 0, 0.37%, 0, 0, 7, 552.93
1587589744, 1, 59, 81, 40, 0, 0.37%, 0, 0, 7, 552.99
1587589759, 1, 66, 81, 39, 0, 0.37%, 0, 0, 7, 529.74
1587589764, 2, 2, 86, 44, 0, 0.37%, 0, 0, 7, 520.00
1587589769, 2, 2, 90, 48, 0, 0.37%, 0, 0, 7, 531.94
1587589774, 2, 2, 91, 49, 0, 0.37%, 0, 0, 7, 535.20
1587589779, 2, 9, 93, 51, 0, 0.37%, 0, 0, 7, 527.84
1587589785, 2, 9, 94, 52, 0, 0.37%, 0, 0, 7, 536.28
1587589790, 2, 10, 94, 51, 0, 0.37%, 0, 0, 7, 547.45
1587589831, 2, 10, 95, 52, 0, 0.37%, 0, 0, 7, 494.72
1587589836, 2, 14, 95, 51, 0, 0.37%, 0, 0, 7, 524.69
1587589846, 2, 20, 96, 51, 0, 0.37%, 0, 0, 7, 559.29
1587589861, 2, 21, 97, 51, 0, 0.37%, 0, 0, 7, 518.28
1587589866, 2, 23, 97, 51, 0, 0.37%, 0, 0, 7, 530.47
1587589881, 2, 31, 98, 51, 0, 0.37%, 0, 0, 7, 522.20
1587589886, 2, 38, 98, 51, 0, 0.37%, 0, 0, 7, 534.31
1587589907, 2, 42, 98, 50, 0, 0.37%, 0, 0, 7, 533.83
1587589942, 2, 42, 99, 51, 0, 0.37%, 0, 0, 7, 526.40
1587589947, 2, 42, 103, 55, 0, 0.37%, 0, 0, 7, 510.76
1587589952, 2, 42, 105, 57, 0, 0.37%, 0, 0, 7, 506.13
1587589957, 2, 42, 106, 58, 0, 0.37%, 0, 0, 7, 512.95
1587589978, 2, 42, 107, 59, 0, 0.37%, 0, 0, 7, 466.13
1587589998, 2, 42, 108, 60, 0, 0.37%, 0, 0, 7, 512.75
1587590008, 2, 58, 108, 59, 0, 0.37%, 0, 0, 7, 512.46
1587590013, 2, 62, 108, 59, 0, 0.37%, 0, 0, 7, 541.09
1587590033, 2, 64, 108, 58, 0, 0.37%, 0, 0, 7, 528.79
1587590038, 2, 64, 109, 59, 0, 0.37%, 0, 0, 7, 547.50
1587590064, 2, 75, 109, 58, 1, 0.37%, 0, 0, 7, 535.85
1587590084, 2, 75, 111, 60, 1, 0.37%, 0, 0, 7, 537.65
1587590089, 2, 75, 112, 61, 1, 0.37%, 0, 0, 7, 520.08
1587590110, 2, 89, 112, 60, 1, 0.37%, 0, 0, 7, 489.64
1587608985, 2, 89, 113, 61, 1, 0.37%, 0, 0, 7, 442.22
1587608990, 2, 101, 113, 60, 1, 0.37%, 0, 0, 7, 445.21
1587612973, 2, 108, 113, 59, 1, 0.37%, 0, 0, 7, 502.58
1587612998, 3, 5, 113, 58, 0, 0.37%, 0, 0, 7, 564.67
1587613003, 3, 8, 113, 57, 0, 0.37%, 0, 0, 7, 573.63
1587613009, 3, 22, 113, 56, 0, 0.37%, 0, 0, 7, 580.19
1587613014, 3, 22, 114, 57, 0, 0.38%, 0, 0, 7, 575.74
1587613019, 3, 113, 115, 57, 1, 0.38%, 0, 0, 7, 582.22
1587613034, 3, 114, 115, 56, 1, 0.38%, 0, 0, 7, 579.17
1587613049, 4, 7, 115, 55, 0, 0.38%, 0, 0, 7, 536.16
1587613054, 4, 16, 115, 54, 0, 0.38%, 0, 0, 7, 546.12
1587613059, 4, 26, 115, 54, 0, 0.38%, 0, 0, 7, 550.96
1587613064, 4, 29, 115, 53, 0, 0.38%, 0, 0, 7, 565.74
1587613069, 4, 33, 115, 53, 0, 0.38%, 0, 0, 7, 580.89
1587613090, 4, 34, 115, 52, 0, 0.38%, 0, 0, 7, 575.34
1587613120, 4, 43, 116, 52, 0, 0.38%, 0, 0, 7, 566.27
1587613136, 4, 50, 116, 51, 0, 0.38%, 0, 0, 7, 566.43
1587613151, 4, 56, 116, 50, 0, 0.38%, 0, 0, 7, 566.98
1587613181, 4, 69, 116, 49, 0, 0.38%, 0, 0, 7, 551.80
1587613186, 4, 72, 116, 49, 0, 0.38%, 0, 0, 7, 563.18
1587613192, 4, 72, 117, 50, 0, 0.38%, 0, 0, 7, 560.06
1587613197, 4, 72, 119, 52, 0, 0.38%, 0, 0, 7, 551.58
1587613222, 4, 78, 119, 51, 0, 0.38%, 0, 0, 7, 547.97
1587613257, 4, 88, 119, 50, 0, 0.38%, 0, 0, 7, 504.06
1587613877, 4, 90, 119, 49, 0, 0.38%, 0, 0, 7, 369.53
1587614749, 4, 95, 119, 48, 0, 0.38%, 0, 0, 7, 508.33
1587615712, 4, 97, 119, 47, 0, 0.38%, 0, 0, 7, 161.25
1587616792, 4, 97, 120, 48, 0, 0.38%, 0, 0, 7, 525.79
1587616802, 4, 102, 120, 47, 0, 0.38%, 0, 0, 7, 475.32
1587619482, 4, 103, 120, 46, 0, 0.38%, 0, 0, 7, 431.73
1587619787, 5, 4, 120, 45, 0, 0.38%, 0, 0, 7, 537.53
1587619793, 5, 30, 120, 45, 0, 0.38%, 0, 0, 7, 541.50
1587619798, 5, 40, 120, 45, 0, 0.38%, 0, 0, 7, 556.20
1587619813, 5, 58, 121, 45, 0, 0.38%, 0, 0, 7, 555.10
1587619818, 5, 71, 121, 45, 0, 0.38%, 0, 0, 7, 554.97
1587619833, 5, 76, 121, 44, 0, 0.38%, 0, 0, 7, 517.41
1587619879, 5, 80, 121, 43, 0, 0.38%, 0, 0, 7, 515.69
1587619945, 5, 82, 121, 42, 0, 0.38%, 0, 0, 7, 411.90
1587620856, 5, 92, 121, 41, 0, 0.38%, 0, 0, 7, 473.14
1587623252, 5, 92, 122, 42, 0, 0.39%, 0, 0, 7, 262.65
1587624154, 5, 121, 122, 41, 2, 0.39%, 0, 0, 7, 229.43
1587628229, 6, 17, 122, 40, 1, 0.39%, 0, 0, 7, 432.52
1587628234, 6, 36, 122, 39, 0, 0.39%, 0, 0, 7, 498.60
1587628240, 6, 41, 122, 39, 0, 0.39%, 0, 0, 7, 539.52
1587628245, 6, 49, 122, 38, 0, 0.39%, 0, 0, 7, 523.86
1587628255, 6, 49, 124, 40, 0, 0.39%, 0, 0, 7, 520.21
1587628265, 6, 69, 124, 39, 0, 0.39%, 0, 0, 7, 505.70
1587628270, 6, 73, 124, 39, 0, 0.39%, 0, 0, 7, 520.91
1587628286, 6, 80, 124, 38, 0, 0.39%, 0, 0, 7, 519.67
1587628291, 6, 86, 124, 38, 0, 0.39%, 0, 0, 7, 272.30
1587631412, 6, 110, 124, 37, 0, 0.39%, 0, 0, 7, 233.03
1587633203, 6, 112, 124, 36, 0, 0.39%, 0, 0, 7, 202.13
1587664294, 6, 114, 124, 35, 0, 0.39%, 0, 0, 7, 313.49
1587664299, 6, 118, 124, 35, 0, 0.39%, 0, 0, 7, 508.33
1587664320, 6, 118, 125, 36, 0, 0.39%, 0, 0, 7, 526.18
1587664325, 6, 118, 126, 37, 0, 0.39%, 0, 0, 7, 524.18
1587664335, 6, 118, 127, 38, 0, 0.39%, 0, 0, 7, 518.42
1587664381, 6, 119, 127, 37, 0, 0.39%, 0, 0, 7, 288.19
1587669617, 6, 119, 128, 38, 0, 0.39%, 0, 0, 7, 449.86
1587669715, 6, 121, 128, 37, 0, 0.39%, 0, 0, 7, 160.28
1587669720, 6, 123, 128, 37, 0, 0.39%, 0, 0, 7, 407.09
1587669750, 6, 125, 128, 36, 0, 0.39%, 0, 0, 7, 538.07
1587669781, 6, 125, 129, 37, 0, 0.39%, 0, 0, 7, 448.23
1587669786, 6, 125, 130, 38, 0, 0.39%, 0, 0, 7, 470.91
1587669842, 7, 2, 130, 37, 0, 0.39%, 0, 0, 7, 519.56
1587669847, 7, 36, 130, 37, 0, 0.39%, 0, 0, 7, 538.50
1587669852, 7, 130, 131, 38, 1, 0.39%, 0, 0, 7, 532.03
1587669867, 7, 130, 132, 39, 1, 0.39%, 0, 0, 8, 523.43
1587669872, 7, 130, 133, 40, 1, 0.39%, 0, 0, 8, 541.76
1587669878, 7, 130, 134, 41, 1, 0.40%, 0, 0, 8, 531.40
1587669918, 7, 133, 134, 40, 1, 0.40%, 0, 0, 8, 550.86
1587669944, 8, 4, 134, 39, 0, 0.40%, 0, 0, 8, 539.66
1587669949, 8, 18, 134, 39, 0, 0.40%, 0, 0, 8, 556.60
1587669954, 8, 18, 135, 40, 0, 0.40%, 0, 0, 8, 571.93
1587669959, 8, 114, 135, 39, 1, 0.40%, 0, 0, 8, 515.96
1587669964, 8, 134, 135, 39, 1, 0.40%, 0, 0, 8, 556.29
1587669974, 8, 134, 141, 45, 1, 0.41%, 0, 0, 8, 534.61
1587669989, 8, 134, 142, 46, 1, 0.41%, 0, 0, 8, 513.97
1587669994, 8, 134, 143, 47, 1, 0.41%, 0, 0, 8, 503.18
1587670004, 8, 134, 144, 48, 1, 0.41%, 0, 0, 8, 529.92
1587670035, 8, 136, 144, 47, 1, 0.41%, 0, 0, 8, 513.36
1587670040, 8, 136, 148, 51, 1, 0.41%, 0, 0, 8, 517.21
1587670116, 8, 136, 149, 52, 1, 0.41%, 0, 0, 8, 514.48
1587670121, 8, 136, 151, 54, 1, 0.41%, 0, 0, 8, 501.51
1587670183, 8, 140, 151, 53, 0, 0.41%, 0, 0, 8, 499.14
1587670260, 8, 143, 151, 52, 0, 0.41%, 0, 0, 8, 514.01
1587670265, 8, 143, 152, 53, 0, 0.41%, 0, 0, 8, 522.67
1587670295, 8, 143, 153, 54, 0, 0.41%, 0, 0, 8, 539.06
1587670321, 8, 145, 153, 53, 0, 0.41%, 0, 0, 8, 512.80
1587670417, 8, 146, 153, 52, 0, 0.41%, 0, 0, 8, 506.06
1587670504, 9, 28, 153, 51, 0, 0.41%, 0, 0, 8, 539.85
1587670509, 9, 37, 153, 51, 0, 0.41%, 0, 0, 8, 567.96
1587670524, 9, 45, 153, 50, 0, 0.41%, 0, 0, 8, 546.00
1587670529, 9, 55, 153, 50, 0, 0.41%, 0, 0, 8, 557.02
1587670554, 9, 69, 153, 49, 0, 0.41%, 0, 0, 8, 559.66
1587670559, 9, 84, 153, 49, 0, 0.41%, 0, 0, 8, 479.07
1587673099, 9, 84, 154, 50, 0, 0.41%, 0, 0, 8, 429.33
1587673109, 9, 87, 154, 49, 0, 0.41%, 0, 0, 8, 511.49
1587673527, 9, 91, 154, 48, 0, 0.41%, 0, 0, 8, 508.41
1587673857, 9, 93, 154, 47, 0, 0.41%, 0, 0, 8, 292.47
1587674838, 9, 99, 154, 46, 0, 0.41%, 0, 0, 8, 501.18
