# unix_time, cycles_done, cur_path, paths_total, pending_total, pending_favs, map_size, unique_crashes, unique_hangs, max_depth, execs_per_sec
1587688231, 0, 0, 45, 45, 16, 0.92%, 0, 0, 1, 449.44
1587688236, 0, 5, 55, 55, 16, 0.93%, 0, 0, 2, 496.75
1587688241, 0, 5, 58, 58, 16, 1.04%, 0, 0, 2, 499.09
1587688251, 0, 5, 86, 86, 16, 1.18%, 0, 0, 2, 426.16
1587688256, 0, 5, 95, 95, 16, 1.21%, 0, 0, 2, 427.94
1587688261, 0, 5, 98, 98, 16, 1.21%, 0, 0, 2, 406.63
1587688266, 0, 5, 101, 101, 16, 1.21%, 0, 0, 2, 454.20
1587688271, 0, 5, 102, 102, 16, 1.21%, 0, 0, 2, 411.79
1587688277, 0, 5, 104, 104, 16, 1.21%, 0, 0, 2, 400.37
1587688287, 0, 5, 106, 106, 16, 1.21%, 0, 0, 2, 429.33
1587688292, 0, 5, 108, 108, 16, 1.21%, 0, 0, 2, 425.55
1587688297, 0, 5, 110, 110, 16, 1.21%, 0, 0, 2, 447.41
1587688307, 0, 5, 111, 111, 16, 1.21%, 0, 0, 2, 438.32
1587688317, 0, 5, 112, 112, 16, 1.21%, 0, 0, 2, 433.16
1587688327, 0, 6, 112, 111, 34, 1.21%, 0, 0, 2, 283.78
1587688348, 0, 6, 116, 115, 34, 1.27%, 0, 0, 2, 398.64
1587688353, 0, 6, 117, 116, 34, 1.29%, 0, 0, 2, 413.61
1587688363, 0, 6, 124, 123, 34, 1.31%, 0, 0, 2, 414.70
1587688368, 0, 6, 126, 125, 34, 1.31%, 0, 0, 2, 401.82
1587688373, 0, 6, 130, 129, 34, 1.31%, 0, 0, 2, 396.74
1587688378, 0, 6, 132, 131, 34, 1.31%, 0, 0, 2, 338.36
1587688383, 0, 6, 134, 133, 34, 1.31%, 0, 0, 2, 330.70
1587688388, 0, 6, 136, 135, 34, 1.31%, 0, 0, 2, 371.52
1587688393, 0, 6, 139, 138, 34, 1.31%, 0, 0, 2, 435.24
1587688398, 0, 6, 141, 140, 34, 1.31%, 0, 0, 2, 360.27
1587688424, 0, 6, 142, 141, 34, 1.31%, 0, 0, 2, 413.66
1587688429, 0, 6, 146, 145, 34, 1.34%, 0, 0, 2, 413.14
1587688434, 0, 6, 149, 148, 34, 1.34%, 0, 0, 2, 403.21
1587688444, 0, 12, 149, 147, 38, 1.34%, 0, 0, 2, 401.02
1587688485, 0, 12, 150, 148, 38, 1.34%, 0, 0, 2, 386.45
1587688500, 0, 12, 152, 150, 38, 1.34%, 0, 0, 2, 374.58
1587688536, 0, 12, 154, 152, 38, 1.34%, 0, 0, 2, 352.87
1587688546, 0, 12, 155, 153, 38, 1.34%, 0, 0, 2, 325.13
1587688557, 0, 12, 156, 154, 38, 1.34%, 0, 0, 2, 15.02
1587688587, 0, 22, 156, 153, 37, 1.34%, 0, 0, 2, 338.39
1587688618, 0, 25, 157, 153, 37, 1.35%, 0, 0, 2, 294.35
1587688633, 0, 25, 158, 154, 37, 1.35%, 0, 0, 2, 414.86
1587688638, 0, 25, 160, 156, 37, 1.35%, 0, 0, 2, 416.40
1587688679, 0, 25, 162, 158, 37, 1.35%, 0, 0, 2, 363.24
1587688725, 0, 25, 165, 161, 37, 1.35%, 0, 0, 2, 410.28
1587688730, 0, 25, 168, 164, 37, 1.36%, 0, 0, 2, 399.10
1587688740, 0, 25, 170, 166, 37, 1.36%, 0, 0, 2, 339.33
1587688745, 0, 25, 174, 170, 37, 1.36%, 0, 0, 2, 385.86
1587688750, 0, 25, 175, 171, 37, 1.37%, 0, 0, 2, 383.21
1587688755, 0, 25, 176, 172, 37, 1.37%, 0, 0, 2, 378.89
1587688766, 0, 25, 177, 173, 37, 1.37%, 0, 0, 2, 294.55
1587688802, 0, 25, 178, 174, 37, 1.37%, 0, 0, 2, 27.68
1587688817, 0, 25, 179, 175, 37, 1.37%, 0, 0, 2, 350.45
1587688823, 0, 25, 180, 176, 37, 1.37%, 0, 0, 2, 381.61
1587688828, 0, 29, 180, 175, 42, 1.37%, 0, 0, 2, 375.83
1587688863, 0, 29, 181, 176, 42, 1.37%, 0, 0, 2, 287.22
1587688873, 0, 29, 182, 177, 42, 1.39%, 0, 0, 2, 287.00
1587688899, 0, 29, 183, 178, 42, 1.39%, 0, 0, 2, 371.55
1587688904, 0, 30, 186, 180, 42, 1.39%, 0, 0, 2, 359.07
1587688909, 0, 30, 191, 185, 42, 1.40%, 0, 0, 2, 409.84
1587688970, 0, 30, 192, 186, 42, 1.40%, 0, 0, 2, 332.98
1587688975, 0, 30, 194, 188, 42, 1.41%, 0, 0, 2, 355.62
1587688980, 0, 30, 196, 190, 42, 1.42%, 0, 0, 2, 348.14
1587688985, 0, 30, 197, 191, 42, 1.44%, 0, 0, 2, 333.94
1587688990, 0, 30, 198, 192, 42, 1.45%, 0, 0, 2, 348.88
1587689015, 0, 30, 200, 194, 42, 1.46%, 0, 0, 2, 344.83
1587689020, 0, 30, 218, 212, 42, 1.48%, 0, 0, 2, 315.02
1587689026, 0, 30, 221, 215, 42, 1.48%, 0, 0, 2, 296.68
1587689031, 0, 30, 224, 218, 42, 1.49%, 0, 0, 2, 299.75
1587689036, 0, 30, 227, 221, 42, 1.49%, 0, 0, 2, 330.76
1587689041, 0, 30, 231, 225, 42, 1.49%, 0, 0, 2, 293.03
1587689046, 0, 30, 233, 227, 42, 1.49%, 0, 0, 2, 322.65
1587689051, 0, 30, 236, 230, 42, 1.52%, 0, 0, 2, 317.47
1587689061, 0, 30, 239, 233, 42, 1.52%, 0, 0, 2, 371.82
1587689066, 0, 30, 242, 236, 42, 1.53%, 0, 0, 2, 391.47
1587689071, 0, 30, 246, 240, 42, 1.53%, 0, 0, 2, 399.11
1587689076, 0, 30, 247, 241, 42, 1.53%, 0, 0, 2, 396.79
1587689092, 0, 32, 248, 241, 51, 1.53%, 0, 0, 2, 451.64
1587689097, 0, 33, 248, 240, 50, 1.53%, 0, 0, 2, 465.47
1587689117, 0, 50, 248, 239, 49, 1.53%, 0, 0, 2, 421.84
1587689137, 0, 54, 248, 238, 48, 1.53%, 0, 0, 2, 455.11
1587689158, 0, 55, 249, 238, 47, 1.53%, 0, 0, 3, 453.38
1587689178, 0, 56, 249, 237, 47, 1.53%, 0, 0, 3, 383.66
1587689198, 0, 57, 250, 237, 46, 1.53%, 0, 0, 3, 440.88
1587689203, 0, 57, 253, 240, 46, 1.54%, 0, 0, 3, 402.49
1587689208, 0, 57, 254, 241, 46, 1.54%, 0, 0, 3, 447.56
1587689213, 0, 57, 255, 242, 46, 1.54%, 0, 0, 3, 439.22
1587689218, 0, 59, 255, 241, 49, 1.54%, 0, 0, 3, 435.56
1587689244, 0, 60, 255, 240, 48, 1.54%, 0, 0, 3, 451.25
1587689264, 0, 60, 257, 242, 48, 1.54%, 0, 0, 3, 430.26
1587689274, 0, 62, 257, 241, 47, 1.54%, 0, 0, 3, 438.04
1587689295, 0, 62, 258, 242, 47, 1.54%, 0, 0, 3, 443.64
1587689300, 0, 63, 258, 241, 46, 1.54%, 0, 0, 3, 466.02
1587689320, 0, 63, 260, 243, 46, 1.54%, 0, 0, 3, 435.65
1587689330, 0, 64, 260, 242, 45, 1.54%, 0, 0, 3, 452.92
1587689350, 0, 64, 262, 244, 45, 1.57%, 0, 0, 3, 458.02
1587689355, 0, 64, 263, 245, 45, 1.57%, 0, 0, 3, 470.41
1587689366, 0, 65, 263, 244, 45, 1.57%, 0, 0, 3, 473.39
1587689386, 0, 65, 264, 245, 45, 1.57%, 0, 0, 3, 471.30
1587689391, 0, 65, 265, 246, 45, 1.58%, 0, 0, 3, 470.67
1587689396, 0, 67, 265, 245, 45, 1.58%, 0, 0, 3, 480.45
1587689417, 0, 67, 266, 246, 45, 1.58%, 0, 0, 3, 455.80
1587689422, 0, 67, 267, 247, 45, 1.58%, 0, 0, 3, 453.97
1587689427, 0, 68, 267, 246, 44, 1.58%, 0, 0, 3, 466.66
1587689432, 0, 68, 268, 247, 44, 1.59%, 0, 0, 3, 469.98
1587689453, 0, 88, 268, 245, 43, 1.59%, 0, 0, 3, 477.66
1587689488, 0, 88, 269, 246, 43, 1.59%, 0, 0, 3, 446.71
1587689493, 0, 92, 269, 245, 43, 1.59%, 0, 0, 3, 456.69
1587689519, 0, 96, 269, 244, 42, 1.59%, 0, 0, 3, 481.14
1587689524, 0, 99, 269, 243, 41, 1.59%, 0, 0, 3, 486.67
1587689534, 0, 99, 270, 244, 41, 1.59%, 0, 0, 3, 463.89
1587689539, 0, 101, 270, 243, 41, 1.59%, 0, 0, 3, 469.07
1587689595, 0, 109, 270, 242, 40, 1.59%, 0, 0, 3, 396.90
1587689605, 0, 113, 271, 242, 39, 1.63%, 0, 0, 3, 392.71
1587689625, 0, 113, 272, 243, 39, 1.63%, 0, 0, 3, 428.82
1587689631, 0, 113, 273, 244, 39, 1.63%, 0, 0, 3, 436.47
1587689641, 0, 116, 273, 243, 40, 1.63%, 0, 0, 3, 439.04
1587689671, 0, 116, 274, 244, 40, 1.63%, 0, 0, 3, 443.46
1587689676, 0, 123, 274, 243, 39, 1.63%, 0, 0, 3, 445.37
1587689707, 0, 123, 278, 247, 39, 1.68%, 0, 0, 3, 411.66
1587689712, 0, 123, 279, 248, 39, 1.68%, 0, 0, 3, 432.60
1587689728, 0, 123, 281, 250, 39, 1.68%, 0, 0, 3, 450.78
1587689733, 0, 123, 283, 252, 39, 1.68%, 0, 0, 3, 418.39
1587689748, 0, 125, 283, 251, 44, 1.68%, 0, 0, 3, 385.77
1587689768, 0, 125, 286, 254, 44, 1.68%, 0, 0, 3, 375.10
1587689773, 0, 125, 287, 255, 44, 1.68%, 0, 0, 3, 350.31
1587689794, 0, 125, 289, 257, 44, 1.69%, 0, 0, 3, 438.28
1587689799, 0, 125, 290, 258, 44, 1.69%, 0, 0, 3, 453.47
1587689849, 0, 143, 290, 257, 44, 1.69%, 0, 0, 3, 482.55
1587689895, 0, 145, 290, 256, 43, 1.69%, 0, 0, 3, 498.35
1587689915, 0, 156, 290, 255, 42, 1.69%, 0, 0, 3, 484.12
1587690011, 0, 161, 291, 255, 41, 1.69%, 0, 0, 3, 425.12
1587690037, 0, 161, 292, 256, 41, 1.69%, 0, 0, 3, 444.56
1587690067, 0, 161, 294, 258, 41, 1.69%, 0, 0, 3, 442.76
1587690108, 0, 161, 297, 261, 41, 1.69%, 0, 0, 3, 451.24
1587690113, 0, 161, 299, 263, 41, 1.69%, 0, 0, 3, 440.99
1587690118, 0, 161, 300, 264, 41, 1.69%, 0, 0, 3, 434.67
1587690123, 0, 161, 302, 266, 41, 1.70%, 0, 0, 3, 442.53
1587690128, 0, 161, 303, 267, 41, 1.70%, 0, 0, 3, 390.70
1587690133, 0, 161, 305, 269, 41, 1.70%, 0, 0, 3, 418.23
1587690143, 0, 161, 308, 272, 41, 1.70%, 0, 0, 3, 430.94
1587690148, 0, 161, 310, 274, 41, 1.70%, 0, 0, 3, 421.77
1587690153, 0, 161, 311, 275, 41, 1.70%, 0, 0, 3, 396.42
1587690168, 0, 161, 312, 276, 41, 1.70%, 0, 0, 3, 421.20
1587690173, 0, 161, 313, 277, 41, 1.70%, 0, 0, 3, 435.59
1587690189, 0, 167, 313, 276, 47, 1.70%, 0, 0, 3, 302.50
1587690311, 0, 167, 316, 279, 47, 1.70%, 0, 0, 3, 429.56
1587690326, 0, 167, 317, 280, 47, 1.70%, 0, 0, 3, 424.84
1587690331, 0, 167, 318, 281, 47, 1.70%, 0, 0, 3, 426.45
1587690336, 0, 167, 319, 282, 47, 1.70%, 0, 0, 3, 429.46
1587690341, 0, 167, 321, 284, 47, 1.70%, 0, 0, 3, 430.17
1587690387, 0, 169, 321, 283, 47, 1.70%, 0, 0, 3, 437.18
1587690504, 0, 174, 321, 282, 46, 1.70%, 0, 0, 3, 329.12
1587690589, 0, 179, 321, 281, 45, 1.70%, 0, 0, 3, 423.19
1587690646, 0, 179, 322, 282, 45, 1.70%, 0, 0, 3, 437.19
1587690691, 0, 179, 323, 283, 45, 1.70%, 0, 0, 3, 445.05
1587690696, 0, 181, 323, 282, 44, 1.70%, 0, 0, 3, 462.26
1587690752, 0, 181, 326, 285, 44, 1.71%, 0, 0, 3, 428.57
1587690762, 0, 181, 327, 286, 44, 1.71%, 0, 0, 3, 464.82
1587690783, 0, 181, 329, 288, 44, 1.71%, 0, 0, 3, 462.88
1587690824, 0, 195, 330, 288, 44, 1.71%, 0, 0, 3, 428.13
1587690829, 0, 195, 331, 289, 44, 1.71%, 0, 0, 3, 428.88
1587690885, 0, 195, 332, 290, 44, 1.71%, 0, 0, 3, 412.91
1587690890, 0, 195, 333, 291, 44, 1.71%, 0, 0, 3, 429.27
1587690895, 0, 195, 334, 292, 44, 1.71%, 0, 0, 3, 430.41
1587690926, 0, 195, 336, 294, 44, 1.71%, 0, 0, 3, 442.96
1587690931, 0, 195, 338, 296, 44, 1.71%, 0, 0, 3, 399.93
1587690941, 0, 195, 341, 299, 44, 1.71%, 0, 0, 3, 428.57
1587690946, 0, 195, 342, 300, 44, 1.71%, 0, 0, 3, 433.30
1587690951, 0, 195, 345, 303, 44, 1.71%, 0, 0, 3, 438.21
1587690956, 0, 195, 346, 304, 44, 1.71%, 0, 0, 3, 436.94
1587690961, 0, 195, 348, 306, 44, 1.71%, 0, 0, 3, 434.00
1587690982, 0, 196, 349, 306, 46, 1.71%, 0, 0, 3, 422.13
1587691083, 0, 196, 351, 308, 46, 1.71%, 0, 0, 3, 438.70
1587691088, 0, 196, 356, 313, 46, 1.71%, 0, 0, 3, 399.86
1587691104, 0, 196, 357, 314, 46, 1.71%, 0, 0, 3, 415.65
1587691109, 0, 196, 358, 315, 46, 1.71%, 0, 0, 3, 422.75
1587691114, 0, 196, 360, 317, 46, 1.72%, 0, 0, 3, 430.80
1587691124, 0, 196, 361, 318, 46, 1.72%, 0, 0, 3, 429.23
1587691129, 0, 196, 362, 319, 46, 1.72%, 0, 0, 3, 432.33
1587691134, 0, 196, 364, 321, 46, 1.72%, 0, 0, 3, 437.65
1587691144, 0, 206, 364, 320, 47, 1.72%, 0, 0, 3, 435.90
1587691216, 0, 206, 365, 321, 47, 1.73%, 0, 0, 3, 423.56
1587691241, 0, 206, 366, 322, 47, 1.73%, 0, 0, 3, 454.11
1587691246, 0, 220, 366, 321, 46, 1.73%, 0, 0, 3, 438.52
1587691338, 0, 220, 367, 322, 46, 1.73%, 0, 0, 3, 437.17
1587691348, 0, 234, 369, 323, 46, 1.73%, 0, 0, 3, 444.69
1587691353, 0, 234, 370, 324, 46, 1.73%, 0, 0, 3, 442.06
1587691409, 0, 234, 371, 325, 46, 1.73%, 0, 0, 3, 421.76
1587691444, 0, 234, 380, 334, 46, 1.74%, 0, 0, 3, 439.66
1587691449, 0, 234, 382, 336, 46, 1.74%, 0, 0, 3, 432.82
1587691459, 0, 234, 383, 337, 46, 1.74%, 0, 0, 3, 418.73
1587691464, 0, 234, 385, 339, 46, 1.74%, 0, 0, 3, 422.22
1587691469, 0, 234, 386, 340, 46, 1.75%, 0, 0, 3, 93.22
1587691495, 0, 234, 387, 341, 46, 1.75%, 0, 0, 3, 417.95
1587691500, 0, 237, 387, 340, 50, 1.75%, 0, 0, 3, 423.09
1587691621, 0, 237, 389, 342, 50, 1.75%, 0, 0, 3, 442.97
1587691626, 0, 237, 392, 345, 50, 1.76%, 0, 0, 3, 423.09
1587691631, 0, 237, 393, 346, 50, 1.76%, 0, 0, 3, 440.18
1587691637, 0, 237, 395, 348, 50, 1.76%, 0, 0, 3, 418.91
1587691642, 0, 237, 396, 349, 50, 1.76%, 0, 0, 3, 431.39
1587691652, 0, 237, 397, 350, 50, 1.76%, 0, 0, 3, 427.83
1587691657, 0, 237, 398, 351, 50, 1.76%, 0, 0, 3, 430.58
1587691662, 0, 237, 399, 352, 50, 1.76%, 0, 0, 3, 431.18
1587691667, 0, 237, 400, 353, 50, 1.76%, 0, 0, 3, 433.83
1587691693, 0, 237, 401, 354, 50, 1.77%, 0, 0, 3, 315.44
1587691703, 0, 241, 402, 354, 49, 1.77%, 0, 0, 3, 370.81
1587691830, 0, 241, 403, 355, 49, 1.77%, 0, 0, 3, 397.91
1587691845, 0, 241, 405, 357, 49, 1.77%, 0, 0, 3, 391.88
1587691850, 0, 241, 406, 358, 49, 1.77%, 0, 0, 3, 403.65
1587691855, 0, 241, 408, 360, 49, 1.77%, 0, 0, 3, 416.16
1587691861, 0, 241, 410, 362, 49, 1.77%, 0, 0, 3, 408.88
1587691871, 0, 241, 413, 365, 49, 1.77%, 0, 0, 3, 401.05
1587691881, 0, 241, 414, 366, 49, 1.78%, 0, 0, 3, 411.71
1587691901, 0, 241, 415, 367, 49, 1.78%, 0, 0, 3, 411.62
1587691906, 0, 241, 416, 368, 49, 1.78%, 0, 0, 3, 400.58
1587691916, 0, 241, 418, 370, 49, 1.78%, 0, 0, 3, 420.95
1587691921, 0, 243, 419, 370, 48, 1.78%, 0, 0, 3, 412.48
1587692018, 0, 243, 420, 371, 48, 1.78%, 0, 0, 3, 448.48
1587692023, 0, 243, 422, 373, 48, 1.78%, 0, 0, 3, 450.27
1587692033, 0, 248, 422, 372, 47, 1.78%, 0, 0, 3, 451.53
1587692038, 0, 248, 425, 375, 47, 1.81%, 0, 0, 4, 496.78
1587692054, 0, 249, 425, 374, 49, 1.81%, 0, 0, 4, 495.21
1587692074, 0, 250, 426, 374, 48, 1.81%, 0, 0, 4, 502.87
1587692079, 0, 250, 427, 375, 48, 1.81%, 0, 0, 4, 487.94
1587692094, 0, 251, 429, 376, 48, 1.81%, 0, 0, 4, 490.43
1587692109, 0, 251, 430, 377, 48, 1.81%, 0, 0, 4, 505.38
1587692114, 0, 252, 430, 376, 48, 1.81%, 0, 0, 4, 493.69
1587692119, 0, 252, 431, 377, 48, 1.81%, 0, 0, 4, 503.92
1587692135, 0, 253, 431, 376, 48, 1.81%, 0, 0, 4, 487.54
1587692140, 0, 253, 432, 377, 48, 1.81%, 0, 0, 4, 448.52
1587692155, 0, 255, 432, 376, 48, 1.81%, 0, 0, 4, 488.85
1587692175, 0, 255, 433, 377, 48, 1.81%, 0, 0, 4, 477.73
1587692180, 0, 261, 433, 376, 47, 1.81%, 0, 0, 4, 456.32
1587692221, 0, 261, 436, 379, 47, 1.81%, 0, 0, 4, 464.01
1587692226, 0, 261, 438, 381, 47, 1.81%, 0, 0, 4, 459.72
1587692261, 0, 261, 439, 382, 47, 1.81%, 0, 0, 4, 461.70
1587692266, 0, 261, 440, 383, 47, 1.81%, 0, 0, 4, 442.74
1587692272, 0, 261, 441, 384, 47, 1.82%, 0, 0, 4, 468.32
1587692277, 0, 261, 442, 385, 47, 1.82%, 0, 0, 4, 461.80
1587692292, 0, 263, 442, 384, 48, 1.82%, 0, 0, 4, 469.39
1587692312, 0, 264, 442, 383, 47, 1.82%, 0, 0, 4, 461.76
1587692317, 0, 264, 443, 384, 47, 1.82%, 0, 0, 4, 469.66
1587692353, 0, 264, 444, 385, 47, 1.82%, 0, 0, 4, 467.08
1587692358, 0, 266, 444, 384, 47, 1.82%, 0, 0, 4, 470.88
1587692383, 0, 266, 445, 385, 47, 1.82%, 0, 0, 4, 436.26
1587692388, 0, 267, 445, 384, 46, 1.82%, 0, 0, 4, 451.86
1587692403, 0, 267, 446, 385, 46, 1.83%, 0, 0, 4, 443.73
1587692408, 0, 267, 447, 386, 46, 1.83%, 0, 0, 4, 462.49
1587692413, 0, 267, 448, 387, 46, 1.83%, 0, 0, 4, 469.35
1587692419, 0, 269, 448, 386, 46, 1.83%, 0, 0, 4, 458.77
1587692439, 0, 270, 450, 387, 45, 1.84%, 0, 0, 4, 471.78
1587692454, 0, 270, 451, 388, 45, 1.84%, 0, 0, 4, 486.91
1587692459, 0, 270, 452, 389, 45, 1.84%, 0, 0, 4, 482.61
1587692469, 0, 270, 454, 391, 45, 1.84%, 0, 0, 4, 492.15
1587692474, 0, 270, 455, 392, 45, 1.84%, 0, 0, 4, 477.16
1587692484, 0, 274, 455, 391, 46, 1.84%, 0, 0, 4, 466.76
1587692535, 0, 274, 456, 392, 46, 1.84%, 0, 0, 4, 412.27
1587692540, 0, 274, 457, 393, 46, 1.84%, 0, 0, 4, 441.62
1587692545, 0, 275, 459, 394, 45, 1.85%, 0, 0, 4, 436.97
1587692600, 0, 275, 464, 399, 45, 1.86%, 0, 0, 4, 106.98
1587692605, 0, 275, 467, 402, 45, 1.86%, 0, 0, 4, 390.28
1587692621, 0, 275, 468, 403, 45, 1.86%, 0, 0, 4, 452.29
1587692636, 0, 275, 469, 404, 45, 1.86%, 0, 0, 4, 449.49
1587692672, 0, 275, 470, 405, 45, 1.86%, 0, 0, 4, 454.20
1587692677, 0, 276, 471, 405, 45, 1.86%, 0, 0, 4, 447.28
1587692727, 0, 276, 473, 407, 45, 1.86%, 0, 0, 4, 468.29
1587692733, 0, 276, 477, 411, 45, 1.86%, 0, 0, 4, 467.24
1587692738, 0, 276, 480, 414, 45, 1.87%, 0, 0, 4, 470.39
1587692743, 0, 276, 481, 415, 45, 1.87%, 0, 0, 4, 470.43
1587692748, 0, 276, 483, 417, 45, 1.87%, 0, 0, 4, 449.51
1587692798, 0, 277, 483, 416, 45, 1.87%, 0, 0, 4, 459.46
1587692854, 0, 278, 483, 415, 44, 1.87%, 0, 0, 4, 464.39
1587692910, 0, 278, 484, 416, 44, 1.88%, 0, 0, 4, 463.21
1587692915, 0, 279, 484, 415, 44, 1.88%, 0, 0, 4, 464.73
1587692960, 0, 279, 485, 416, 44, 1.88%, 0, 0, 4, 467.32
1587692965, 0, 280, 485, 415, 43, 1.88%, 0, 0, 4, 460.67
1587693001, 0, 280, 486, 416, 43, 1.88%, 0, 0, 4, 456.87
1587693026, 0, 286, 486, 415, 43, 1.88%, 0, 0, 4, 331.24
1587693062, 0, 286, 490, 419, 43, 1.89%, 0, 0, 4, 300.26
1587693087, 0, 286, 491, 420, 43, 1.89%, 0, 0, 4, 362.30
1587693092, 0, 292, 491, 419, 47, 1.89%, 0, 0, 4, 427.54
1587693194, 0, 292, 492, 420, 47, 1.89%, 0, 0, 4, 369.32
1587693199, 0, 293, 492, 419, 46, 1.89%, 0, 0, 4, 414.60
1587693301, 0, 293, 494, 421, 46, 1.89%, 0, 0, 4, 458.30
1587693311, 0, 302, 494, 420, 46, 1.89%, 0, 0, 4, 399.94
1587693362, 0, 305, 494, 419, 45, 1.89%, 0, 0, 4, 457.30
1587693393, 0, 305, 495, 420, 45, 1.89%, 0, 0, 4, 455.72
1587693479, 0, 306, 495, 419, 44, 1.89%, 0, 0, 4, 460.72
1587693591, 0, 307, 495, 418, 44, 1.89%, 0, 0, 4, 449.81
1587693641, 0, 307, 496, 419, 44, 1.89%, 0, 0, 4, 444.55
1587693682, 0, 307, 498, 421, 44, 1.89%, 0, 0, 4, 428.89
1587693692, 0, 310, 498, 420, 43, 1.89%, 0, 0, 4, 413.19
1587693819, 0, 316, 498, 419, 42, 1.89%, 0, 0, 4, 374.43
1587693839, 0, 316, 499, 420, 42, 1.89%, 0, 0, 4, 454.25
1587693936, 0, 322, 500, 420, 41, 1.89%, 0, 0, 4, 454.74
1587693956, 0, 322, 501, 421, 41, 1.89%, 0, 0, 4, 469.75
1587693961, 0, 322, 502, 422, 41, 1.89%, 0, 0, 4, 469.53
1587693966, 0, 322, 503, 423, 41, 1.90%, 0, 0, 4, 443.70
1587694062, 0, 322, 505, 425, 41, 1.90%, 0, 0, 4, 457.77
1587694072, 0, 325, 505, 424, 44, 1.90%, 0, 0, 4, 459.72
1587694118, 0, 333, 505, 423, 43, 1.90%, 0, 0, 4, 458.19
1587694224, 0, 333, 507, 425, 43, 1.90%, 0, 0, 4, 425.63
1587694229, 0, 333, 508, 426, 43, 1.90%, 0, 0, 4, 406.94
1587694245, 0, 333, 509, 427, 43, 1.90%, 0, 0, 4, 434.69
1587694250, 0, 333, 510, 428, 43, 1.90%, 0, 0, 4, 396.27
1587694285, 0, 336, 510, 427, 42, 1.90%, 0, 0, 4, 442.47
1587694391, 0, 352, 511, 427, 41, 1.90%, 0, 0, 4, 397.85
1587694396, 0, 352, 514, 430, 41, 1.90%, 0, 0, 4, 376.41
1587694513, 0, 352, 518, 434, 41, 1.90%, 0, 0, 4, 415.87
1587694518, 0, 352, 519, 435, 41, 1.90%, 0, 0, 4, 425.22
1587694528, 0, 352, 520, 436, 41, 1.90%, 0, 0, 4, 437.36
1587694533, 0, 352, 521, 437, 41, 1.90%, 0, 0, 4, 428.91
1587694589, 0, 354, 521, 436, 40, 1.90%, 0, 0, 4, 427.80
1587694645, 0, 354, 522, 437, 40, 1.90%, 0, 0, 4, 424.40
1587694676, 0, 354, 523, 438, 40, 1.90%, 0, 0, 4, 439.03
1587694681, 0, 366, 523, 437, 40, 1.90%, 0, 0, 4, 437.62
1587694788, 0, 371, 523, 436, 39, 1.90%, 0, 0, 4, 446.12
1587694844, 0, 371, 524, 437, 39, 1.91%, 0, 0, 4, 459.82
1587694874, 0, 379, 524, 436, 38, 1.91%, 0, 0, 4, 428.45
1587694945, 0, 379, 526, 438, 38, 1.93%, 0, 0, 4, 451.00
1587694976, 0, 379, 529, 441, 38, 1.93%, 0, 0, 4, 445.81
1587694981, 0, 379, 531, 443, 38, 1.93%, 0, 0, 4, 463.19
1587694991, 0, 379, 534, 446, 38, 1.93%, 0, 0, 4, 435.10
1587695001, 0, 379, 535, 447, 38, 1.93%, 0, 0, 4, 421.69
1587695012, 0, 379, 538, 450, 38, 1.93%, 0, 0, 4, 452.92
1587695052, 0, 390, 538, 449, 40, 1.93%, 0, 0, 4, 443.03
1587695143, 0, 390, 539, 450, 40, 1.94%, 0, 0, 4, 445.49
1587695148, 0, 390, 540, 451, 40, 1.94%, 0, 0, 4, 444.96
1587695193, 0, 390, 542, 453, 40, 1.94%, 0, 0, 4, 451.30
1587695203, 0, 400, 542, 452, 43, 1.94%, 0, 0, 4, 437.98
1587695209, 0, 400, 543, 453, 43, 1.94%, 0, 0, 4, 441.26
1587695289, 0, 400, 545, 455, 43, 1.95%, 0, 0, 4, 450.19
1587695294, 0, 400, 546, 456, 43, 1.95%, 0, 0, 4, 413.97
1587695320, 0, 400, 547, 457, 43, 1.95%, 0, 0, 4, 459.96
1587695335, 0, 400, 550, 460, 43, 1.95%, 0, 0, 4, 448.40
1587695340, 0, 400, 553, 463, 43, 1.95%, 0, 0, 4, 449.45
1587695345, 0, 400, 554, 464, 43, 1.95%, 0, 0, 4, 435.58
1587695350, 0, 400, 555, 465, 43, 1.95%, 0, 0, 4, 430.52
1587695355, 0, 400, 556, 466, 43, 1.95%, 0, 0, 4, 428.38
1587695361, 0, 400, 557, 467, 43, 1.95%, 0, 0, 4, 424.95
1587695411, 0, 414, 558, 467, 42, 1.95%, 0, 0, 4, 405.56
1587695416, 0, 414, 559, 468, 42, 1.95%, 0, 0, 4, 420.24
1587695543, 0, 414, 560, 469, 42, 1.95%, 0, 0, 4, 411.60
1587695548, 0, 422, 562, 470, 42, 1.96%, 0, 0, 5, 460.49
1587695559, 0, 422, 563, 471, 42, 1.96%, 0, 0, 5, 511.78
1587695569, 0, 422, 564, 472, 42, 1.96%, 0, 0, 5, 502.78
1587695574, 0, 422, 565, 473, 42, 1.96%, 0, 0, 5, 499.94
1587695584, 0, 423, 565, 472, 44, 1.96%, 0, 0, 5, 498.31
1587695604, 0, 424, 565, 471, 43, 1.96%, 0, 0, 5, 488.03
1587695625, 0, 424, 566, 472, 43, 1.96%, 0, 0, 5, 520.13
1587695630, 0, 424, 567, 473, 43, 1.96%, 0, 0, 5, 514.43
1587695640, 0, 426, 567, 472, 43, 1.96%, 0, 0, 5, 503.90
1587695655, 0, 426, 568, 473, 43, 1.96%, 0, 0, 5, 499.02
1587695660, 0, 426, 569, 474, 43, 1.96%, 0, 0, 5, 521.50
1587695670, 0, 427, 569, 473, 42, 1.96%, 0, 0, 5, 511.02
1587695690, 0, 429, 569, 472, 41, 1.96%, 0, 0, 5, 514.54
1587695711, 0, 431, 569, 471, 40, 1.96%, 0, 0, 5, 495.51
1587695731, 0, 434, 569, 470, 39, 1.96%, 0, 0, 5, 481.88
1587695772, 0, 434, 570, 471, 39, 1.96%, 0, 0, 5, 478.56
1587695782, 0, 435, 570, 470, 38, 1.96%, 0, 0, 5, 480.02
1587695833, 0, 435, 571, 471, 38, 1.96%, 0, 0, 5, 487.37
1587695843, 0, 442, 571, 470, 37, 1.96%, 0, 0, 5, 477.90
1587695883, 0, 442, 572, 471, 37, 1.96%, 0, 0, 5, 423.04
1587695893, 0, 445, 573, 471, 36, 1.98%, 0, 0, 5, 469.63
1587695909, 0, 445, 574, 472, 36, 1.98%, 0, 0, 5, 493.16
1587695919, 0, 445, 576, 474, 36, 1.98%, 0, 0, 5, 480.62
1587695929, 0, 445, 577, 475, 36, 1.98%, 0, 0, 5, 482.05
1587695949, 0, 448, 577, 474, 37, 1.98%, 0, 0, 5, 497.28
1587695969, 0, 448, 578, 475, 37, 1.98%, 0, 0, 5, 488.37
1587695984, 0, 448, 579, 476, 37, 1.98%, 0, 0, 5, 473.56
1587695989, 0, 450, 579, 475, 37, 1.98%, 0, 0, 5, 481.27
1587696025, 0, 450, 581, 477, 37, 1.98%, 0, 0, 5, 448.10
1587696040, 0, 451, 581, 476, 36, 1.98%, 0, 0, 5, 501.13
1587696045, 0, 451, 582, 477, 36, 1.98%, 0, 0, 5, 456.82
1587696065, 0, 451, 584, 479, 36, 1.98%, 0, 0, 5, 490.85
1587696075, 0, 451, 585, 480, 36, 1.98%, 0, 0, 5, 495.23
1587696080, 0, 460, 585, 479, 38, 1.98%, 0, 0, 5, 488.39
1587696136, 0, 465, 586, 479, 37, 1.98%, 0, 0, 5, 467.99
1587696147, 0, 465, 587, 480, 37, 1.98%, 0, 0, 5, 478.50
1587696188, 0, 465, 590, 483, 37, 1.98%, 0, 0, 5, 467.33
1587696198, 0, 465, 591, 484, 37, 1.98%, 0, 0, 5, 358.95
1587696208, 0, 465, 592, 485, 37, 1.98%, 0, 0, 5, 458.66
1587696260, 0, 470, 592, 484, 37, 1.98%, 0, 0, 5, 473.86
1587696311, 0, 477, 592, 483, 36, 1.98%, 0, 0, 5, 476.21
1587696378, 0, 477, 593, 484, 36, 1.98%, 0, 0, 5, 431.29
1587696383, 0, 477, 594, 485, 36, 1.98%, 0, 0, 5, 424.78
1587696398, 0, 483, 594, 484, 35, 1.98%, 0, 0, 5, 437.37
1587696449, 0, 483, 595, 485, 35, 1.98%, 0, 0, 5, 470.21
1587696454, 0, 485, 595, 484, 34, 1.98%, 0, 0, 5, 455.54
1587696510, 0, 485, 596, 485, 34, 1.98%, 0, 0, 5, 482.61
1587696520, 0, 486, 596, 484, 33, 1.98%, 0, 0, 5, 390.15
1587696551, 0, 486, 597, 485, 33, 1.98%, 0, 0, 5, 344.23
1587696576, 0, 486, 599, 487, 33, 1.98%, 0, 0, 5, 409.51
1587696586, 0, 486, 600, 488, 33, 1.98%, 0, 0, 5, 409.39
1587696592, 0, 486, 601, 489, 33, 1.98%, 0, 0, 5, 419.26
1587696597, 0, 486, 602, 490, 33, 1.98%, 0, 0, 5, 431.31
1587696602, 0, 486, 604, 492, 33, 1.98%, 0, 0, 5, 404.61
1587696612, 0, 486, 606, 494, 33, 1.98%, 0, 0, 5, 422.25
1587696632, 0, 487, 607, 494, 33, 1.98%, 0, 0, 5, 395.99
1587696668, 0, 487, 608, 495, 33, 1.98%, 0, 0, 5, 328.86
1587696693, 0, 488, 608, 494, 33, 1.98%, 0, 0, 5, 392.08
1587696734, 0, 488, 609, 495, 33, 1.98%, 0, 0, 5, 298.40
1587696765, 0, 489, 610, 495, 33, 1.98%, 0, 0, 5, 383.54
1587696811, 0, 489, 611, 496, 33, 1.98%, 0, 0, 5, 298.31
1587696832, 0, 489, 612, 497, 33, 1.98%, 0, 0, 5, 360.84
1587696842, 0, 492, 612, 496, 32, 1.98%, 0, 0, 5, 427.69
1587696933, 0, 492, 613, 497, 32, 1.98%, 0, 0, 5, 452.44
1587696938, 0, 501, 613, 496, 32, 1.98%, 0, 0, 5, 463.01
1587696969, 0, 501, 614, 497, 32, 1.98%, 0, 0, 5, 467.19
1587697070, 0, 501, 615, 498, 32, 1.98%, 0, 0, 5, 457.26
1587697076, 0, 501, 616, 499, 32, 1.98%, 0, 0, 5, 461.65
1587697081, 0, 501, 617, 500, 32, 1.98%, 0, 0, 5, 451.14
1587697096, 0, 501, 618, 501, 32, 1.98%, 0, 0, 5, 452.04
1587697106, 0, 501, 620, 503, 32, 1.99%, 0, 0, 5, 434.27
1587697126, 0, 501, 621, 504, 32, 1.99%, 0, 0, 5, 460.18
1587697141, 0, 502, 622, 504, 32, 1.99%, 0, 0, 5, 464.18
1587697227, 0, 502, 623, 505, 32, 1.99%, 0, 0, 5, 463.32
1587697273, 0, 502, 628, 510, 32, 2.00%, 0, 0, 5, 441.92
1587697278, 0, 502, 629, 511, 32, 2.00%, 0, 0, 5, 425.65
1587697283, 0, 502, 631, 513, 32, 2.00%, 0, 0, 5, 427.68
1587697293, 0, 502, 633, 515, 32, 2.00%, 0, 0, 5, 428.21
1587697308, 0, 502, 634, 516, 32, 2.01%, 0, 0, 5, 444.52
1587697349, 0, 503, 634, 515, 36, 2.01%, 0, 0, 5, 442.70
1587697369, 0, 503, 635, 516, 36, 2.01%, 0, 0, 5, 435.23
1587697420, 0, 503, 636, 517, 36, 2.01%, 0, 0, 5, 463.37
1587697461, 0, 503, 637, 518, 36, 2.01%, 0, 0, 5, 460.98
1587697486, 0, 503, 638, 519, 36, 2.01%, 0, 0, 5, 459.87
1587697491, 0, 503, 641, 522, 36, 2.02%, 0, 0, 5, 436.70
1587697516, 0, 503, 642, 523, 36, 2.02%, 0, 0, 5, 452.34
1587697547, 0, 503, 643, 524, 36, 2.02%, 0, 0, 5, 449.54
1587697552, 0, 503, 644, 525, 36, 2.02%, 0, 0, 5, 447.82
1587697562, 0, 521, 644, 524, 40, 2.02%, 0, 0, 5, 440.13
1587697653, 0, 521, 645, 525, 40, 2.02%, 0, 0, 5, 432.17
1587697658, 0, 524, 645, 524, 39, 2.02%, 0, 0, 5, 431.90
1587697765, 0, 524, 647, 526, 39, 2.02%, 0, 0, 5, 438.40
1587697775, 0, 524, 649, 528, 39, 2.03%, 0, 0, 5, 439.51
1587697836, 0, 525, 649, 527, 39, 2.03%, 0, 0, 5, 462.94
1587697938, 0, 525, 652, 530, 39, 2.03%, 0, 0, 5, 427.68
1587697948, 0, 525, 653, 531, 39, 2.03%, 0, 0, 5, 461.81
1587697993, 0, 525, 654, 532, 39, 2.03%, 0, 0, 5, 444.85
1587698009, 0, 526, 654, 531, 39, 2.03%, 0, 0, 5, 458.72
1587698125, 0, 532, 654, 530, 38, 2.03%, 0, 0, 5, 428.02
1587698206, 0, 532, 655, 531, 38, 2.03%, 0, 0, 5, 414.00
1587698252, 0, 532, 657, 533, 38, 2.04%, 0, 0, 5, 428.74
1587698262, 0, 532, 658, 534, 38, 2.04%, 0, 0, 5, 438.91
1587698267, 0, 532, 659, 535, 38, 2.04%, 0, 0, 5, 438.96
1587698283, 0, 532, 660, 536, 38, 2.04%, 0, 0, 5, 436.25
1587698288, 0, 532, 662, 538, 38, 2.04%, 0, 0, 5, 449.05
1587698313, 0, 532, 663, 539, 38, 2.04%, 0, 0, 5, 436.14
1587698323, 0, 539, 663, 538, 39, 2.04%, 0, 0, 5, 446.12
1587698364, 0, 539, 664, 539, 39, 2.04%, 0, 0, 5, 434.65
1587698470, 0, 539, 665, 540, 39, 2.04%, 0, 0, 5, 433.31
1587698480, 0, 543, 665, 539, 39, 2.04%, 0, 0, 5, 443.44
1587698561, 0, 543, 666, 540, 39, 2.04%, 0, 0, 5, 429.33
1587698566, 0, 543, 667, 541, 39, 2.04%, 0, 0, 5, 441.05
1587698572, 0, 543, 668, 542, 39, 2.04%, 0, 0, 5, 366.21
1587698602, 0, 543, 669, 543, 39, 2.04%, 0, 0, 5, 415.92
1587698627, 0, 543, 670, 544, 39, 2.04%, 0, 0, 5, 417.31
1587698637, 0, 544, 670, 543, 38, 2.04%, 0, 0, 5, 425.33
1587698754, 0, 544, 671, 544, 38, 2.04%, 0, 0, 5, 437.86
1587698780, 0, 544, 672, 545, 38, 2.04%, 0, 0, 5, 430.39
1587698785, 0, 544, 673, 546, 38, 2.04%, 0, 0, 5, 422.76
1587698800, 0, 544, 674, 547, 38, 2.04%, 0, 0, 5, 432.64
1587698836, 0, 545, 674, 546, 38, 2.04%, 0, 0, 5, 436.42
1587698871, 0, 545, 675, 547, 38, 2.04%, 0, 0, 5, 446.69
1587698972, 0, 545, 676, 548, 38, 2.04%, 0, 0, 5, 447.76
1587698983, 0, 545, 677, 549, 38, 2.04%, 0, 0, 5, 443.67
1587698993, 0, 545, 678, 550, 38, 2.04%, 0, 0, 5, 446.86
1587699003, 0, 545, 679, 551, 38, 2.04%, 0, 0, 5, 430.31
1587699018, 0, 545, 680, 552, 38, 2.04%, 0, 0, 5, 416.20
1587699054, 0, 557, 680, 551, 37, 2.04%, 0, 0, 5, 437.22
1587699191, 0, 560, 680, 550, 36, 2.04%, 0, 0, 5, 443.01
1587699216, 0, 562, 681, 550, 35, 2.04%, 0, 0, 6, 497.58
1587699231, 0, 562, 682, 551, 35, 2.05%, 0, 0, 6, 502.47
1587699236, 0, 562, 683, 552, 35, 2.05%, 0, 0, 6, 508.55
1587699241, 0, 562, 684, 553, 35, 2.05%, 0, 0, 6, 511.49
1587699261, 0, 562, 686, 555, 35, 2.05%, 0, 0, 6, 498.47
1587699272, 0, 562, 687, 556, 35, 2.05%, 0, 0, 6, 489.38
1587699277, 0, 562, 688, 557, 35, 2.05%, 0, 0, 6, 519.94
1587699297, 0, 564, 688, 556, 35, 2.05%, 0, 0, 6, 492.71
1587699307, 0, 564, 689, 557, 35, 2.05%, 0, 0, 6, 493.42
1587699312, 0, 568, 689, 556, 35, 2.05%, 0, 0, 6, 493.26
1587699332, 0, 572, 689, 555, 34, 2.05%, 0, 0, 6, 453.61
1587699358, 0, 572, 690, 556, 34, 2.05%, 0, 0, 6, 494.99
1587699363, 0, 573, 690, 555, 34, 2.05%, 0, 0, 6, 489.57
1587699388, 0, 573, 691, 556, 34, 2.05%, 0, 0, 6, 464.67
1587699398, 0, 577, 692, 556, 33, 2.05%, 0, 0, 6, 491.74
1587699429, 0, 577, 693, 557, 33, 2.05%, 0, 0, 6, 476.17
1587699439, 0, 581, 693, 556, 33, 2.05%, 0, 0, 6, 482.06
1587699454, 0, 581, 694, 557, 33, 2.05%, 0, 0, 6, 475.28
1587699474, 0, 582, 694, 556, 32, 2.05%, 0, 0, 6, 485.07
1587699510, 0, 583, 694, 555, 31, 2.05%, 0, 0, 6, 482.60
1587699546, 0, 583, 696, 557, 31, 2.05%, 0, 0, 6, 489.82
1587699556, 0, 583, 697, 558, 31, 2.05%, 0, 0, 6, 504.26
1587699561, 0, 583, 698, 559, 31, 2.05%, 0, 0, 6, 493.16
1587699566, 0, 583, 699, 560, 31, 2.05%, 0, 0, 6, 490.79
1587699576, 0, 583, 700, 561, 31, 2.05%, 0, 0, 6, 488.99
1587699591, 0, 583, 701, 562, 31, 2.05%, 0, 0, 6, 506.07
1587699611, 0, 596, 701, 561, 30, 2.05%, 0, 0, 6, 390.45
1587699662, 0, 603, 701, 560, 29, 2.05%, 0, 0, 6, 445.78
1587699708, 0, 603, 702, 561, 29, 2.05%, 0, 0, 6, 465.69
1587699718, 0, 607, 702, 560, 29, 2.05%, 0, 0, 6, 417.48
1587699749, 0, 607, 703, 561, 29, 2.05%, 0, 0, 6, 396.75
1587699769, 0, 607, 704, 562, 29, 2.05%, 0, 0, 6, 446.97
1587699774, 0, 608, 704, 561, 28, 2.05%, 0, 0, 6, 386.36
1587699826, 0, 608, 705, 562, 28, 2.05%, 0, 0, 6, 274.92
1587699841, 0, 608, 706, 563, 28, 2.05%, 0, 0, 6, 320.70
1587699851, 0, 612, 706, 562, 28, 2.05%, 0, 0, 6, 425.68
1587699948, 0, 612, 707, 563, 28, 2.05%, 0, 0, 6, 443.45
1587699958, 0, 619, 707, 562, 27, 2.05%, 0, 0, 6, 447.14
1587700099, 0, 619, 708, 563, 27, 2.05%, 0, 0, 6, 453.50
1587700110, 0, 621, 708, 562, 26, 2.05%, 0, 0, 6, 451.79
1587700246, 0, 625, 708, 561, 25, 2.05%, 0, 0, 6, 458.13
1587700393, 0, 625, 711, 564, 25, 2.06%, 0, 0, 6, 445.49
1587700413, 0, 625, 713, 566, 25, 2.06%, 0, 0, 6, 417.15
1587700424, 0, 625, 714, 567, 25, 2.06%, 0, 0, 6, 451.21
1587700434, 0, 625, 715, 568, 25, 2.06%, 0, 0, 6, 397.00
1587700454, 0, 625, 716, 569, 25, 2.06%, 0, 0, 6, 431.68
1587700469, 0, 630, 716, 568, 26, 2.06%, 0, 0, 6, 450.82
1587700495, 0, 630, 717, 569, 26, 2.06%, 0, 0, 6, 452.20
1587700607, 0, 630, 718, 570, 26, 2.06%, 0, 0, 6, 444.92
1587700612, 0, 630, 721, 573, 26, 2.06%, 0, 0, 6, 434.58
1587700617, 0, 630, 722, 574, 26, 2.06%, 0, 0, 6, 444.95
1587700632, 0, 630, 723, 575, 26, 2.06%, 0, 0, 6, 449.95
1587700647, 0, 630, 724, 576, 26, 2.06%, 0, 0, 6, 443.39
1587700663, 0, 630, 725, 577, 26, 2.06%, 0, 0, 6, 451.53
1587700683, 0, 632, 725, 576, 27, 2.06%, 0, 0, 6, 431.00
1587700764, 0, 632, 727, 578, 27, 2.06%, 0, 0, 6, 452.88
1587700876, 0, 634, 727, 577, 27, 2.06%, 0, 0, 6, 373.72
1587701038, 0, 640, 727, 576, 26, 2.06%, 0, 0, 6, 408.08
1587701211, 0, 641, 728, 576, 25, 2.06%, 0, 0, 6, 378.03
1587701242, 0, 641, 729, 577, 25, 2.06%, 0, 0, 6, 400.67
1587701262, 0, 641, 730, 578, 25, 2.07%, 0, 0, 6, 358.80
1587701353, 0, 641, 731, 579, 25, 2.07%, 0, 0, 6, 425.27
1587701430, 0, 641, 732, 580, 25, 2.07%, 0, 0, 6, 370.30
1587701441, 0, 645, 732, 579, 28, 2.07%, 0, 0, 6, 294.18
1587701573, 0, 645, 734, 581, 28, 2.07%, 0, 0, 6, 392.95
1587701583, 0, 645, 735, 582, 28, 2.07%, 0, 0, 6, 152.51
1587701588, 0, 645, 737, 584, 28, 2.07%, 0, 0, 6, 370.29
1587701593, 0, 645, 738, 585, 28, 2.07%, 0, 0, 6, 398.12
1587701608, 0, 645, 739, 586, 28, 2.08%, 0, 0, 6, 7.56
1587701629, 0, 645, 740, 587, 28, 2.08%, 0, 0, 6, 431.21
1587701639, 0, 645, 741, 588, 28, 2.08%, 0, 0, 6, 402.46
1587701654, 0, 650, 741, 587, 28, 2.08%, 0, 0, 6, 414.01
1587701771, 0, 650, 743, 589, 28, 2.08%, 0, 0, 6, 405.70
1587701807, 0, 654, 743, 588, 28, 2.08%, 0, 0, 6, 283.52
1587701954, 0, 655, 743, 587, 27, 2.08%, 0, 0, 6, 379.83
1587702036, 0, 655, 744, 588, 27, 2.08%, 0, 0, 6, 411.73
1587702107, 0, 668, 744, 587, 27, 2.08%, 0, 0, 6, 272.12
1587702279, 0, 670, 744, 586, 26, 2.08%, 0, 0, 6, 424.71
1587702427, 0, 674, 744, 585, 25, 2.08%, 0, 0, 6, 452.59
1587702569, 0, 676, 744, 584, 24, 2.08%, 0, 0, 6, 424.07
1587702574, 0, 676, 745, 585, 24, 2.08%, 0, 0, 6, 417.70
1587702736, 0, 676, 747, 587, 24, 2.08%, 0, 0, 6, 398.21
1587702746, 0, 676, 749, 589, 24, 2.08%, 0, 0, 6, 403.32
1587702762, 0, 676, 750, 590, 24, 2.08%, 0, 0, 6, 404.58
1587702782, 0, 676, 751, 591, 24, 2.08%, 0, 0, 6, 406.39
1587702818, 0, 681, 752, 591, 24, 2.08%, 0, 0, 7, 462.71
1587702838, 0, 683, 752, 590, 23, 2.08%, 0, 0, 7, 497.48
1587702868, 0, 683, 753, 591, 23, 2.08%, 0, 0, 7, 467.37
1587702873, 0, 683, 754, 592, 23, 2.08%, 0, 0, 7, 479.91
1587702883, 0, 688, 754, 591, 22, 2.08%, 0, 0, 7, 481.40
1587702898, 0, 689, 754, 590, 21, 2.08%, 0, 0, 7, 472.27
1587702929, 0, 689, 756, 592, 21, 2.08%, 0, 0, 7, 481.41
1587702944, 0, 689, 757, 593, 21, 2.08%, 0, 0, 7, 479.78
1587702954, 0, 689, 758, 594, 21, 2.08%, 0, 0, 7, 487.88
1587702959, 0, 689, 759, 595, 21, 2.08%, 0, 0, 7, 498.80
1587702995, 0, 691, 759, 594, 20, 2.08%, 0, 0, 7, 484.25
1587703010, 0, 691, 760, 595, 20, 2.08%, 0, 0, 7, 482.95
1587703030, 0, 701, 760, 594, 20, 2.08%, 0, 0, 7, 459.34
1587703102, 0, 701, 761, 595, 20, 2.08%, 0, 0, 7, 434.28
1587703112, 0, 704, 761, 594, 19, 2.08%, 0, 0, 7, 367.21
1587703178, 0, 708, 761, 593, 18, 2.08%, 0, 0, 7, 404.01
1587703402, 0, 708, 763, 595, 18, 2.08%, 0, 0, 7, 410.39
1587703408, 0, 708, 764, 596, 18, 2.08%, 0, 0, 7, 409.47
1587703423, 0, 708, 766, 598, 18, 2.08%, 0, 0, 7, 396.91
1587703428, 0, 708, 767, 599, 18, 2.08%, 0, 0, 7, 411.95
1587703433, 0, 708, 768, 600, 18, 2.08%, 0, 0, 7, 418.67
1587703439, 0, 708, 769, 601, 18, 2.08%, 0, 0, 7, 415.79
1587703449, 0, 708, 770, 602, 18, 2.08%, 0, 0, 7, 427.15
1587703459, 0, 708, 772, 604, 18, 2.08%, 0, 0, 7, 411.50
1587703474, 0, 708, 773, 605, 18, 2.08%, 0, 0, 7, 418.86
1587703479, 0, 713, 773, 604, 17, 2.08%, 0, 0, 7, 420.44
1587703636, 0, 713, 775, 606, 17, 2.08%, 0, 0, 7, 431.56
1587703641, 0, 713, 776, 607, 17, 2.08%, 0, 0, 7, 424.34
1587703646, 0, 713, 777, 608, 17, 2.08%, 0, 0, 7, 428.29
1587703671, 0, 713, 778, 609, 17, 2.08%, 0, 0, 7, 432.20
1587703676, 0, 713, 779, 610, 17, 2.08%, 0, 0, 7, 419.74
1587703681, 0, 713, 780, 611, 17, 2.08%, 0, 0, 7, 418.55
1587703686, 0, 713, 781, 612, 17, 2.08%, 0, 0, 7, 432.74
1587703707, 0, 714, 781, 611, 16, 2.08%, 0, 0, 7, 432.17
1587703792, 0, 714, 782, 612, 16, 2.09%, 0, 0, 7, 427.81
1587703863, 0, 717, 782, 611, 16, 2.09%, 0, 0, 7, 451.51
1587703970, 0, 719, 782, 610, 15, 2.09%, 0, 0, 7, 444.86
1587704137, 0, 720, 782, 609, 14, 2.09%, 0, 0, 7, 435.81
1587704285, 0, 720, 783, 610, 14, 2.09%, 0, 0, 7, 444.46
1587704290, 0, 720, 784, 611, 14, 2.09%, 0, 0, 7, 420.99
1587704295, 0, 720, 786, 613, 14, 2.09%, 0, 0, 7, 437.42
1587704361, 0, 722, 786, 612, 13, 2.09%, 0, 0, 7, 435.30
1587704503, 0, 722, 787, 613, 13, 2.09%, 0, 0, 7, 440.04
1587704513, 0, 726, 788, 613, 12, 2.09%, 0, 0, 7, 428.25
1587704518, 0, 726, 790, 615, 12, 2.09%, 0, 0, 7, 406.56
1587704538, 0, 726, 793, 618, 12, 2.09%, 0, 0, 7, 416.50
1587704553, 0, 726, 794, 619, 12, 2.09%, 0, 0, 7, 436.04
1587704609, 0, 726, 796, 621, 12, 2.09%, 0, 0, 7, 411.11
1587704629, 0, 726, 799, 624, 12, 2.09%, 0, 0, 7, 419.22
1587704705, 0, 727, 799, 623, 12, 2.09%, 0, 0, 7, 391.06
1587704918, 0, 728, 799, 622, 11, 2.09%, 0, 0, 7, 433.62
1587705126, 0, 728, 800, 623, 11, 2.10%, 0, 0, 7, 434.13
1587705136, 0, 728, 802, 625, 11, 2.10%, 0, 0, 7, 430.95
1587705151, 0, 728, 803, 626, 11, 2.10%, 0, 0, 7, 424.48
1587705176, 0, 728, 804, 627, 11, 2.10%, 0, 0, 7, 428.10
1587705197, 0, 728, 805, 628, 11, 2.10%, 0, 0, 7, 421.41
1587705207, 0, 730, 805, 627, 11, 2.10%, 0, 0, 7, 315.84
1587705344, 0, 730, 806, 628, 11, 2.10%, 0, 0, 7, 440.15
1587705416, 0, 730, 807, 629, 11, 2.10%, 0, 0, 7, 425.73
1587705426, 0, 731, 807, 628, 10, 2.10%, 0, 0, 7, 430.51
1587705660, 0, 737, 807, 627, 9, 2.10%, 0, 0, 7, 418.89
1587705813, 0, 737, 808, 628, 9, 2.10%, 0, 0, 7, 404.94
1587705818, 0, 738, 808, 627, 9, 2.10%, 0, 0, 7, 418.40
1587705884, 0, 738, 809, 628, 9, 2.10%, 0, 0, 7, 429.95
1587705945, 0, 738, 811, 630, 9, 2.10%, 0, 0, 7, 37.85
1587705950, 0, 738, 813, 632, 9, 2.10%, 0, 0, 7, 382.04
1587705985, 0, 738, 814, 633, 9, 2.10%, 0, 0, 7, 411.28
1587705991, 0, 738, 815, 634, 9, 2.10%, 0, 0, 7, 404.54
1587706006, 0, 738, 816, 635, 9, 2.10%, 0, 0, 7, 426.30
1587706026, 0, 742, 816, 634, 9, 2.10%, 0, 0, 7, 402.94
1587706173, 0, 742, 818, 636, 9, 2.10%, 0, 0, 7, 425.42
1587706178, 0, 742, 819, 637, 9, 2.10%, 0, 0, 7, 413.21
1587706189, 0, 742, 820, 638, 9, 2.10%, 0, 0, 7, 401.14
1587706250, 0, 743, 820, 637, 9, 2.10%, 0, 0, 7, 410.47
1587706381, 0, 743, 821, 638, 9, 2.10%, 0, 0, 7, 430.63
1587706386, 0, 759, 821, 637, 8, 2.10%, 0, 0, 7, 418.50
1587706427, 0, 771, 821, 636, 7, 2.10%, 0, 0, 7, 450.88
1587706647, 0, 771, 822, 637, 7, 2.10%, 0, 0, 8, 425.06
1587706657, 0, 781, 822, 636, 6, 2.10%, 0, 0, 8, 430.01
1587706728, 0, 781, 823, 637, 6, 2.10%, 0, 0, 8, 442.29
1587706804, 0, 781, 824, 638, 6, 2.10%, 0, 0, 8, 427.48
1587706809, 0, 796, 824, 637, 5, 2.10%, 0, 0, 8, 430.38
1587707007, 0, 799, 824, 636, 4, 2.10%, 0, 0, 8, 393.15
1587707267, 0, 807, 824, 635, 3, 2.10%, 0, 0, 8, 395.62
1587707414, 0, 807, 826, 637, 3, 2.10%, 0, 0, 8, 421.86
1587707419, 0, 807, 827, 638, 3, 2.10%, 0, 0, 8, 402.65
1587707449, 0, 812, 827, 637, 3, 2.10%, 0, 0, 8, 403.10
1587707526, 0, 812, 828, 638, 3, 2.11%, 0, 0, 8, 421.46
1587707603, 0, 816, 828, 637, 3, 2.11%, 0, 0, 8, 372.61
1587707776, 0, 824, 828, 636, 2, 2.11%, 0, 0, 8, 425.25
1587707919, 0, 824, 829, 637, 2, 2.11%, 0, 0, 9, 412.34
1587707949, 0, 827, 829, 636, 1, 2.11%, 0, 0, 9, 391.11
1587708113, 0, 827, 830, 637, 1, 2.11%, 0, 0, 9, 207.92
1587708118, 0, 827, 831, 638, 1, 2.11%, 0, 0, 9, 317.87
1587708128, 0, 827, 832, 639, 1, 2.11%, 0, 0, 9, 183.41
1587708185, 0, 827, 833, 640, 1, 2.11%, 0, 0, 9, 363.91
1587708201, 0, 828, 833, 639, 0, 2.11%, 0, 0, 9, 315.48
1587708338, 0, 828, 834, 640, 0, 2.11%, 0, 0, 10, 356.62
1587708419, 0, 828, 835, 641, 0, 2.11%, 0, 0, 10, 340.42
1587708440, 1, 2, 835, 640, 0, 2.11%, 0, 0, 10, 404.94
1587708455, 1, 3, 835, 639, 0, 2.11%, 0, 0, 10, 411.80
1587708491, 1, 4, 835, 638, 0, 2.11%, 0, 0, 10, 369.99
1587708628, 1, 4, 839, 642, 0, 2.11%, 0, 0, 10, 387.04
1587708633, 1, 4, 842, 645, 0, 2.11%, 0, 0, 10, 397.30
1587708643, 1, 4, 844, 647, 0, 2.11%, 0, 0, 10, 395.26
1587708649, 1, 4, 847, 650, 0, 2.11%, 0, 0, 10, 404.83
1587708659, 1, 4, 848, 651, 0, 2.11%, 0, 0, 10, 406.64
1587708664, 1, 4, 849, 652, 0, 2.11%, 0, 0, 10, 409.23
1587708679, 1, 4, 850, 653, 0, 2.11%, 0, 0, 10, 431.12
1587708684, 1, 4, 851, 654, 0, 2.11%, 0, 0, 10, 405.12
1587708689, 1, 4, 852, 655, 0, 2.11%, 0, 0, 10, 416.25
1587708699, 1, 4, 853, 656, 0, 2.11%, 0, 0, 10, 404.98
1587708705, 1, 4, 854, 657, 0, 2.11%, 0, 0, 10, 420.48
1587708710, 1, 7, 854, 656, 0, 2.11%, 0, 0, 10, 441.17
1587708745, 1, 10, 854, 655, 0, 2.11%, 0, 0, 10, 468.15
1587708776, 1, 14, 854, 654, 0, 2.11%, 0, 0, 10, 476.50
1587708796, 1, 15, 854, 653, 0, 2.11%, 0, 0, 10, 458.97
1587708837, 1, 23, 854, 652, 0, 2.11%, 0, 0, 10, 475.24
1587708852, 1, 27, 854, 651, 0, 2.11%, 0, 0, 10, 465.49
1587708872, 1, 34, 854, 650, 0, 2.11%, 0, 0, 10, 448.13
1587708913, 1, 40, 854, 649, 0, 2.11%, 0, 0, 10, 478.97
1587708929, 1, 42, 854, 648, 0, 2.11%, 0, 0, 10, 278.71
1587709760, 1, 42, 857, 651, 0, 2.11%, 0, 0, 10, 224.16
1587709786, 1, 43, 857, 650, 0, 2.11%, 0, 0, 10, 325.88
1587709939, 1, 47, 857, 649, 0, 2.11%, 0, 0, 10, 472.23
1587709950, 1, 48, 857, 648, 0, 2.11%, 0, 0, 10, 531.27
1587709975, 1, 58, 857, 647, 0, 2.11%, 0, 0, 10, 473.40
1587710000, 1, 61, 857, 646, 0, 2.11%, 0, 0, 10, 402.52
1587710030, 1, 66, 857, 645, 0, 2.11%, 0, 0, 10, 461.66
1587710056, 1, 81, 857, 644, 0, 2.11%, 0, 0, 10, 465.07
1587710116, 1, 82, 857, 643, 0, 2.11%, 0, 0, 10, 461.20
1587710167, 1, 85, 857, 642, 0, 2.11%, 0, 0, 10, 424.22
1587710223, 1, 86, 857, 641, 0, 2.11%, 0, 0, 10, 473.59
1587710244, 1, 87, 857, 640, 0, 2.11%, 0, 0, 10, 500.99
1587710300, 1, 97, 857, 639, 0, 2.11%, 0, 0, 10, 489.09
1587710335, 1, 101, 857, 638, 0, 2.11%, 0, 0, 10, 521.05
1587710340, 1, 104, 857, 638, 0, 2.11%, 0, 0, 10, 455.41
1587710396, 1, 105, 857, 637, 0, 2.11%, 0, 0, 10, 459.58
1587710436, 1, 106, 857, 636, 0, 2.11%, 0, 0, 10, 471.97
1587710472, 1, 112, 857, 635, 0, 2.11%, 0, 0, 10, 475.34
1587710508, 1, 114, 857, 634, 0, 2.11%, 0, 0, 10, 481.82
1587710543, 1, 115, 857, 633, 0, 2.11%, 0, 0, 10, 461.67
1587710574, 1, 116, 857, 632, 0, 2.11%, 0, 0, 10, 480.50
1587710579, 1, 121, 857, 632, 0, 2.11%, 0, 0, 10, 470.35
1587710630, 1, 122, 857, 631, 0, 2.11%, 0, 0, 10, 454.82
1587710666, 1, 131, 857, 630, 0, 2.11%, 0, 0, 10, 456.78
1587710732, 1, 134, 857, 629, 0, 2.11%, 0, 0, 10, 451.17
1587710793, 1, 135, 857, 628, 0, 2.11%, 0, 0, 10, 441.54
1587710849, 1, 140, 857, 627, 0, 2.11%, 0, 0, 10, 460.43
1587710899, 1, 144, 857, 626, 0, 2.11%, 0, 0, 10, 471.43
1587710945, 1, 148, 857, 625, 0, 2.11%, 0, 0, 10, 473.44
1587711001, 1, 151, 857, 624, 0, 2.11%, 0, 0, 10, 411.46
1587711103, 1, 152, 857, 623, 0, 2.11%, 0, 0, 10, 405.90
1587711179, 1, 155, 857, 622, 0, 2.11%, 0, 0, 10, 427.55
1587711266, 1, 157, 857, 621, 0, 2.11%, 0, 0, 10, 434.18
1587711377, 1, 160, 857, 620, 0, 2.11%, 0, 0, 10, 406.29
1587711499, 1, 170, 857, 619, 0, 2.11%, 0, 0, 10, 429.77
1587711626, 1, 173, 857, 618, 0, 2.11%, 0, 0, 10, 423.58
1587711758, 1, 176, 857, 617, 0, 2.11%, 0, 0, 10, 434.95
1587711895, 1, 182, 857, 616, 0, 2.11%, 0, 0, 10, 425.30
1587711960, 1, 182, 858, 617, 0, 2.11%, 0, 0, 10, 468.45
1587711965, 1, 182, 859, 618, 0, 2.11%, 0, 0, 10, 469.31
1587711971, 1, 191, 859, 617, 0, 2.11%, 0, 0, 10, 443.59
1587712081, 1, 201, 859, 616, 0, 2.11%, 0, 0, 10, 436.29
1587712198, 1, 204, 859, 615, 0, 2.11%, 0, 0, 10, 419.41
1587712341, 1, 205, 859, 614, 0, 2.11%, 0, 0, 10, 423.37
1587712443, 1, 205, 860, 615, 0, 2.11%, 0, 0, 10, 424.06
1587712448, 1, 208, 860, 614, 0, 2.11%, 0, 0, 10, 402.47
1587712600, 1, 210, 860, 613, 0, 2.11%, 0, 0, 10, 400.75
1587712738, 1, 210, 862, 615, 0, 2.11%, 0, 0, 10, 426.32
1587712743, 1, 210, 864, 617, 0, 2.11%, 0, 0, 10, 426.08
1587712748, 1, 210, 867, 620, 0, 2.11%, 0, 0, 10, 435.52
1587712778, 1, 210, 868, 621, 0, 2.11%, 0, 0, 10, 430.83
1587712783, 1, 210, 869, 622, 0, 2.11%, 0, 0, 10, 402.07
1587712814, 1, 212, 870, 622, 0, 2.11%, 0, 0, 10, 410.77
1587712926, 1, 215, 870, 621, 0, 2.11%, 0, 0, 10, 439.65
1587713053, 1, 217, 870, 620, 0, 2.11%, 0, 0, 10, 421.88
1587713195, 1, 221, 870, 619, 0, 2.11%, 0, 0, 10, 402.03
1587713347, 1, 221, 872, 621, 0, 2.11%, 0, 0, 10, 421.50
1587713352, 1, 222, 872, 620, 0, 2.11%, 0, 0, 10, 422.73
1587713485, 1, 222, 873, 621, 0, 2.11%, 0, 0, 10, 407.01
1587713490, 1, 227, 873, 620, 0, 2.11%, 0, 0, 10, 401.57
1587713626, 1, 227, 874, 621, 0, 2.11%, 0, 0, 10, 409.51
1587713631, 1, 229, 874, 620, 0, 2.11%, 0, 0, 10, 389.77
1587713793, 1, 236, 874, 619, 0, 2.11%, 0, 0, 10, 371.31
1587713925, 1, 236, 875, 620, 0, 2.11%, 0, 0, 10, 423.67
1587713930, 1, 236, 877, 622, 0, 2.11%, 0, 0, 10, 429.25
1587713940, 1, 236, 880, 625, 0, 2.11%, 0, 0, 10, 367.56
1587713966, 1, 236, 881, 626, 0, 2.11%, 0, 0, 10, 413.72
1587714006, 1, 239, 881, 625, 0, 2.11%, 0, 0, 10, 407.54
1587714165, 1, 250, 881, 624, 0, 2.11%, 0, 0, 10, 428.38
1587714170, 1, 257, 881, 624, 0, 2.11%, 0, 0, 10, 441.15
1587714210, 1, 257, 882, 625, 0, 2.11%, 0, 0, 10, 452.28
1587714215, 1, 257, 883, 626, 0, 2.11%, 0, 0, 10, 484.52
1587714220, 1, 260, 883, 625, 0, 2.11%, 0, 0, 10, 442.47
1587714256, 1, 266, 883, 624, 0, 2.11%, 0, 0, 10, 490.48
1587714261, 1, 268, 883, 624, 0, 2.11%, 0, 0, 10, 447.14
1587714358, 1, 271, 884, 624, 0, 2.11%, 0, 0, 10, 491.90
1587714393, 1, 272, 884, 623, 0, 2.11%, 0, 0, 10, 468.12
1587714429, 1, 282, 884, 622, 0, 2.11%, 0, 0, 10, 462.86
1587714525, 1, 295, 884, 621, 0, 2.11%, 0, 0, 10, 451.56
1587714652, 1, 298, 884, 620, 0, 2.11%, 0, 0, 10, 447.31
1587714764, 1, 315, 884, 619, 0, 2.11%, 0, 0, 10, 434.85
1587714881, 1, 315, 885, 620, 0, 2.11%, 0, 0, 10, 459.32
1587714886, 1, 317, 885, 619, 0, 2.11%, 0, 0, 10, 427.88
1587715058, 1, 332, 885, 618, 0, 2.11%, 0, 0, 10, 417.01
1587715174, 1, 334, 886, 618, 0, 2.11%, 0, 0, 10, 439.20
1587715302, 1, 343, 886, 617, 0, 2.11%, 0, 0, 10, 427.61
1587715434, 1, 345, 886, 616, 0, 2.11%, 0, 0, 10, 430.32
1587715556, 1, 355, 886, 615, 0, 2.11%, 0, 0, 10, 395.30
1587715699, 1, 355, 887, 616, 0, 2.11%, 0, 0, 10, 417.10
1587715704, 1, 360, 887, 615, 0, 2.11%, 0, 0, 10, 411.03
1587715857, 1, 363, 887, 614, 0, 2.11%, 0, 0, 10, 398.63
1587715863, 1, 363, 888, 615, 0, 2.11%, 0, 0, 10, 379.35
1587716051, 1, 363, 889, 616, 0, 2.11%, 0, 0, 10, 368.74
1587716056, 1, 363, 894, 621, 0, 2.11%, 0, 0, 10, 370.86
1587716061, 1, 363, 896, 623, 0, 2.11%, 0, 0, 10, 394.21
1587716081, 1, 363, 898, 625, 0, 2.11%, 0, 0, 10, 391.75
1587716097, 1, 363, 899, 626, 0, 2.11%, 0, 0, 10, 387.60
1587716112, 1, 363, 900, 627, 0, 2.11%, 0, 0, 10, 376.84
1587716122, 1, 363, 901, 628, 0, 2.11%, 0, 0, 10, 369.13
1587716127, 1, 363, 902, 629, 0, 2.11%, 0, 0, 10, 385.73
1587716132, 1, 363, 903, 630, 0, 2.11%, 0, 0, 10, 399.87
1587716137, 1, 367, 903, 629, 0, 2.11%, 0, 0, 10, 384.48
1587716255, 1, 369, 903, 628, 0, 2.11%, 0, 0, 10, 418.67
1587716357, 1, 369, 904, 629, 0, 2.11%, 0, 0, 10, 460.84
1587716362, 1, 377, 904, 628, 0, 2.11%, 0, 0, 10, 437.56
1587716488, 1, 377, 906, 630, 0, 2.11%, 0, 0, 10, 450.07
1587716493, 1, 377, 908, 632, 0, 2.11%, 0, 0, 10, 434.95
1587716509, 1, 377, 909, 633, 0, 2.11%, 0, 0, 10, 444.82
1587716539, 1, 377, 910, 634, 0, 2.11%, 0, 0, 10, 416.31
1587716565, 1, 378, 910, 633, 0, 2.11%, 0, 0, 10, 421.52
1587716687, 1, 380, 910, 632, 0, 2.11%, 0, 0, 10, 419.93
1587716799, 1, 383, 910, 631, 0, 2.11%, 0, 0, 10, 422.70
1587716911, 1, 395, 910, 630, 0, 2.11%, 0, 0, 10, 428.75
1587717043, 1, 398, 911, 630, 0, 2.11%, 0, 0, 10, 438.57
1587717251, 1, 410, 911, 629, 0, 2.11%, 0, 0, 10, 378.43
1587717420, 1, 417, 911, 628, 0, 2.11%, 0, 0, 10, 410.06
1587717577, 1, 431, 911, 627, 0, 2.11%, 0, 0, 10, 469.70
1587717582, 1, 432, 911, 627, 0, 2.11%, 0, 0, 10, 468.53
1587717633, 1, 432, 912, 628, 0, 2.11%, 0, 0, 10, 484.62
1587717638, 1, 435, 912, 627, 0, 2.11%, 0, 0, 10, 475.61
1587717643, 1, 437, 913, 628, 0, 2.11%, 0, 0, 10, 445.73
1587717699, 1, 440, 913, 627, 0, 2.11%, 0, 0, 10, 478.17
1587717760, 1, 440, 915, 629, 0, 2.11%, 0, 0, 10, 21.48
1587717781, 1, 441, 915, 628, 0, 2.11%, 0, 0, 10, 442.15
1587717852, 1, 441, 916, 629, 0, 2.11%, 0, 0, 10, 446.98
1587717857, 1, 443, 916, 628, 0, 2.11%, 0, 0, 10, 466.70
1587717923, 1, 443, 917, 629, 0, 2.11%, 0, 0, 10, 441.52
1587717933, 1, 446, 917, 628, 0, 2.11%, 0, 0, 10, 469.64
1587717979, 1, 446, 918, 629, 0, 2.11%, 0, 0, 10, 495.60
1587717985, 1, 447, 918, 628, 0, 2.11%, 0, 0, 10, 478.18
1587718051, 1, 459, 918, 627, 0, 2.11%, 0, 0, 10, 384.00
1587718086, 1, 459, 919, 628, 0, 2.12%, 0, 0, 10, 453.51
1587718116, 1, 744, 919, 627, 1, 2.12%, 0, 0, 10, 421.87
1587718269, 1, 744, 921, 629, 1, 2.12%, 0, 0, 10, 412.72
1587718279, 1, 744, 923, 631, 1, 2.12%, 0, 0, 10, 432.01
1587718284, 1, 744, 924, 632, 1, 2.12%, 0, 0, 10, 428.98
1587718289, 1, 744, 925, 633, 1, 2.12%, 0, 0, 10, 433.07
1587718310, 1, 744, 926, 634, 1, 2.12%, 0, 0, 10, 420.68
1587718345, 1, 744, 927, 635, 1, 2.12%, 0, 0, 10, 224.88
1587718350, 1, 757, 927, 634, 1, 2.12%, 0, 0, 10, 393.70
1587718411, 1, 757, 929, 636, 1, 2.12%, 0, 0, 10, 462.42
1587718426, 1, 811, 929, 635, 1, 2.12%, 0, 0, 10, 440.45
1587718564, 1, 811, 930, 636, 1, 2.12%, 0, 0, 10, 427.74
1587718574, 1, 869, 930, 635, 1, 2.12%, 0, 0, 10, 348.68
1587719121, 1, 869, 931, 636, 1, 2.12%, 0, 0, 10, 290.18
1587719131, 1, 918, 931, 635, 1, 2.12%, 0, 0, 10, 374.51
1587719192, 1, 918, 933, 637, 1, 2.12%, 0, 0, 10, 466.53
1587719203, 1, 918, 934, 638, 1, 2.12%, 0, 0, 10, 453.27
1587719208, 1, 918, 935, 639, 1, 2.12%, 0, 0, 10, 465.66
1587719213, 1, 918, 937, 641, 1, 2.12%, 0, 0, 10, 475.99
1587719264, 1, 919, 937, 640, 0, 2.12%, 0, 0, 10, 388.89
1587719589, 1, 919, 939, 642, 0, 2.12%, 0, 0, 10, 345.14
1587719594, 1, 919, 940, 643, 0, 2.12%, 0, 0, 10, 350.05
1587719615, 1, 919, 941, 644, 0, 2.12%, 0, 0, 10, 341.34
1587719655, 1, 919, 942, 645, 0, 2.12%, 0, 0, 10, 356.21
1587719666, 1, 919, 943, 646, 0, 2.12%, 0, 0, 10, 356.34
1587719671, 1, 919, 944, 647, 0, 2.12%, 0, 0, 10, 356.93
1587719681, 1, 925, 944, 646, 0, 2.12%, 0, 0, 10, 341.28
1587719972, 1, 925, 945, 647, 0, 2.12%, 0, 0, 10, 376.41
1587719983, 1, 925, 946, 648, 0, 2.12%, 0, 0, 10, 382.92
1587719988, 1, 925, 947, 649, 0, 2.12%, 0, 0, 10, 366.19
1587720003, 1, 925, 950, 652, 0, 2.12%, 0, 0, 10, 370.83
1587720008, 1, 925, 951, 653, 0, 2.12%, 0, 0, 10, 366.74
1587720039, 1, 925, 952, 654, 0, 2.12%, 0, 0, 10, 358.92
1587720059, 1, 927, 952, 653, 0, 2.12%, 0, 0, 10, 417.51
1587720130, 1, 927, 953, 654, 0, 2.12%, 0, 0, 10, 455.08
1587720145, 1, 927, 954, 655, 0, 2.12%, 0, 0, 10, 42.20
1587720181, 1, 928, 954, 654, 0, 2.12%, 0, 0, 10, 398.17
1587720460, 1, 928, 955, 655, 0, 2.12%, 0, 0, 10, 233.63
1587720465, 1, 928, 956, 656, 0, 2.12%, 0, 0, 10, 356.54
1587720496, 1, 928, 957, 657, 0, 2.12%, 0, 0, 10, 372.22
1587720511, 1, 928, 959, 659, 0, 2.12%, 0, 0, 10, 385.83
1587720521, 1, 933, 960, 659, 0, 2.12%, 0, 0, 10, 350.94
1587720869, 1, 933, 961, 660, 0, 2.12%, 0, 0, 10, 346.74
1587720889, 1, 943, 962, 660, 0, 2.12%, 0, 0, 10, 306.10
1587721259, 1, 943, 963, 661, 0, 2.12%, 0, 0, 10, 312.71
1587721265, 1, 943, 964, 662, 0, 2.12%, 0, 0, 10, 341.61
1587721275, 1, 943, 965, 663, 0, 2.12%, 0, 0, 10, 325.93
1587721336, 1, 944, 965, 662, 0, 2.12%, 0, 0, 10, 327.40
1587721366, 1, 944, 966, 663, 0, 2.12%, 0, 0, 10, 324.28
1587721910, 1, 944, 970, 667, 0, 2.12%, 0, 0, 10, 358.77
1587721915, 1, 944, 974, 671, 0, 2.12%, 0, 0, 10, 348.44
1587721940, 1, 944, 975, 672, 0, 2.12%, 0, 0, 10, 281.34
1587721961, 1, 944, 976, 673, 0, 2.12%, 0, 0, 10, 336.90
1587721966, 1, 945, 976, 672, 0, 2.12%, 0, 0, 10, 273.36
1587721991, 1, 945, 977, 673, 0, 2.12%, 0, 0, 10, 247.03
1587722427, 1, 945, 978, 674, 0, 2.12%, 0, 0, 10, 249.55
1587722807, 1, 945, 981, 677, 0, 2.12%, 0, 0, 10, 263.31
1587722812, 1, 945, 982, 678, 0, 2.12%, 0, 0, 10, 280.57
1587722827, 1, 945, 983, 679, 0, 2.12%, 0, 0, 10, 265.56
1587722837, 1, 945, 984, 680, 0, 2.12%, 0, 0, 10, 277.41
1587722858, 1, 945, 986, 682, 0, 2.12%, 0, 0, 10, 281.80
1587722873, 1, 945, 987, 683, 0, 2.12%, 0, 0, 10, 279.74
1587722878, 1, 946, 987, 682, 0, 2.12%, 0, 0, 10, 290.98
1587723237, 1, 946, 988, 683, 0, 2.12%, 0, 0, 10, 301.57
1587723441, 1, 946, 989, 684, 0, 2.12%, 0, 0, 10, 335.46
1587723477, 1, 969, 989, 683, 0, 2.12%, 0, 0, 10, 315.32
1587724152, 1, 969, 990, 684, 0, 2.12%, 0, 0, 10, 322.92
1587724172, 1, 969, 992, 686, 0, 2.12%, 0, 0, 10, 320.56
1587724182, 1, 969, 993, 687, 0, 2.12%, 0, 0, 10, 330.78
1587724223, 1, 972, 994, 687, 0, 2.12%, 0, 0, 10, 317.16
1587725076, 1, 972, 995, 688, 0, 2.12%, 0, 0, 10, 307.18
1587725081, 1, 972, 997, 690, 0, 2.12%, 0, 0, 10, 314.01
1587725086, 1, 972, 999, 692, 0, 2.12%, 0, 0, 10, 306.85
1587725101, 1, 972, 1000, 693, 0, 2.12%, 0, 0, 10, 311.17
1587725106, 1, 972, 1001, 694, 0, 2.12%, 0, 0, 10, 302.21
1587725131, 1, 972, 1002, 695, 0, 2.12%, 0, 0, 10, 307.97
1587725137, 1, 972, 1003, 696, 0, 2.12%, 0, 0, 10, 304.96
1587725157, 1, 973, 1003, 695, 0, 2.12%, 0, 0, 10, 304.93
1587725811, 1, 974, 1003, 694, 0, 2.12%, 0, 0, 10, 363.67
1587726192, 1, 988, 1003, 693, 0, 2.12%, 0, 0, 10, 353.80
1587726258, 1, 988, 1004, 694, 0, 2.12%, 0, 0, 10, 304.15
1587726482, 1, 988, 1005, 695, 0, 2.12%, 0, 0, 10, 312.34
1587726487, 1, 988, 1006, 696, 0, 2.12%, 0, 0, 10, 311.65
1587726716, 1, 988, 1008, 698, 0, 2.12%, 0, 0, 10, 316.73
1587726726, 1, 988, 1009, 699, 0, 2.12%, 0, 0, 10, 323.11
1587726732, 1, 988, 1010, 700, 0, 2.12%, 0, 0, 10, 332.46
1587726737, 1, 988, 1011, 701, 0, 2.12%, 0, 0, 10, 301.65
1587726778, 1, 991, 1011, 700, 0, 2.12%, 0, 0, 10, 313.99
1587726793, 1, 991, 1012, 701, 0, 2.12%, 0, 0, 11, 305.77
1587727543, 1, 997, 1012, 700, 0, 2.12%, 0, 0, 11, 302.11
1587727614, 1, 997, 1013, 701, 0, 2.12%, 0, 0, 11, 305.35
1587728381, 1, 997, 1015, 703, 0, 2.12%, 0, 0, 11, 304.13
1587728386, 1, 997, 1019, 707, 0, 2.12%, 0, 0, 11, 312.96
1587728391, 1, 997, 1022, 710, 0, 2.12%, 0, 0, 11, 295.70
1587728401, 1, 997, 1023, 711, 0, 2.12%, 0, 0, 11, 322.16
1587728411, 1, 997, 1026, 714, 0, 2.12%, 0, 0, 11, 310.23
1587728442, 1, 997, 1027, 715, 0, 2.12%, 0, 0, 11, 320.83
1587728447, 1, 997, 1029, 717, 0, 2.12%, 0, 0, 11, 320.31
1587728453, 1, 997, 1030, 718, 0, 2.12%, 0, 0, 11, 321.00
1587728458, 1, 1012, 1030, 717, 1, 2.12%, 0, 0, 11, 314.59
1587729270, 1, 1012, 1032, 719, 1, 2.13%, 0, 0, 12, 300.50
1587729321, 1, 1012, 1033, 720, 1, 2.13%, 0, 0, 12, 315.25
1587729331, 1, 1030, 1033, 719, 1, 2.13%, 0, 0, 12, 316.88
1587729341, 1, 1030, 1034, 720, 1, 2.13%, 0, 0, 13, 344.68
1587729346, 1, 1030, 1036, 722, 1, 2.13%, 0, 0, 13, 341.78
1587730096, 1, 1030, 1043, 729, 1, 2.14%, 0, 0, 13, 324.14
1587730101, 1, 1030, 1048, 734, 1, 2.14%, 0, 0, 13, 333.57
1587730106, 1, 1030, 1051, 737, 1, 2.14%, 0, 0, 13, 324.69
1587730111, 1, 1030, 1054, 740, 1, 2.14%, 0, 0, 13, 336.56
1587730121, 1, 1030, 1056, 742, 1, 2.14%, 0, 0, 13, 336.79
1587730126, 1, 1030, 1057, 743, 1, 2.15%, 0, 0, 13, 322.56
1587730131, 1, 1030, 1059, 745, 1, 2.15%, 0, 0, 13, 324.69
1587730167, 1, 1030, 1062, 748, 1, 2.15%, 0, 0, 13, 255.51
1587730177, 1, 1030, 1064, 750, 1, 2.15%, 0, 0, 13, 343.17
1587730182, 1, 1033, 1064, 749, 9, 2.15%, 0, 0, 13, 341.02
1587731003, 1, 1033, 1065, 750, 9, 2.15%, 0, 0, 14, 334.33
1587731018, 1, 1033, 1067, 752, 9, 2.15%, 0, 0, 14, 326.04
1587731029, 1, 1033, 1069, 754, 9, 2.15%, 0, 0, 14, 338.10
1587731074, 1, 1033, 1071, 756, 9, 2.15%, 0, 0, 14, 302.93
1587731079, 1, 1036, 1071, 755, 9, 2.15%, 0, 0, 14, 321.09
1587731579, 1, 1038, 1071, 754, 8, 2.15%, 0, 0, 14, 336.99
1587732542, 1, 1038, 1073, 756, 8, 2.15%, 0, 0, 14, 333.24
1587732558, 1, 1038, 1074, 757, 8, 2.15%, 0, 0, 14, 334.61
1587732578, 1, 1038, 1075, 758, 8, 2.15%, 0, 0, 14, 320.87
1587732604, 1, 1038, 1076, 759, 8, 2.15%, 0, 0, 14, 328.77
1587732614, 1, 1046, 1076, 758, 9, 2.15%, 0, 0, 14, 361.84
1587733232, 1, 1052, 1076, 757, 8, 2.15%, 0, 0, 14, 375.69
1587733299, 1, 1052, 1077, 758, 8, 2.15%, 0, 0, 14, 316.53
1587734181, 1, 1052, 1078, 759, 8, 2.16%, 0, 0, 14, 315.23
1587734196, 1, 1052, 1079, 760, 8, 2.16%, 0, 0, 14, 321.07
1587734211, 1, 1052, 1080, 761, 8, 2.16%, 0, 0, 14, 320.05
1587734247, 1, 1052, 1081, 762, 8, 2.16%, 0, 0, 14, 324.09
1587734257, 1, 1055, 1081, 761, 9, 2.16%, 0, 0, 14, 323.91
1587735102, 1, 1056, 1081, 760, 8, 2.16%, 0, 0, 14, 359.39
1587735645, 1, 1058, 1081, 759, 7, 2.16%, 0, 0, 14, 349.10
1587736385, 1, 1062, 1081, 758, 6, 2.16%, 0, 0, 14, 322.07
1587737307, 1, 1062, 1082, 759, 6, 2.16%, 0, 0, 14, 342.60
1587737327, 1, 1063, 1082, 758, 6, 2.16%, 0, 0, 14, 342.62
1587738040, 1, 1063, 1083, 759, 6, 2.16%, 0, 0, 14, 346.08
1587738075, 1, 1070, 1083, 758, 5, 2.16%, 0, 0, 14, 351.52
1587738582, 1, 1070, 1084, 759, 5, 2.16%, 0, 0, 15, 391.98
1587738623, 1, 1074, 1084, 758, 4, 2.16%, 0, 0, 15, 329.20
1587739895, 1, 1074, 1086, 760, 4, 2.16%, 0, 0, 15, 305.36
1587739910, 1, 1074, 1088, 762, 4, 2.16%, 0, 0, 15, 300.82
1587739915, 1, 1074, 1089, 763, 4, 2.16%, 0, 0, 15, 310.44
1587739925, 1, 1074, 1090, 764, 4, 2.16%, 0, 0, 15, 308.62
1587739931, 1, 1074, 1092, 766, 4, 2.16%, 0, 0, 15, 311.33
1587739946, 1, 1074, 1093, 767, 4, 2.16%, 0, 0, 15, 296.83
1587739976, 1, 1075, 1093, 766, 4, 2.16%, 0, 0, 15, 282.79
1587741065, 1, 1075, 1094, 767, 4, 2.16%, 0, 0, 15, 307.05
1587741086, 1, 1075, 1095, 768, 4, 2.16%, 0, 0, 15, 314.27
1587741111, 1, 1075, 1096, 769, 4, 2.16%, 0, 0, 15, 304.29
1587741162, 1, 1075, 1097, 770, 4, 2.16%, 0, 0, 15, 275.41
1587741167, 1, 1077, 1097, 769, 3, 2.16%, 0, 0, 15, 312.50
1587741941, 1, 1077, 1098, 770, 3, 2.16%, 0, 0, 15, 323.25
1587741987, 1, 1085, 1098, 769, 2, 2.16%, 0, 0, 15, 316.45
1587742935, 1, 1090, 1098, 768, 1, 2.16%, 0, 0, 15, 296.17
1587744437, 1, 1090, 1099, 769, 1, 2.16%, 0, 0, 16, 274.18
1587744442, 1, 1090, 1100, 770, 1, 2.16%, 0, 0, 16, 258.06
1587744488, 1, 1090, 1101, 771, 1, 2.16%, 0, 0, 16, 204.43
1587744498, 1, 1090, 1102, 772, 1, 2.16%, 0, 0, 16, 213.17
1587744524, 1, 1090, 1103, 773, 1, 2.16%, 0, 0, 16, 272.59
1587744534, 1, 1090, 1104, 774, 1, 2.17%, 0, 0, 16, 279.00
1587744544, 1, 1090, 1105, 775, 1, 2.17%, 0, 0, 16, 281.35
1587744554, 1, 1093, 1106, 775, 4, 2.17%, 0, 0, 16, 277.23
1587745587, 1, 1093, 1107, 776, 4, 2.17%, 0, 0, 16, 310.94
1587745602, 1, 1093, 1108, 777, 4, 2.17%, 0, 0, 16, 324.23
1587745643, 1, 1093, 1109, 778, 4, 2.17%, 0, 0, 16, 319.92
1587745684, 1, 1098, 1109, 777, 4, 2.17%, 0, 0, 16, 308.05
1587747058, 1, 1100, 1109, 776, 3, 2.17%, 0, 0, 16, 317.38
1587747074, 1, 1100, 1110, 777, 3, 2.17%, 0, 0, 17, 313.60
1587747130, 1, 1100, 1111, 778, 3, 2.17%, 0, 0, 17, 316.69
1587748302, 1, 1100, 1112, 779, 3, 2.17%, 0, 0, 17, 306.34
1587748348, 1, 1101, 1112, 778, 3, 2.17%, 0, 0, 17, 290.63
1587749759, 1, 1101, 1113, 779, 3, 2.17%, 0, 0, 17, 300.77
1587749789, 1, 1103, 1113, 778, 2, 2.17%, 0, 0, 17, 292.70
1587749799, 1, 1103, 1114, 779, 2, 2.17%, 0, 0, 17, 280.51
1587749820, 1, 1103, 1115, 780, 2, 2.17%, 0, 0, 17, 284.52
1587751182, 1, 1103, 1116, 781, 2, 2.17%, 0, 0, 17, 295.64
1587751187, 1, 1103, 1117, 782, 2, 2.17%, 0, 0, 17, 287.51
1587751207, 1, 1103, 1118, 783, 2, 2.17%, 0, 0, 17, 291.55
1587751227, 1, 1103, 1119, 784, 2, 2.17%, 0, 0, 17, 297.70
1587751289, 1, 1110, 1119, 783, 1, 2.17%, 0, 0, 17, 294.39
1587751319, 1, 1110, 1120, 784, 1, 2.17%, 0, 0, 18, 312.71
1587752556, 1, 1111, 1120, 783, 0, 2.17%, 0, 0, 18, 300.43
1587752576, 1, 1111, 1121, 784, 0, 2.17%, 0, 0, 18, 301.48
1587753885, 1, 1111, 1122, 785, 0, 2.17%, 0, 0, 18, 307.14
1587753900, 1, 1111, 1123, 786, 0, 2.17%, 0, 0, 18, 312.89
1587753961, 1, 1113, 1123, 785, 0, 2.17%, 0, 0, 18, 278.76
1587755411, 1, 1114, 1123, 784, 0, 2.17%, 0, 0, 18, 291.19
1587756624, 1, 1120, 1123, 783, 0, 2.17%, 0, 0, 18, 310.41
1587757937, 1, 1120, 1124, 784, 0, 2.17%, 0, 0, 19, 288.70
1587757968, 1, 1120, 1125, 785, 0, 2.17%, 0, 0, 19, 293.58
1587758013, 2, 2, 1129, 788, 0, 2.17%, 0, 0, 19, 325.48
1587758023, 2, 128, 1129, 788, 1, 2.17%, 0, 0, 19, 410.63
1587758090, 2, 150, 1129, 787, 1, 2.17%, 0, 0, 19, 415.53
1587758191, 2, 213, 1129, 786, 1, 2.17%, 0, 0, 19, 432.61
1587758282, 2, 357, 1129, 785, 1, 2.17%, 0, 0, 19, 417.67
1587758414, 2, 357, 1130, 786, 1, 2.17%, 0, 0, 19, 405.48
1587758419, 2, 357, 1132, 788, 1, 2.17%, 0, 0, 19, 377.08
1587758425, 2, 357, 1135, 791, 1, 2.17%, 0, 0, 19, 375.25
1587758430, 2, 357, 1137, 793, 1, 2.17%, 0, 0, 19, 367.36
1587758435, 2, 357, 1138, 794, 1, 2.17%, 0, 0, 19, 411.23
1587758440, 2, 357, 1140, 796, 1, 2.17%, 0, 0, 19, 405.47
1587758445, 2, 357, 1143, 799, 1, 2.17%, 0, 0, 19, 383.35
1587758450, 2, 357, 1144, 800, 1, 2.17%, 0, 0, 19, 389.71
1587758471, 2, 357, 1145, 801, 1, 2.17%, 0, 0, 19, 302.29
1587758476, 2, 357, 1146, 802, 1, 2.17%, 0, 0, 19, 367.41
1587758502, 2, 573, 1146, 801, 1, 2.17%, 0, 0, 19, 390.71
1587758507, 2, 733, 1146, 801, 1, 2.17%, 0, 0, 19, 421.88
1587758648, 2, 733, 1151, 806, 1, 2.18%, 0, 0, 19, 391.53
1587758659, 2, 733, 1154, 809, 1, 2.18%, 0, 0, 19, 387.60
1587758669, 2, 733, 1155, 810, 1, 2.18%, 0, 0, 19, 386.26
1587758679, 2, 733, 1156, 811, 1, 2.18%, 0, 0, 19, 371.19
1587758684, 2, 733, 1157, 812, 1, 2.18%, 0, 0, 19, 363.84
1587758705, 2, 733, 1158, 813, 1, 2.18%, 0, 0, 19, 64.75
1587758720, 2, 733, 1159, 814, 1, 2.18%, 0, 0, 19, 288.39
1587758725, 2, 733, 1160, 815, 1, 2.18%, 0, 0, 19, 352.06
1587758751, 2, 747, 1160, 814, 2, 2.18%, 0, 0, 19, 349.98
1587758913, 2, 782, 1160, 813, 2, 2.18%, 0, 0, 19, 407.47
1587759066, 2, 782, 1161, 814, 2, 2.18%, 0, 0, 19, 390.12
1587759072, 2, 782, 1162, 815, 2, 2.18%, 0, 0, 19, 382.33
1587759082, 2, 782, 1164, 817, 2, 2.18%, 0, 0, 19, 384.65
1587759108, 2, 782, 1166, 819, 2, 2.18%, 0, 0, 19, 394.11
1587759118, 2, 782, 1167, 820, 2, 2.18%, 0, 0, 19, 383.68
1587759128, 2, 782, 1168, 821, 2, 2.18%, 0, 0, 19, 358.06
1587759153, 2, 848, 1168, 820, 2, 2.18%, 0, 0, 19, 317.56
1587759711, 2, 848, 1171, 823, 2, 2.18%, 0, 0, 19, 293.96
1587759716, 2, 848, 1174, 826, 2, 2.18%, 0, 0, 19, 289.97
1587759721, 2, 848, 1175, 827, 2, 2.18%, 0, 0, 19, 302.13
1587759732, 2, 848, 1177, 829, 2, 2.18%, 0, 0, 19, 292.23
1587759737, 2, 848, 1179, 831, 2, 2.18%, 0, 0, 19, 269.08
1587759742, 2, 848, 1180, 832, 2, 2.18%, 0, 0, 19, 297.83
1587759788, 2, 848, 1181, 833, 2, 2.18%, 0, 0, 19, 266.74
1587759814, 2, 848, 1182, 834, 2, 2.18%, 0, 0, 19, 288.93
1587759829, 2, 1031, 1182, 833, 2, 2.18%, 0, 0, 19, 289.68
1587760729, 2, 1031, 1184, 835, 2, 2.18%, 0, 0, 19, 267.63
1587760734, 2, 1031, 1187, 838, 2, 2.18%, 0, 0, 19, 259.19
1587760739, 2, 1031, 1189, 840, 2, 2.18%, 0, 0, 19, 281.55
1587760744, 2, 1031, 1192, 843, 2, 2.18%, 0, 0, 19, 189.05
1587760749, 2, 1031, 1193, 844, 2, 2.18%, 0, 0, 19, 261.89
1587760754, 2, 1031, 1196, 847, 2, 2.18%, 0, 0, 19, 264.49
1587760759, 2, 1031, 1197, 848, 2, 2.18%, 0, 0, 19, 280.93
1587760769, 2, 1031, 1198, 849, 2, 2.18%, 0, 0, 19, 291.02
1587760784, 2, 1031, 1199, 850, 2, 2.18%, 0, 0, 19, 283.92
1587760790, 2, 1031, 1200, 851, 2, 2.18%, 0, 0, 19, 267.16
1587760820, 2, 1129, 1201, 851, 2, 2.18%, 0, 0, 19, 315.75
1587761328, 2, 1129, 1204, 854, 2, 2.18%, 0, 0, 19, 328.88
1587761333, 2, 1129, 1212, 862, 2, 2.18%, 0, 0, 19, 326.75
1587761338, 2, 1129, 1214, 864, 2, 2.18%, 0, 0, 19, 326.96
1587761344, 2, 1129, 1218, 868, 2, 2.18%, 0, 0, 19, 326.80
1587761349, 2, 1129, 1223, 873, 2, 2.18%, 0, 0, 19, 321.99
1587761354, 2, 1129, 1226, 876, 2, 2.18%, 0, 0, 19, 318.49
1587761359, 2, 1129, 1227, 877, 2, 2.18%, 0, 0, 19, 333.38
1587761379, 2, 1129, 1228, 878, 2, 2.18%, 0, 0, 19, 335.46
1587761395, 2, 1129, 1229, 879, 2, 2.18%, 0, 0, 19, 314.99
1587761400, 2, 1129, 1230, 880, 2, 2.18%, 0, 0, 19, 311.96
1587761405, 2, 1156, 1230, 879, 3, 2.18%, 0, 0, 19, 279.56
1587762903, 2, 1156, 1231, 880, 3, 2.18%, 0, 0, 19, 114.32
1587766190, 2, 1156, 1232, 881, 3, 2.18%, 0, 0, 19, 127.53
1587766221, 2, 1157, 1232, 880, 2, 2.18%, 0, 0, 19, 124.12
1587766236, 2, 1157, 1234, 882, 2, 2.18%, 0, 0, 19, 121.03
1587766241, 2, 1157, 1235, 883, 2, 2.18%, 0, 0, 19, 122.10
1587766246, 2, 1157, 1236, 884, 2, 2.18%, 0, 0, 19, 122.49
1587766287, 2, 1157, 1237, 885, 2, 2.18%, 0, 0, 19, 123.30
1587766630, 2, 1157, 1238, 886, 2, 2.18%, 0, 0, 19, 122.60
1587769122, 2, 1157, 1239, 887, 2, 2.18%, 0, 0, 19, 129.62
1587769240, 2, 1157, 1240, 888, 2, 2.18%, 0, 0, 19, 126.51
1587769348, 2, 1157, 1241, 889, 2, 2.18%, 0, 0, 19, 125.45
1587769369, 2, 1157, 1243, 891, 2, 2.18%, 0, 0, 19, 128.61
1587769389, 2, 1157, 1245, 893, 2, 2.18%, 0, 0, 19, 122.71
1587769405, 2, 1157, 1246, 894, 2, 2.18%, 0, 0, 19, 122.75
1587769420, 2, 1157, 1248, 896, 2, 2.18%, 0, 0, 19, 126.33
1587769436, 2, 1157, 1249, 897, 2, 2.18%, 0, 0, 19, 126.91
1587769451, 2, 1157, 1251, 899, 2, 2.19%, 0, 0, 19, 127.57
1587769456, 2, 1157, 1252, 900, 2, 2.19%, 0, 0, 19, 129.21
1587769477, 2, 1157, 1253, 901, 2, 2.19%, 0, 0, 19, 129.02
1587769482, 2, 1157, 1255, 903, 2, 2.19%, 0, 0, 19, 129.63
1587769498, 2, 1157, 1256, 904, 2, 2.19%, 0, 0, 19, 127.68
1587769513, 2, 1157, 1257, 905, 2, 2.19%, 0, 0, 19, 128.90
1587769549, 2, 1157, 1258, 906, 2, 2.19%, 0, 0, 19, 128.75
1587769642, 2, 1157, 1259, 907, 2, 2.19%, 0, 0, 19, 126.63
1587769683, 2, 1157, 1261, 909, 2, 2.19%, 0, 0, 19, 118.89
1587769755, 2, 1157, 1262, 910, 2, 2.19%, 0, 0, 19, 129.07
1587769847, 2, 1157, 1263, 911, 2, 2.19%, 0, 0, 19, 128.19
1587769899, 2, 1157, 1265, 913, 2, 2.19%, 0, 0, 19, 127.10
1587769945, 2, 1157, 1267, 915, 2, 2.19%, 0, 0, 19, 122.81
1587769991, 2, 1157, 1268, 916, 2, 2.19%, 0, 0, 19, 126.53
1587770053, 2, 1157, 1270, 918, 2, 2.19%, 0, 0, 19, 125.56
1587770722, 2, 1157, 1271, 919, 2, 2.19%, 0, 0, 19, 128.36
1587772434, 2, 1157, 1284, 932, 2, 2.19%, 0, 0, 19, 141.60
1587772439, 2, 1157, 1285, 933, 2, 2.19%, 0, 0, 19, 141.54
1587772444, 2, 1157, 1288, 936, 2, 2.19%, 0, 0, 19, 149.17
1587772449, 2, 1157, 1290, 938, 2, 2.19%, 0, 0, 19, 140.36
1587772455, 2, 1157, 1294, 942, 2, 2.19%, 0, 0, 19, 140.32
1587772460, 2, 1157, 1295, 943, 2, 2.19%, 0, 0, 19, 144.06
1587772465, 2, 1157, 1297, 945, 2, 2.19%, 0, 0, 19, 146.63
1587772491, 2, 1157, 1298, 946, 2, 2.19%, 0, 0, 19, 148.55
1587772496, 2, 1157, 1300, 948, 2, 2.19%, 0, 0, 19, 143.82
1587772506, 2, 1157, 1301, 949, 2, 2.19%, 0, 0, 19, 141.04
1587772521, 2, 1157, 1302, 950, 2, 2.19%, 0, 0, 19, 140.54
1587772531, 2, 1157, 1303, 951, 2, 2.19%, 0, 0, 19, 135.06
1587772572, 2, 1157, 1304, 952, 2, 2.19%, 0, 0, 19, 141.19
1587772593, 2, 1157, 1305, 953, 2, 2.19%, 0, 0, 19, 142.08
1587772608, 2, 1157, 1306, 954, 2, 2.19%, 0, 0, 19, 95.15
1587772660, 2, 1157, 1307, 955, 2, 2.19%, 0, 0, 19, 147.10
1587772665, 2, 1205, 1307, 954, 5, 2.19%, 0, 0, 19, 255.58
1587773446, 2, 1205, 1308, 955, 5, 2.19%, 0, 0, 19, 10.30
1587773467, 2, 1205, 1309, 956, 5, 2.19%, 0, 0, 19, 273.04
1587773472, 2, 1205, 1312, 959, 5, 2.19%, 0, 0, 19, 273.57
1587773482, 2, 1205, 1313, 960, 5, 2.19%, 0, 0, 19, 298.37
1587773497, 2, 1205, 1315, 962, 5, 2.19%, 0, 0, 19, 284.43
1587773507, 2, 1205, 1316, 963, 5, 2.19%, 0, 0, 19, 295.13
1587773528, 2, 1205, 1317, 964, 5, 2.19%, 0, 0, 19, 285.23
1587773553, 2, 1205, 1318, 965, 5, 2.19%, 0, 0, 19, 301.22
1587773569, 2, 1263, 1318, 964, 6, 2.19%, 0, 0, 19, 189.86
1587773640, 2, 1263, 1319, 965, 6, 2.19%, 0, 0, 19, 126.93
