# unix_time, cycles_done, cur_path, paths_total, pending_total, pending_favs, map_size, unique_crashes, unique_hangs, max_depth, execs_per_sec
1587480200, 0, 0, 1, 1, 1, 0.07%, 0, 0, 1, 347.83
1587480205, 0, 0, 5, 5, 1, 0.13%, 0, 1, 2, 706.84
1587480210, 0, 0, 8, 8, 1, 0.14%, 0, 1, 2, 691.01
1587480215, 0, 0, 10, 10, 1, 0.14%, 0, 1, 2, 700.79
1587480230, 0, 0, 11, 11, 1, 0.17%, 0, 2, 2, 698.74
1587480250, 0, 1, 11, 10, 5, 0.17%, 0, 2, 2, 681.67
1587480255, 0, 3, 13, 11, 5, 0.22%, 0, 2, 3, 665.55
1587480260, 0, 6, 14, 10, 5, 0.23%, 0, 2, 3, 652.65
1587480265, 0, 11, 15, 9, 3, 0.25%, 0, 2, 4, 666.51
1587480271, 0, 12, 21, 14, 5, 0.26%, 0, 3, 4, 645.35
1587480276, 0, 12, 22, 15, 5, 0.26%, 0, 5, 4, 686.45
1587480281, 0, 13, 25, 17, 4, 0.26%, 0, 6, 4, 635.75
1587480286, 0, 13, 25, 17, 4, 0.26%, 0, 7, 4, 664.39
1587480291, 0, 13, 26, 18, 4, 0.26%, 0, 7, 4, 667.53
1587480296, 0, 13, 28, 20, 4, 0.27%, 0, 7, 4, 655.31
1587480301, 0, 13, 29, 21, 4, 0.27%, 0, 7, 4, 642.97
1587480327, 0, 13, 30, 22, 4, 0.27%, 0, 7, 4, 662.60
1587480332, 0, 14, 30, 21, 4, 0.27%, 0, 7, 4, 646.97
1587480337, 0, 20, 31, 21, 4, 0.28%, 0, 7, 5, 661.40
1587480342, 0, 20, 31, 21, 4, 0.28%, 0, 8, 5, 642.67
1587480347, 0, 22, 32, 21, 3, 0.28%, 0, 8, 5, 643.89
1587480353, 0, 27, 32, 20, 2, 0.28%, 0, 8, 5, 667.28
1587480363, 0, 30, 32, 19, 1, 0.28%, 0, 9, 5, 677.90
1587480368, 0, 30, 33, 20, 1, 0.29%, 0, 10, 6, 570.70
1587480373, 0, 32, 36, 22, 1, 0.33%, 0, 10, 7, 627.03
1587480378, 0, 32, 39, 25, 1, 0.34%, 0, 10, 7, 672.97
1587480383, 0, 33, 39, 24, 5, 0.34%, 0, 10, 7, 656.35
1587480388, 0, 33, 39, 24, 5, 0.34%, 0, 11, 7, 79.79
1587480393, 0, 33, 42, 27, 5, 0.35%, 0, 11, 8, 665.25
1587480404, 0, 34, 42, 26, 5, 0.35%, 0, 11, 8, 682.87
1587480409, 0, 34, 45, 29, 5, 0.35%, 0, 12, 8, 639.18
1587480414, 0, 34, 48, 32, 5, 0.35%, 0, 12, 8, 666.19
1587480424, 0, 34, 49, 33, 5, 0.35%, 0, 12, 8, 656.76
1587480449, 0, 35, 50, 33, 7, 0.35%, 0, 12, 8, 646.59
1587480454, 0, 35, 51, 34, 7, 0.35%, 0, 12, 8, 596.76
1587480470, 0, 36, 51, 33, 7, 0.35%, 0, 12, 8, 630.93
1587480475, 0, 36, 52, 34, 7, 0.36%, 0, 13, 8, 618.93
1587480480, 0, 37, 53, 34, 7, 0.36%, 0, 13, 8, 655.02
1587480486, 0, 39, 54, 34, 6, 0.36%, 0, 14, 8, 30.81
1587480491, 0, 39, 55, 35, 6, 0.36%, 0, 14, 9, 666.14
1587480496, 0, 42, 55, 34, 5, 0.36%, 0, 14, 9, 644.75
1587480501, 0, 42, 55, 34, 5, 0.36%, 0, 15, 9, 643.48
1587480511, 0, 44, 55, 33, 4, 0.36%, 0, 15, 9, 628.91
1587480521, 0, 51, 56, 33, 3, 0.36%, 0, 15, 9, 619.81
1587480527, 0, 51, 58, 35, 3, 0.37%, 0, 15, 9, 632.31
1587480532, 0, 53, 59, 35, 3, 0.37%, 0, 15, 9, 623.12
1587480547, 0, 54, 59, 34, 3, 0.37%, 0, 16, 9, 618.77
1587480562, 0, 55, 59, 33, 2, 0.37%, 0, 16, 9, 637.51
1587480567, 0, 55, 60, 34, 2, 0.38%, 0, 16, 10, 633.39
1587480572, 0, 55, 61, 35, 2, 0.38%, 0, 16, 10, 610.50
1587480587, 0, 56, 62, 35, 2, 0.38%, 0, 16, 10, 616.21
1587480592, 0, 56, 64, 37, 2, 0.38%, 0, 16, 10, 612.84
1587480598, 0, 56, 64, 37, 2, 0.38%, 0, 17, 10, 548.04
1587480603, 0, 56, 65, 38, 2, 0.38%, 0, 17, 10, 581.77
1587480613, 0, 56, 65, 38, 2, 0.38%, 0, 18, 10, 559.55
1587480618, 0, 56, 66, 39, 2, 0.38%, 0, 18, 10, 592.06
1587480623, 0, 56, 66, 39, 2, 0.38%, 0, 19, 10, 21.62
1587480628, 0, 56, 67, 40, 2, 0.38%, 0, 19, 10, 597.31
1587480639, 0, 59, 68, 40, 4, 0.38%, 0, 19, 11, 605.27
1587480644, 0, 59, 69, 41, 4, 0.39%, 0, 19, 11, 626.92
1587480649, 0, 59, 71, 43, 4, 0.39%, 0, 19, 11, 618.25
1587480654, 0, 59, 74, 46, 4, 0.39%, 0, 19, 11, 592.28
1587480659, 0, 59, 75, 47, 4, 0.39%, 0, 19, 11, 477.71
1587480664, 0, 59, 77, 49, 4, 0.39%, 0, 19, 11, 577.79
1587480669, 0, 59, 78, 50, 4, 0.39%, 0, 20, 11, 625.70
1587480674, 0, 59, 78, 50, 4, 0.39%, 0, 21, 11, 583.14
1587480690, 0, 59, 79, 51, 4, 0.39%, 0, 21, 11, 613.21
1587480695, 0, 61, 79, 50, 4, 0.39%, 0, 21, 11, 623.28
1587480700, 0, 61, 79, 50, 4, 0.39%, 0, 22, 11, 422.59
1587480705, 0, 65, 80, 50, 3, 0.39%, 0, 22, 11, 588.67
1587480710, 0, 65, 81, 51, 3, 0.39%, 0, 22, 11, 621.23
1587480721, 0, 65, 82, 52, 3, 0.39%, 0, 22, 11, 637.65
1587480726, 0, 65, 83, 53, 3, 0.39%, 0, 22, 11, 600.71
1587480731, 0, 65, 84, 54, 3, 0.39%, 0, 22, 11, 604.76
1587480736, 0, 65, 85, 55, 3, 0.39%, 0, 22, 11, 592.12
1587480751, 0, 65, 86, 56, 3, 0.39%, 0, 22, 11, 578.97
1587480766, 0, 68, 86, 55, 3, 0.39%, 0, 22, 11, 402.94
1587480776, 0, 68, 87, 56, 3, 0.39%, 0, 22, 12, 576.69
1587480782, 0, 68, 88, 57, 3, 0.39%, 0, 22, 12, 585.52
1587480797, 0, 72, 88, 56, 2, 0.39%, 0, 22, 12, 622.08
1587480802, 0, 72, 89, 57, 2, 0.39%, 0, 22, 12, 631.48
1587480817, 0, 72, 90, 58, 2, 0.39%, 0, 22, 12, 607.22
1587480822, 0, 72, 91, 59, 2, 0.39%, 0, 22, 12, 605.62
1587480832, 0, 72, 92, 60, 2, 0.39%, 0, 22, 12, 616.63
1587480843, 0, 72, 93, 61, 2, 0.39%, 0, 23, 12, 619.11
1587480848, 0, 72, 93, 61, 2, 0.39%, 0, 24, 12, 600.00
1587480858, 0, 79, 94, 61, 1, 0.39%, 0, 24, 12, 620.90
1587480868, 0, 79, 95, 62, 1, 0.39%, 0, 24, 12, 611.46
1587480873, 0, 94, 95, 61, 1, 0.39%, 0, 24, 12, 570.96
1587480894, 1, 5, 95, 60, 0, 0.39%, 0, 24, 12, 586.59
1587480899, 1, 7, 95, 60, 0, 0.39%, 0, 24, 12, 621.40
1587480909, 1, 14, 95, 59, 0, 0.39%, 0, 24, 12, 580.81
1587480914, 1, 19, 95, 59, 0, 0.39%, 0, 24, 12, 594.76
1587480919, 1, 21, 95, 58, 0, 0.39%, 0, 24, 12, 625.22
1587480925, 1, 21, 96, 59, 0, 0.39%, 0, 24, 12, 605.07
1587480930, 1, 26, 96, 58, 0, 0.39%, 0, 24, 12, 623.92
1587480940, 1, 28, 96, 57, 0, 0.39%, 0, 24, 12, 623.78
1587480950, 1, 29, 96, 56, 0, 0.39%, 0, 24, 12, 604.94
1587480965, 1, 31, 96, 55, 0, 0.39%, 0, 24, 12, 614.50
1587480975, 1, 31, 97, 56, 0, 0.39%, 0, 24, 12, 598.23
1587480980, 1, 39, 97, 55, 0, 0.39%, 0, 24, 12, 617.84
1587480986, 1, 48, 97, 55, 0, 0.39%, 0, 24, 12, 633.39
1587480996, 1, 48, 97, 55, 0, 0.39%, 0, 25, 12, 649.97
1587481001, 1, 48, 100, 58, 0, 0.39%, 0, 25, 12, 635.60
1587481037, 1, 49, 101, 58, 0, 0.39%, 0, 25, 12, 625.73
1587481047, 1, 50, 102, 58, 0, 0.39%, 0, 25, 12, 629.01
1587481062, 1, 50, 103, 59, 0, 0.39%, 0, 25, 12, 511.93
1587481067, 1, 52, 103, 58, 0, 0.39%, 0, 25, 12, 587.27
1587481077, 1, 54, 103, 57, 0, 0.39%, 0, 25, 12, 611.07
1587481082, 1, 64, 103, 57, 0, 0.39%, 0, 25, 12, 614.21
1587481102, 1, 73, 103, 56, 0, 0.39%, 0, 25, 12, 610.50
1587481128, 1, 73, 104, 57, 0, 0.39%, 0, 25, 12, 583.09
1587481133, 1, 75, 104, 56, 0, 0.39%, 0, 25, 12, 577.45
1587481158, 1, 75, 105, 57, 0, 0.39%, 0, 25, 12, 589.56
1587481163, 1, 75, 109, 61, 0, 0.39%, 0, 25, 12, 592.50
1587481173, 1, 75, 110, 62, 0, 0.39%, 0, 25, 12, 591.68
1587481188, 1, 79, 111, 62, 0, 0.39%, 0, 25, 12, 589.33
1587481193, 1, 87, 112, 63, 0, 0.39%, 0, 25, 13, 614.37
1587481218, 1, 87, 113, 64, 0, 0.39%, 0, 25, 13, 554.67
1587481229, 1, 87, 114, 65, 0, 0.39%, 0, 25, 13, 591.76
1587481234, 1, 87, 115, 66, 0, 0.39%, 0, 25, 13, 588.56
1587481249, 1, 88, 115, 65, 0, 0.39%, 0, 25, 13, 554.74
1587481274, 1, 89, 115, 64, 0, 0.39%, 0, 25, 13, 574.49
1587481310, 1, 90, 115, 63, 0, 0.39%, 0, 25, 13, 592.02
1587481330, 1, 90, 116, 64, 0, 0.39%, 0, 25, 13, 581.15
1587481340, 1, 94, 116, 63, 0, 0.39%, 0, 25, 13, 563.41
1587481345, 1, 98, 116, 63, 0, 0.39%, 0, 25, 13, 597.53
1587481406, 1, 99, 116, 62, 0, 0.39%, 0, 25, 13, 563.75
1587481426, 1, 99, 117, 63, 0, 0.39%, 0, 25, 13, 607.73
1587481431, 1, 99, 118, 64, 0, 0.39%, 0, 25, 13, 585.16
1587481437, 1, 99, 120, 66, 0, 0.39%, 0, 25, 13, 580.58
1587481467, 1, 100, 120, 65, 0, 0.39%, 0, 25, 13, 574.08
1587481528, 1, 111, 120, 64, 0, 0.39%, 0, 25, 13, 555.04
1587481569, 1, 114, 120, 63, 0, 0.39%, 0, 25, 13, 582.84
1587481574, 1, 114, 123, 66, 0, 0.39%, 0, 25, 14, 572.84
1587481640, 1, 114, 127, 70, 0, 0.39%, 0, 25, 14, 575.23
1587481645, 1, 114, 129, 72, 0, 0.39%, 0, 25, 14, 590.26
1587481671, 1, 114, 131, 74, 0, 0.39%, 0, 25, 14, 598.07
1587481676, 1, 118, 131, 73, 0, 0.39%, 0, 25, 14, 618.73
1587481712, 1, 118, 132, 74, 0, 0.39%, 0, 25, 14, 623.83
1587481717, 1, 118, 133, 75, 0, 0.39%, 0, 25, 14, 613.16
1587481748, 1, 120, 133, 74, 0, 0.39%, 0, 25, 14, 600.61
1587481819, 1, 120, 135, 76, 0, 0.39%, 0, 25, 15, 602.96
1587481839, 1, 120, 136, 77, 0, 0.39%, 0, 25, 15, 550.87
1587481859, 1, 124, 136, 76, 0, 0.39%, 0, 25, 15, 574.09
1587481987, 1, 124, 138, 78, 0, 0.39%, 0, 25, 15, 562.52
1587481992, 1, 124, 139, 79, 0, 0.39%, 0, 25, 15, 581.79
1587482023, 1, 126, 139, 78, 0, 0.39%, 0, 25, 15, 552.67
1587482114, 1, 134, 139, 77, 0, 0.39%, 0, 25, 15, 548.00
1587482241, 1, 134, 141, 79, 0, 0.39%, 0, 25, 16, 585.75
1587482247, 1, 134, 143, 81, 0, 0.39%, 0, 25, 16, 577.52
1587482277, 1, 134, 144, 82, 0, 0.39%, 0, 25, 16, 557.70
1587482282, 1, 135, 144, 81, 0, 0.39%, 0, 25, 16, 573.01
1587482288, 1, 135, 145, 82, 0, 0.39%, 0, 25, 16, 559.34
1587482404, 1, 135, 146, 83, 0, 0.39%, 0, 25, 16, 565.63
1587482409, 1, 135, 147, 84, 0, 0.39%, 0, 25, 16, 573.78
1587482419, 1, 135, 148, 85, 0, 0.39%, 0, 25, 16, 566.30
1587482445, 1, 139, 148, 84, 0, 0.39%, 0, 25, 16, 544.50
1587482628, 1, 139, 149, 85, 0, 0.39%, 0, 25, 17, 580.85
1587482658, 1, 140, 149, 84, 0, 0.39%, 0, 25, 17, 563.66
1587482871, 1, 141, 149, 83, 0, 0.39%, 0, 25, 17, 526.79
1587483069, 1, 143, 149, 82, 0, 0.39%, 0, 25, 17, 546.64
1587483216, 1, 143, 150, 83, 0, 0.39%, 0, 25, 17, 578.59
1587483242, 1, 145, 150, 82, 0, 0.39%, 0, 25, 17, 572.42
1587483302, 1, 145, 151, 83, 0, 0.39%, 0, 25, 17, 568.88
1587483338, 2, 14, 152, 83, 0, 0.39%, 0, 25, 17, 583.68
1587483343, 2, 15, 152, 83, 0, 0.39%, 0, 25, 17, 579.10
1587483348, 2, 18, 152, 82, 0, 0.39%, 0, 25, 17, 599.49
1587483353, 2, 22, 152, 81, 0, 0.39%, 0, 25, 17, 578.90
1587483358, 2, 23, 152, 81, 0, 0.39%, 0, 25, 17, 572.72
1587483363, 2, 36, 152, 80, 0, 0.39%, 0, 25, 17, 581.95
1587483368, 2, 46, 152, 80, 0, 0.39%, 0, 25, 17, 599.50
1587483384, 2, 47, 152, 79, 0, 0.39%, 0, 25, 17, 593.92
1587483399, 2, 59, 152, 78, 0, 0.39%, 0, 25, 17, 611.58
1587483404, 2, 66, 152, 78, 0, 0.39%, 0, 25, 17, 625.31
1587483424, 2, 68, 152, 77, 0, 0.39%, 0, 25, 17, 611.69
1587483430, 2, 76, 152, 77, 0, 0.39%, 0, 25, 17, 515.75
1587483475, 2, 77, 152, 76, 0, 0.39%, 0, 25, 17, 523.26
1587483511, 2, 81, 152, 75, 0, 0.39%, 0, 25, 17, 606.03
1587483542, 2, 81, 153, 76, 0, 0.39%, 0, 25, 17, 585.29
1587483552, 2, 83, 153, 75, 0, 0.39%, 0, 25, 17, 604.94
1587483582, 2, 84, 153, 74, 0, 0.39%, 0, 25, 17, 572.42
1587483633, 2, 95, 153, 73, 0, 0.39%, 0, 25, 17, 606.67
1587483669, 2, 97, 153, 72, 0, 0.39%, 0, 25, 17, 610.58
1587483694, 2, 104, 153, 71, 0, 0.39%, 0, 25, 17, 605.04
1587483745, 2, 105, 153, 70, 0, 0.39%, 0, 25, 17, 581.97
1587483801, 2, 105, 154, 71, 0, 0.39%, 0, 25, 17, 589.46
1587483806, 2, 105, 155, 72, 0, 0.39%, 0, 25, 17, 569.22
1587483842, 2, 109, 155, 71, 0, 0.39%, 0, 25, 17, 595.62
1587483877, 2, 109, 156, 72, 0, 0.39%, 0, 25, 17, 581.45
1587483893, 2, 132, 157, 72, 0, 0.39%, 0, 25, 17, 598.20
1587483959, 2, 132, 158, 73, 0, 0.39%, 0, 25, 17, 581.67
1587483964, 2, 132, 159, 74, 0, 0.39%, 0, 25, 17, 582.70
1587483980, 2, 132, 160, 75, 0, 0.39%, 0, 25, 17, 499.36
1587483985, 2, 132, 162, 77, 0, 0.39%, 0, 25, 17, 577.78
1587484000, 2, 149, 164, 78, 0, 0.39%, 0, 25, 18, 554.04
1587484173, 2, 149, 165, 79, 0, 0.39%, 0, 25, 18, 546.71
1587484178, 2, 149, 166, 80, 0, 0.39%, 0, 25, 18, 556.12
1587484219, 2, 156, 166, 79, 0, 0.39%, 0, 25, 18, 592.77
1587484234, 2, 156, 167, 80, 0, 0.39%, 0, 25, 18, 578.53
1587484290, 2, 159, 167, 79, 0, 0.39%, 0, 25, 18, 528.39
1587484295, 2, 159, 168, 80, 0, 0.39%, 0, 25, 18, 466.34
1587484392, 2, 161, 168, 79, 0, 0.39%, 0, 25, 18, 472.46
1587484550, 2, 161, 169, 80, 0, 0.39%, 0, 25, 18, 560.43
1587484570, 2, 166, 170, 80, 0, 0.39%, 0, 25, 18, 569.07
1587484575, 2, 166, 171, 81, 0, 0.39%, 0, 25, 18, 597.23
1587484642, 2, 168, 171, 80, 0, 0.39%, 0, 25, 18, 570.06
1587484846, 2, 168, 172, 81, 0, 0.39%, 0, 25, 18, 488.99
1587484877, 2, 168, 173, 82, 0, 0.39%, 0, 25, 18, 490.17
1587484882, 2, 168, 174, 83, 0, 0.39%, 0, 25, 18, 516.26
1587484918, 2, 171, 174, 82, 0, 0.39%, 0, 25, 18, 506.74
1587485107, 2, 171, 175, 83, 0, 0.39%, 0, 25, 18, 73.47
1587485139, 2, 174, 175, 82, 0, 0.39%, 0, 25, 18, 406.82
1587485460, 2, 174, 176, 83, 0, 0.39%, 0, 25, 18, 556.67
1587485486, 2, 174, 177, 84, 0, 0.39%, 0, 25, 18, 596.51
1587485516, 3, 2, 177, 83, 0, 0.39%, 0, 25, 18, 612.45
1587485521, 3, 4, 177, 82, 0, 0.39%, 0, 25, 18, 646.65
1587485537, 3, 9, 177, 81, 0, 0.39%, 0, 25, 18, 666.91
1587485542, 3, 14, 177, 80, 0, 0.39%, 0, 25, 18, 628.83
1587485547, 3, 25, 178, 81, 0, 0.39%, 0, 25, 18, 47.23
1587485557, 3, 39, 178, 80, 1, 0.39%, 0, 25, 18, 452.46
1587485562, 3, 177, 178, 80, 1, 0.39%, 0, 26, 18, 489.57
1587485583, 4, 17, 178, 79, 0, 0.39%, 0, 26, 18, 623.92
1587485588, 4, 22, 178, 78, 0, 0.39%, 0, 26, 18, 620.30
1587485593, 4, 24, 178, 78, 0, 0.39%, 0, 26, 18, 623.11
1587485598, 4, 37, 178, 77, 0, 0.39%, 0, 26, 18, 621.93
1587485603, 4, 56, 178, 77, 0, 0.39%, 0, 26, 18, 609.88
1587485608, 4, 57, 178, 77, 0, 0.39%, 0, 26, 18, 642.10
1587485623, 4, 61, 178, 76, 0, 0.39%, 0, 26, 18, 599.46
1587485628, 4, 63, 178, 76, 0, 0.39%, 0, 26, 18, 640.39
1587485644, 4, 67, 178, 75, 0, 0.39%, 0, 26, 18, 637.67
1587485659, 4, 68, 178, 74, 0, 0.39%, 0, 26, 18, 623.74
1587485664, 4, 71, 178, 74, 0, 0.39%, 0, 26, 18, 633.16
1587485690, 4, 72, 178, 73, 0, 0.39%, 0, 26, 18, 638.51
1587485695, 4, 80, 178, 73, 0, 0.39%, 0, 26, 18, 604.81
1587485715, 4, 85, 178, 72, 0, 0.39%, 0, 26, 18, 620.33
1587485745, 4, 92, 178, 71, 0, 0.39%, 0, 26, 18, 628.09
1587485756, 4, 93, 178, 70, 0, 0.39%, 0, 26, 18, 630.31
1587485776, 4, 96, 178, 69, 0, 0.39%, 0, 26, 18, 620.27
1587485791, 4, 96, 181, 72, 0, 0.39%, 0, 26, 18, 643.65
1587485843, 4, 101, 181, 71, 0, 0.39%, 0, 26, 18, 635.39
1587485853, 4, 101, 182, 72, 0, 0.39%, 0, 26, 18, 643.26
1587485858, 4, 101, 183, 73, 0, 0.39%, 0, 26, 18, 561.37
1587485894, 4, 103, 183, 72, 0, 0.39%, 0, 26, 18, 620.78
1587485939, 4, 129, 183, 71, 0, 0.39%, 0, 26, 18, 582.84
1587486076, 4, 130, 183, 70, 0, 0.39%, 0, 26, 18, 558.47
1587486213, 4, 131, 183, 69, 0, 0.39%, 0, 26, 18, 629.97
1587486274, 4, 136, 183, 68, 0, 0.39%, 0, 26, 18, 583.11
1587486432, 4, 136, 184, 69, 0, 0.39%, 0, 26, 18, 611.72
1587486467, 4, 144, 184, 68, 0, 0.39%, 0, 26, 18, 550.19
1587486604, 4, 146, 184, 67, 0, 0.39%, 0, 26, 18, 565.76
1587486736, 4, 149, 184, 66, 0, 0.39%, 0, 26, 18, 609.19
1587486741, 4, 154, 184, 66, 0, 0.39%, 0, 26, 18, 608.72
1587486822, 4, 154, 185, 67, 0, 0.39%, 0, 26, 18, 614.65
1587486832, 4, 176, 185, 66, 0, 0.39%, 0, 26, 18, 585.97
1587487468, 4, 178, 185, 65, 0, 0.39%, 0, 26, 18, 593.36
1587487513, 4, 178, 186, 66, 0, 0.39%, 0, 26, 18, 613.03
1587487518, 4, 178, 187, 67, 0, 0.39%, 0, 26, 18, 612.22
1587487554, 4, 178, 188, 68, 0, 0.39%, 0, 26, 18, 620.04
1587487564, 4, 186, 188, 67, 0, 0.39%, 0, 26, 18, 643.72
1587487616, 4, 186, 189, 68, 0, 0.39%, 0, 26, 18, 639.15
1587487652, 4, 188, 189, 67, 0, 0.39%, 0, 26, 18, 643.45
1587487718, 4, 188, 190, 68, 0, 0.39%, 0, 26, 18, 635.64
1587487760, 5, 14, 190, 67, 0, 0.39%, 0, 26, 18, 632.72
1587487765, 5, 16, 190, 67, 0, 0.39%, 0, 26, 18, 642.42
1587487770, 5, 37, 190, 66, 0, 0.39%, 0, 26, 18, 644.59
1587487775, 5, 45, 190, 66, 0, 0.39%, 0, 26, 18, 652.39
1587487785, 5, 56, 190, 65, 0, 0.39%, 0, 26, 18, 654.99
1587487790, 5, 62, 190, 65, 0, 0.39%, 0, 26, 18, 652.26
1587487811, 5, 69, 190, 64, 0, 0.39%, 0, 26, 18, 636.11
1587487841, 5, 72, 190, 63, 0, 0.39%, 0, 26, 18, 610.50
1587487846, 5, 91, 191, 64, 0, 0.39%, 0, 26, 18, 636.93
1587487877, 5, 114, 191, 63, 0, 0.39%, 0, 26, 18, 553.54
1587487882, 5, 116, 191, 63, 0, 0.39%, 0, 26, 18, 642.16
1587487912, 5, 117, 191, 62, 0, 0.39%, 0, 26, 18, 620.76
1587487958, 5, 123, 191, 61, 0, 0.39%, 0, 26, 18, 605.79
1587488065, 5, 127, 191, 60, 0, 0.39%, 0, 26, 18, 594.83
1587488202, 5, 128, 191, 59, 0, 0.39%, 0, 26, 18, 630.08
1587488289, 5, 133, 191, 58, 0, 0.39%, 0, 26, 18, 579.09
1587488420, 5, 137, 191, 57, 0, 0.39%, 0, 26, 18, 583.98
1587488563, 5, 142, 191, 56, 0, 0.39%, 0, 26, 18, 510.20
1587488832, 5, 142, 192, 57, 0, 0.39%, 0, 26, 18, 557.28
1587488837, 5, 142, 193, 58, 0, 0.39%, 0, 26, 18, 590.46
1587488847, 5, 142, 194, 59, 0, 0.39%, 0, 26, 18, 577.68
1587488852, 5, 142, 195, 60, 0, 0.39%, 0, 26, 18, 589.86
1587488862, 5, 157, 195, 59, 0, 0.39%, 0, 26, 18, 557.54
1587488939, 5, 158, 195, 58, 0, 0.39%, 0, 26, 18, 599.50
1587489045, 5, 162, 195, 57, 0, 0.39%, 0, 26, 18, 549.42
1587489237, 5, 164, 195, 56, 0, 0.39%, 0, 26, 18, 502.56
1587489567, 5, 164, 196, 57, 0, 0.39%, 0, 26, 19, 566.18
1587489593, 5, 167, 196, 56, 0, 0.39%, 0, 26, 19, 572.84
1587489679, 5, 169, 196, 55, 0, 0.39%, 0, 26, 19, 558.29
1587489684, 5, 169, 197, 56, 0, 0.39%, 0, 26, 19, 613.59
1587489751, 5, 169, 198, 57, 0, 0.39%, 0, 26, 19, 594.84
1587489771, 5, 177, 198, 56, 0, 0.39%, 0, 26, 19, 478.30
1587489776, 5, 181, 199, 57, 0, 0.39%, 0, 26, 19, 628.40
1587489812, 5, 188, 199, 56, 0, 0.39%, 0, 26, 19, 585.06
1587489817, 5, 192, 199, 56, 0, 0.39%, 0, 26, 19, 374.50
1587490360, 5, 195, 200, 56, 0, 0.39%, 0, 26, 20, 486.14
1587490701, 5, 195, 202, 58, 0, 0.39%, 0, 26, 20, 548.31
1587490757, 5, 197, 202, 57, 0, 0.39%, 0, 26, 20, 437.06
1587490762, 5, 197, 204, 59, 0, 0.39%, 0, 26, 20, 425.78
1587490956, 5, 197, 205, 60, 0, 0.39%, 0, 26, 20, 515.79
1587490966, 5, 197, 206, 61, 0, 0.39%, 0, 26, 20, 528.59
1587490981, 5, 197, 207, 62, 0, 0.39%, 0, 26, 20, 463.51
1587490987, 5, 197, 208, 63, 0, 0.39%, 0, 26, 20, 501.10
1587491012, 5, 199, 208, 62, 0, 0.39%, 0, 26, 20, 484.18
1587491362, 5, 199, 209, 63, 0, 0.39%, 0, 26, 21, 546.55
1587491392, 5, 199, 210, 64, 0, 0.39%, 0, 26, 21, 555.06
1587491413, 5, 208, 210, 63, 0, 0.39%, 0, 26, 21, 450.65
1587491762, 5, 208, 211, 64, 0, 0.39%, 0, 26, 22, 543.31
1587491818, 5, 209, 211, 63, 0, 0.39%, 0, 26, 22, 502.50
1587492198, 6, 13, 211, 62, 0, 0.39%, 0, 26, 22, 587.22
1587492203, 6, 36, 211, 62, 0, 0.39%, 0, 26, 22, 613.65
1587492208, 6, 41, 211, 62, 0, 0.39%, 0, 26, 22, 659.97
1587492218, 6, 54, 211, 61, 0, 0.39%, 0, 26, 22, 639.84
1587492223, 6, 68, 211, 61, 0, 0.39%, 0, 26, 22, 633.76
1587492228, 6, 94, 211, 61, 0, 0.39%, 0, 26, 22, 629.72
1587492234, 6, 102, 211, 61, 0, 0.39%, 0, 26, 22, 645.11
1587492254, 6, 107, 211, 60, 0, 0.39%, 0, 26, 22, 613.02
1587492305, 6, 119, 211, 59, 0, 0.39%, 0, 26, 22, 548.84
1587492341, 6, 147, 211, 58, 0, 0.39%, 0, 26, 22, 613.51
1587492402, 6, 148, 211, 57, 0, 0.39%, 0, 26, 22, 623.11
1587492499, 6, 148, 212, 58, 0, 0.39%, 0, 26, 22, 623.19
1587492524, 6, 150, 212, 57, 0, 0.39%, 0, 26, 22, 592.19
1587492661, 6, 152, 212, 56, 0, 0.39%, 0, 26, 22, 574.96
1587492742, 6, 155, 212, 55, 0, 0.39%, 0, 26, 22, 624.73
1587492804, 6, 158, 212, 54, 0, 0.39%, 0, 26, 22, 627.32
1587492809, 6, 179, 212, 54, 0, 0.39%, 0, 26, 22, 647.85
1587492834, 6, 183, 212, 53, 0, 0.39%, 0, 26, 22, 562.13
1587493205, 6, 185, 212, 52, 0, 0.39%, 0, 26, 22, 631.81
1587493286, 6, 199, 212, 51, 0, 0.39%, 0, 26, 22, 644.55
1587493291, 6, 200, 212, 51, 0, 0.39%, 0, 26, 22, 426.29
1587493890, 6, 200, 213, 52, 0, 0.39%, 0, 26, 22, 576.55
1587493936, 6, 201, 213, 51, 0, 0.39%, 0, 26, 22, 564.95
1587494678, 6, 206, 213, 50, 0, 0.39%, 0, 26, 22, 580.14
1587494689, 6, 206, 214, 51, 0, 0.39%, 0, 26, 22, 371.86
1587495057, 7, 5, 214, 50, 0, 0.39%, 0, 26, 22, 522.28
1587495062, 7, 32, 214, 50, 0, 0.39%, 0, 26, 22, 630.21
1587495067, 7, 42, 214, 50, 0, 0.39%, 0, 26, 22, 634.97
1587495072, 7, 59, 214, 50, 0, 0.39%, 0, 26, 22, 644.37
1587495077, 7, 72, 214, 50, 0, 0.39%, 0, 26, 22, 638.02
1587495082, 7, 100, 214, 50, 0, 0.39%, 0, 26, 22, 642.87
1587495087, 7, 106, 214, 50, 0, 0.39%, 0, 26, 22, 639.78
1587495154, 7, 128, 214, 49, 0, 0.39%, 0, 26, 22, 668.30
1587495159, 7, 138, 214, 49, 0, 0.39%, 0, 26, 22, 613.18
1587495291, 7, 162, 214, 48, 0, 0.39%, 0, 26, 22, 617.81
1587495296, 7, 163, 214, 48, 0, 0.39%, 0, 26, 22, 619.37
1587495494, 7, 173, 214, 47, 0, 0.39%, 0, 26, 22, 490.40
1587495755, 7, 190, 214, 46, 0, 0.39%, 0, 26, 22, 650.15
1587495800, 7, 211, 214, 45, 0, 0.39%, 0, 26, 22, 595.52
1587495963, 7, 211, 215, 46, 0, 0.39%, 0, 26, 22, 619.86
1587496009, 8, 12, 215, 45, 0, 0.39%, 0, 26, 22, 648.71
1587496014, 8, 37, 215, 45, 0, 0.39%, 0, 26, 22, 661.39
1587496019, 8, 59, 215, 45, 0, 0.39%, 0, 26, 22, 675.23
1587496024, 8, 60, 215, 45, 0, 0.39%, 0, 26, 22, 680.89
1587496039, 8, 79, 215, 44, 0, 0.39%, 0, 26, 22, 672.34
1587496045, 8, 112, 215, 44, 0, 0.39%, 0, 26, 22, 670.09
1587496095, 8, 121, 215, 43, 0, 0.39%, 0, 26, 22, 658.61
1587496182, 8, 125, 215, 42, 0, 0.39%, 0, 26, 22, 647.25
1587496269, 8, 137, 215, 41, 0, 0.39%, 0, 26, 22, 632.04
1587496274, 8, 151, 215, 41, 0, 0.39%, 0, 26, 22, 585.53
1587496555, 8, 153, 215, 40, 0, 0.39%, 0, 26, 22, 600.32
1587496636, 8, 161, 215, 39, 0, 0.39%, 0, 26, 22, 453.85
1587496641, 8, 170, 215, 39, 0, 0.39%, 0, 26, 22, 425.19
1587496651, 8, 170, 216, 40, 0, 0.39%, 0, 26, 22, 629.75
1587496722, 8, 172, 216, 39, 0, 0.39%, 0, 26, 22, 503.88
1587496942, 8, 180, 216, 38, 0, 0.39%, 0, 26, 22, 610.74
1587496962, 8, 189, 216, 37, 0, 0.39%, 0, 26, 22, 648.89
1587497110, 8, 189, 217, 38, 0, 0.39%, 0, 26, 22, 644.22
1587497131, 8, 196, 217, 37, 0, 0.39%, 0, 26, 22, 628.26
1587497202, 8, 196, 218, 38, 0, 0.39%, 0, 26, 22, 652.38
1587497243, 8, 198, 218, 37, 0, 0.39%, 0, 26, 22, 639.44
1587497283, 8, 214, 218, 36, 0, 0.39%, 0, 26, 22, 590.48
1587497770, 8, 214, 219, 37, 0, 0.39%, 0, 26, 22, 595.89
1587497806, 8, 217, 219, 36, 0, 0.39%, 0, 26, 22, 639.24
1587497887, 9, 12, 219, 35, 0, 0.39%, 0, 26, 22, 640.40
1587497892, 9, 36, 219, 35, 0, 0.39%, 0, 26, 22, 640.57
1587497897, 9, 38, 219, 35, 0, 0.39%, 0, 26, 22, 702.22
1587497907, 9, 39, 219, 34, 0, 0.39%, 0, 26, 22, 698.36
1587497912, 9, 59, 219, 34, 0, 0.39%, 0, 26, 22, 692.19
1587497917, 9, 69, 219, 34, 0, 0.39%, 0, 26, 22, 676.29
1587497922, 9, 74, 219, 34, 0, 0.39%, 0, 26, 22, 682.90
1587497948, 9, 78, 219, 33, 0, 0.39%, 0, 26, 22, 663.15
1587497984, 9, 79, 219, 32, 0, 0.39%, 0, 26, 22, 671.98
1587497989, 9, 110, 219, 32, 0, 0.39%, 0, 26, 22, 675.90
1587498025, 9, 113, 219, 31, 0, 0.39%, 0, 26, 22, 681.43
1587498056, 9, 115, 219, 30, 0, 0.39%, 0, 26, 22, 677.55
1587498117, 9, 165, 219, 29, 0, 0.39%, 0, 26, 22, 537.44
1587498492, 9, 184, 219, 28, 0, 0.39%, 0, 26, 22, 603.16
1587498644, 9, 191, 219, 27, 0, 0.39%, 0, 26, 22, 568.39
1587499154, 9, 193, 219, 26, 0, 0.39%, 0, 26, 22, 594.63
1587499743, 9, 193, 220, 27, 0, 0.39%, 0, 26, 22, 544.79
1587499758, 9, 193, 221, 28, 0, 0.39%, 0, 26, 22, 540.12
1587499794, 9, 202, 221, 27, 0, 0.39%, 0, 26, 22, 514.36
1587500024, 9, 204, 221, 26, 0, 0.39%, 0, 26, 22, 404.90
1587500356, 9, 212, 221, 25, 0, 0.39%, 0, 26, 22, 521.37
1587501718, 9, 212, 222, 26, 0, 0.39%, 0, 26, 22, 432.96
1587501763, 9, 217, 222, 25, 0, 0.39%, 0, 26, 22, 576.23
1587501768, 9, 218, 222, 25, 0, 0.39%, 0, 26, 22, 561.14
1587502668, 9, 220, 222, 24, 0, 0.39%, 0, 26, 22, 423.57
1587504735, 9, 220, 223, 25, 0, 0.39%, 0, 26, 22, 506.55
1587504791, 9, 222, 223, 24, 0, 0.39%, 0, 26, 22, 338.63
1587509448, 10, 20, 223, 23, 0, 0.39%, 0, 26, 22, 541.69
1587509454, 10, 37, 223, 23, 0, 0.39%, 0, 26, 22, 605.49
1587509459, 10, 59, 223, 23, 0, 0.39%, 0, 26, 22, 640.23
1587509464, 10, 79, 223, 23, 0, 0.39%, 0, 26, 22, 634.90
1587509469, 10, 124, 223, 23, 0, 0.39%, 0, 26, 22, 627.92
1587509474, 10, 160, 223, 23, 0, 0.39%, 0, 26, 22, 648.90
1587509489, 10, 173, 223, 22, 0, 0.39%, 0, 26, 22, 616.53
1587509494, 10, 182, 223, 22, 0, 0.39%, 0, 26, 22, 653.70
1587509524, 10, 187, 223, 21, 0, 0.39%, 0, 26, 22, 598.61
1587509672, 10, 210, 223, 20, 0, 0.39%, 0, 26, 22, 505.13
1587510088, 10, 211, 223, 19, 0, 0.39%, 0, 26, 22, 599.28
1587510093, 10, 215, 223, 19, 0, 0.39%, 0, 26, 22, 603.08
1587510103, 10, 215, 224, 20, 0, 0.39%, 0, 26, 22, 612.35
1587510190, 10, 221, 224, 19, 0, 0.39%, 0, 26, 22, 403.83
1587513123, 11, 8, 224, 18, 0, 0.39%, 0, 26, 22, 558.92
1587513129, 11, 10, 224, 17, 0, 0.39%, 0, 26, 22, 71.17
1587513137, 11, 14, 224, 17, 0, 0.39%, 0, 26, 22, 20.29
1587513143, 11, 39, 224, 17, 0, 0.39%, 0, 26, 22, 587.40
1587513148, 11, 59, 224, 17, 0, 0.39%, 0, 26, 22, 629.50
1587513153, 11, 79, 224, 17, 0, 0.39%, 0, 26, 22, 642.84
1587513158, 11, 152, 224, 17, 0, 0.39%, 0, 26, 22, 607.64
1587513165, 11, 162, 224, 17, 0, 0.39%, 0, 26, 22, 28.39
1587513171, 11, 176, 224, 17, 0, 0.39%, 0, 26, 22, 4.24
1587513176, 11, 211, 224, 17, 0, 0.39%, 0, 26, 22, 608.59
1587513181, 11, 216, 224, 17, 0, 0.39%, 0, 26, 22, 550.03
1587513584, 12, 20, 224, 16, 0, 0.39%, 0, 26, 22, 626.34
1587513589, 12, 32, 224, 16, 0, 0.39%, 0, 26, 22, 632.55
1587513594, 12, 37, 224, 16, 0, 0.39%, 0, 26, 22, 648.07
1587513599, 12, 39, 224, 16, 0, 0.39%, 0, 26, 22, 632.72
1587513604, 12, 44, 224, 16, 0, 0.39%, 0, 26, 22, 621.89
1587513609, 12, 56, 224, 16, 0, 0.39%, 0, 26, 22, 566.25
1587513614, 12, 59, 224, 16, 0, 0.39%, 0, 26, 22, 489.70
1587513619, 12, 61, 224, 16, 0, 0.39%, 0, 26, 22, 480.40
1587513624, 12, 62, 224, 16, 0, 0.39%, 0, 26, 22, 508.24
1587513629, 12, 68, 224, 16, 0, 0.39%, 0, 26, 22, 514.11
1587513635, 12, 72, 224, 16, 0, 0.39%, 0, 26, 22, 537.39
1587513640, 12, 94, 224, 16, 0, 0.39%, 0, 26, 22, 530.48
1587513645, 12, 117, 224, 16, 0, 0.39%, 0, 26, 22, 540.75
1587513650, 12, 166, 224, 16, 0, 0.39%, 0, 26, 22, 432.09
1587513660, 12, 219, 224, 16, 0, 0.39%, 0, 26, 22, 407.53
1587515166, 13, 11, 224, 15, 0, 0.39%, 0, 26, 22, 567.03
1587515171, 13, 22, 224, 15, 0, 0.39%, 0, 26, 22, 580.40
1587515177, 13, 32, 224, 15, 0, 0.39%, 0, 26, 22, 589.73
1587515182, 13, 36, 224, 15, 0, 0.39%, 0, 26, 22, 562.48
1587515187, 13, 39, 224, 15, 0, 0.39%, 0, 26, 22, 592.56
1587515192, 13, 54, 224, 15, 0, 0.39%, 0, 26, 22, 614.83
1587515197, 13, 56, 224, 15, 0, 0.39%, 0, 26, 22, 610.38
1587515202, 13, 59, 224, 15, 0, 0.39%, 0, 26, 22, 583.32
1587515207, 13, 63, 224, 15, 0, 0.39%, 0, 26, 22, 596.22
1587515212, 13, 68, 224, 15, 0, 0.39%, 0, 26, 22, 583.91
1587515217, 13, 73, 224, 15, 0, 0.39%, 0, 26, 22, 593.38
1587515222, 13, 79, 224, 15, 0, 0.39%, 0, 26, 22, 601.72
1587515227, 13, 80, 224, 15, 0, 0.39%, 0, 26, 22, 583.56
1587515232, 13, 105, 224, 15, 0, 0.39%, 0, 26, 22, 601.88
1587515237, 13, 172, 224, 15, 0, 0.39%, 0, 26, 22, 569.83
1587515248, 13, 192, 224, 15, 0, 0.39%, 0, 26, 22, 569.36
1587515263, 13, 194, 224, 15, 0, 0.39%, 0, 26, 22, 444.66
1587516553, 13, 203, 224, 14, 0, 0.39%, 0, 26, 22, 419.84
1587516824, 13, 212, 224, 13, 0, 0.39%, 0, 26, 22, 120.21
1587516829, 13, 213, 224, 13, 0, 0.39%, 0, 26, 22, 492.20
1587517242, 13, 222, 224, 12, 0, 0.39%, 0, 26, 22, 445.57
1587517258, 14, 13, 224, 12, 0, 0.39%, 0, 26, 22, 649.29
1587517263, 14, 32, 224, 12, 0, 0.39%, 0, 26, 22, 633.03
1587517268, 14, 33, 224, 12, 0, 0.39%, 0, 26, 22, 390.22
1587517273, 14, 36, 224, 12, 0, 0.39%, 0, 26, 22, 189.12
1587517278, 14, 37, 224, 12, 0, 0.39%, 0, 26, 22, 337.68
1587517283, 14, 41, 224, 12, 0, 0.39%, 0, 26, 22, 561.49
1587517288, 14, 43, 224, 12, 0, 0.39%, 0, 26, 22, 618.53
1587517304, 14, 54, 224, 11, 0, 0.39%, 0, 26, 22, 649.47
1587517309, 14, 56, 224, 11, 0, 0.39%, 0, 26, 22, 648.33
1587517314, 14, 58, 224, 11, 0, 0.39%, 0, 26, 22, 673.98
1587517324, 14, 59, 224, 10, 0, 0.39%, 0, 26, 22, 619.19
1587517329, 14, 61, 224, 10, 0, 0.39%, 0, 26, 22, 618.37
1587517334, 14, 64, 224, 10, 0, 0.39%, 0, 26, 22, 611.22
1587517339, 14, 68, 224, 10, 0, 0.39%, 0, 26, 22, 640.85
1587517344, 14, 70, 224, 10, 0, 0.39%, 0, 26, 22, 660.04
1587517370, 14, 79, 224, 9, 0, 0.39%, 0, 26, 22, 629.41
1587517375, 14, 94, 224, 9, 0, 0.39%, 0, 26, 22, 634.00
1587517380, 14, 111, 224, 9, 0, 0.39%, 0, 26, 22, 594.48
1587517385, 14, 120, 224, 9, 0, 0.39%, 0, 26, 22, 556.42
1587517390, 14, 137, 224, 9, 0, 0.39%, 0, 26, 22, 555.95
1587517395, 14, 173, 224, 9, 0, 0.39%, 0, 26, 22, 585.85
1587517400, 14, 189, 224, 9, 0, 0.39%, 0, 26, 22, 616.92
1587517405, 14, 195, 224, 9, 0, 0.39%, 0, 26, 22, 563.24
1587517421, 14, 197, 224, 9, 0, 0.39%, 0, 26, 22, 536.90
1587517431, 15, 12, 224, 9, 0, 0.39%, 0, 26, 22, 580.96
1587517436, 15, 22, 224, 9, 0, 0.39%, 0, 26, 22, 615.88
1587517441, 15, 36, 224, 9, 0, 0.39%, 0, 26, 22, 627.25
1587517446, 15, 37, 224, 9, 0, 0.39%, 0, 26, 22, 638.60
1587517451, 15, 40, 224, 9, 0, 0.39%, 0, 26, 22, 630.60
1587517471, 15, 48, 224, 8, 0, 0.39%, 0, 26, 22, 634.72
1587517476, 15, 54, 224, 8, 0, 0.39%, 0, 26, 22, 613.63
1587517482, 15, 56, 224, 8, 0, 0.39%, 0, 26, 22, 605.21
1587517487, 15, 61, 224, 8, 0, 0.39%, 0, 26, 22, 616.54
1587517492, 15, 68, 224, 8, 0, 0.39%, 0, 26, 22, 620.36
1587517497, 15, 72, 224, 8, 0, 0.39%, 0, 26, 22, 611.97
1587517502, 15, 79, 224, 8, 0, 0.39%, 0, 26, 22, 558.58
1587517507, 15, 82, 224, 8, 0, 0.39%, 0, 26, 22, 616.83
1587517537, 15, 87, 224, 7, 0, 0.39%, 0, 26, 22, 632.12
1587517542, 15, 94, 224, 7, 0, 0.39%, 0, 26, 22, 613.80
1587517547, 15, 103, 224, 7, 0, 0.39%, 0, 26, 22, 628.95
1587517553, 15, 108, 224, 7, 0, 0.39%, 0, 26, 22, 650.89
1587517608, 15, 147, 224, 6, 0, 0.39%, 0, 26, 22, 585.07
1587517613, 15, 163, 224, 6, 0, 0.39%, 0, 26, 22, 611.18
1587517624, 15, 173, 224, 6, 0, 0.39%, 0, 26, 22, 620.03
1587517629, 15, 177, 224, 6, 0, 0.39%, 0, 26, 22, 607.58
1587517634, 15, 198, 224, 6, 0, 0.39%, 0, 26, 22, 586.24
1587517639, 15, 207, 224, 6, 0, 0.39%, 0, 26, 22, 578.77
1587517817, 15, 210, 224, 5, 0, 0.39%, 0, 26, 22, 593.67
1587517827, 15, 218, 224, 5, 0, 0.39%, 0, 26, 22, 586.05
1587517847, 15, 222, 224, 5, 0, 0.39%, 0, 26, 22, 570.30
1587517858, 16, 12, 224, 5, 0, 0.39%, 0, 26, 22, 610.52
1587517863, 16, 32, 224, 5, 0, 0.39%, 0, 26, 22, 596.58
1587517868, 16, 36, 224, 5, 0, 0.39%, 0, 26, 22, 612.76
1587517873, 16, 38, 224, 5, 0, 0.39%, 0, 26, 22, 586.07
1587517878, 16, 41, 224, 5, 0, 0.39%, 0, 26, 22, 625.26
1587517883, 16, 44, 224, 5, 0, 0.39%, 0, 26, 22, 639.38
1587517888, 16, 54, 224, 5, 0, 0.39%, 0, 26, 22, 629.75
1587517893, 16, 59, 224, 5, 0, 0.39%, 0, 26, 22, 621.73
1587517898, 16, 61, 224, 5, 0, 0.39%, 0, 26, 22, 612.97
1587517903, 16, 72, 224, 5, 0, 0.39%, 0, 26, 22, 624.73
1587517908, 16, 79, 224, 5, 0, 0.39%, 0, 26, 22, 621.06
1587517913, 16, 96, 224, 5, 0, 0.39%, 0, 26, 22, 598.89
1587517918, 16, 120, 224, 5, 0, 0.39%, 0, 26, 22, 610.02
1587517923, 16, 122, 224, 5, 0, 0.39%, 0, 26, 22, 595.57
1587518020, 16, 144, 224, 4, 0, 0.39%, 0, 26, 22, 607.08
1587518030, 16, 149, 224, 4, 0, 0.39%, 0, 26, 22, 606.28
1587518035, 16, 175, 224, 4, 0, 0.39%, 0, 26, 22, 531.91
1587518639, 16, 177, 224, 3, 0, 0.39%, 0, 26, 22, 534.99
1587518644, 16, 184, 225, 4, 0, 0.39%, 0, 26, 22, 535.69
1587518649, 16, 195, 225, 4, 0, 0.39%, 0, 26, 22, 577.57
1587518654, 16, 224, 225, 4, 0, 0.39%, 0, 26, 22, 604.94
1587518664, 16, 224, 227, 6, 0, 0.39%, 0, 26, 22, 622.57
1587518710, 17, 11, 227, 5, 0, 0.39%, 0, 26, 22, 595.83
1587518716, 17, 22, 227, 5, 0, 0.39%, 0, 26, 22, 615.26
1587518721, 17, 33, 227, 5, 0, 0.39%, 0, 26, 22, 615.37
1587518726, 17, 37, 227, 5, 0, 0.39%, 0, 26, 22, 554.71
1587518731, 17, 44, 227, 5, 0, 0.39%, 0, 26, 22, 610.47
1587518736, 17, 54, 227, 5, 0, 0.39%, 0, 26, 22, 571.06
1587518741, 17, 59, 227, 5, 0, 0.39%, 0, 26, 22, 572.92
1587518746, 17, 61, 227, 5, 0, 0.39%, 0, 26, 22, 593.40
1587518751, 17, 72, 227, 5, 0, 0.39%, 0, 26, 22, 591.34
1587518756, 17, 79, 227, 5, 0, 0.39%, 0, 26, 22, 618.83
1587518761, 17, 94, 227, 5, 0, 0.39%, 0, 26, 22, 597.01
1587518767, 17, 110, 227, 5, 0, 0.39%, 0, 26, 22, 593.87
1587518772, 17, 111, 227, 5, 0, 0.39%, 0, 26, 22, 586.60
1587518777, 17, 143, 227, 5, 0, 0.39%, 0, 26, 22, 582.90
1587518782, 17, 168, 227, 5, 0, 0.39%, 0, 26, 22, 559.29
1587518792, 17, 177, 227, 5, 0, 0.39%, 0, 26, 22, 561.24
1587518797, 17, 181, 227, 5, 0, 0.39%, 0, 26, 22, 84.52
1587518802, 17, 193, 227, 5, 0, 0.39%, 0, 26, 22, 525.86
1587518812, 17, 197, 227, 5, 0, 0.39%, 0, 26, 22, 540.10
1587518817, 17, 206, 227, 5, 0, 0.39%, 0, 26, 22, 542.00
1587518827, 17, 209, 227, 5, 0, 0.39%, 0, 26, 22, 577.77
1587518837, 17, 223, 227, 5, 0, 0.39%, 0, 26, 22, 635.85
1587518913, 17, 223, 228, 6, 0, 0.39%, 0, 26, 22, 637.45
1587518928, 17, 223, 229, 7, 0, 0.39%, 0, 26, 22, 621.90
1587518974, 17, 227, 229, 6, 0, 0.39%, 0, 26, 22, 616.54
1587518994, 17, 227, 230, 7, 0, 0.39%, 0, 26, 22, 590.33
1587519086, 17, 227, 231, 8, 0, 0.39%, 0, 26, 22, 7.19
1587519142, 17, 228, 231, 7, 0, 0.39%, 0, 26, 22, 617.60
1587519310, 17, 230, 231, 6, 0, 0.39%, 0, 26, 22, 590.96
1587519513, 17, 230, 232, 7, 0, 0.39%, 0, 26, 22, 593.23
1587519518, 17, 230, 233, 8, 0, 0.39%, 0, 26, 22, 611.77
1587519584, 18, 10, 233, 7, 0, 0.39%, 0, 26, 22, 632.81
1587519590, 18, 20, 233, 7, 0, 0.39%, 0, 26, 22, 630.30
1587519595, 18, 32, 233, 7, 0, 0.39%, 0, 26, 22, 621.59
1587519600, 18, 36, 233, 7, 0, 0.39%, 0, 26, 22, 622.30
1587519605, 18, 39, 233, 7, 0, 0.39%, 0, 26, 22, 591.38
1587519610, 18, 40, 233, 7, 0, 0.39%, 0, 26, 22, 583.10
1587519615, 18, 48, 233, 7, 0, 0.39%, 0, 26, 22, 608.52
1587519620, 18, 54, 233, 7, 0, 0.39%, 0, 26, 22, 606.48
1587519625, 18, 59, 233, 7, 0, 0.39%, 0, 26, 22, 599.39
1587519630, 18, 61, 233, 7, 0, 0.39%, 0, 26, 22, 623.15
1587519635, 18, 69, 233, 7, 0, 0.39%, 0, 26, 22, 593.05
1587519640, 18, 72, 233, 7, 0, 0.39%, 0, 26, 22, 615.96
1587519646, 18, 79, 233, 7, 0, 0.39%, 0, 26, 22, 602.02
1587519651, 18, 94, 233, 7, 0, 0.39%, 0, 26, 22, 612.01
1587519656, 18, 105, 233, 7, 0, 0.39%, 0, 26, 22, 626.59
1587519661, 18, 121, 233, 7, 0, 0.39%, 0, 26, 22, 603.94
1587519666, 18, 134, 233, 7, 0, 0.39%, 0, 26, 22, 603.53
1587519671, 18, 170, 233, 7, 0, 0.39%, 0, 26, 22, 586.10
1587519681, 18, 172, 233, 7, 0, 0.39%, 0, 26, 22, 628.77
1587519686, 18, 197, 233, 7, 0, 0.39%, 0, 26, 22, 602.96
1587519692, 18, 200, 233, 7, 0, 0.39%, 0, 26, 22, 506.45
1587519707, 18, 226, 233, 7, 0, 0.39%, 0, 26, 22, 651.90
1587519732, 18, 226, 234, 8, 0, 0.39%, 0, 26, 22, 656.42
1587519752, 18, 233, 234, 7, 0, 0.39%, 0, 26, 22, 659.06
1587519803, 18, 233, 235, 8, 0, 0.39%, 0, 26, 22, 569.99
1587519844, 19, 20, 235, 7, 0, 0.39%, 0, 26, 22, 614.87
1587519849, 19, 33, 235, 7, 0, 0.39%, 0, 26, 22, 638.41
1587519854, 19, 36, 235, 7, 0, 0.39%, 0, 26, 22, 116.62
1587519859, 19, 39, 235, 7, 0, 0.39%, 0, 26, 22, 624.42
1587519864, 19, 54, 235, 7, 0, 0.39%, 0, 26, 22, 632.84
1587519869, 19, 56, 235, 7, 0, 0.39%, 0, 26, 22, 602.63
1587519874, 19, 61, 235, 7, 0, 0.39%, 0, 26, 22, 627.90
1587519879, 19, 67, 235, 7, 0, 0.39%, 0, 26, 22, 625.40
1587519884, 19, 68, 235, 7, 0, 0.39%, 0, 26, 22, 630.05
1587519889, 19, 79, 235, 7, 0, 0.39%, 0, 26, 22, 636.69
1587519895, 19, 94, 235, 7, 0, 0.39%, 0, 26, 22, 618.39
1587519900, 19, 177, 235, 7, 0, 0.39%, 0, 26, 22, 619.07
1587519905, 19, 223, 235, 7, 0, 0.39%, 0, 26, 22, 603.48
1587519925, 19, 225, 235, 7, 0, 0.39%, 0, 26, 22, 674.94
1587519951, 19, 231, 235, 6, 0, 0.39%, 0, 26, 22, 620.42
1587520148, 19, 232, 235, 5, 0, 0.39%, 0, 26, 22, 593.40
1587520530, 19, 232, 236, 6, 0, 0.39%, 0, 26, 22, 535.49
1587520541, 19, 232, 237, 7, 0, 0.39%, 0, 26, 22, 566.82
1587520602, 19, 234, 237, 6, 0, 0.39%, 0, 26, 22, 580.21
1587520693, 19, 234, 238, 7, 0, 0.39%, 0, 26, 22, 614.89
1587520714, 20, 3, 238, 6, 0, 0.39%, 0, 26, 22, 662.19
1587520719, 20, 20, 238, 6, 0, 0.39%, 0, 26, 22, 661.56
1587520724, 20, 32, 238, 6, 0, 0.39%, 0, 26, 22, 640.76
1587520729, 20, 37, 238, 6, 0, 0.39%, 0, 26, 22, 648.45
1587520734, 20, 39, 238, 6, 0, 0.39%, 0, 26, 22, 640.27
1587520739, 20, 48, 238, 6, 0, 0.39%, 0, 26, 22, 641.60
1587520744, 20, 54, 238, 6, 0, 0.39%, 0, 26, 22, 603.18
1587520749, 20, 59, 238, 6, 0, 0.39%, 0, 26, 22, 633.96
1587520754, 20, 61, 238, 6, 0, 0.39%, 0, 26, 22, 652.60
1587520759, 20, 72, 238, 6, 0, 0.39%, 0, 26, 22, 643.77
1587520764, 20, 79, 238, 6, 0, 0.39%, 0, 26, 22, 651.18
1587520769, 20, 94, 238, 6, 0, 0.39%, 0, 26, 22, 638.89
1587520774, 20, 145, 239, 7, 1, 0.39%, 0, 26, 22, 626.77
1587520780, 20, 238, 240, 8, 1, 0.39%, 0, 26, 22, 648.65
1587520800, 20, 238, 240, 8, 1, 0.39%, 0, 27, 22, 648.42
1587520820, 20, 238, 241, 9, 1, 0.39%, 0, 27, 22, 445.14
1587520866, 20, 239, 241, 8, 1, 0.39%, 0, 27, 22, 630.48
1587520917, 20, 239, 242, 9, 1, 0.40%, 0, 27, 22, 113.92
1587520927, 20, 239, 243, 10, 1, 0.40%, 0, 27, 22, 588.76
1587520963, 20, 239, 244, 11, 1, 0.40%, 0, 27, 22, 617.87
1587520968, 20, 241, 245, 11, 1, 0.40%, 0, 27, 22, 628.74
1587520988, 20, 241, 245, 11, 1, 0.40%, 0, 28, 22, 485.94
1587521040, 20, 242, 245, 10, 0, 0.40%, 0, 28, 22, 643.23
1587521121, 20, 242, 246, 11, 0, 0.40%, 0, 28, 22, 633.44
1587521177, 20, 243, 246, 10, 0, 0.40%, 1, 28, 22, 449.69
1587521183, 20, 243, 246, 10, 0, 0.40%, 2, 28, 22, 482.26
1587521218, 20, 243, 246, 10, 0, 0.40%, 3, 28, 22, 607.09
1587521243, 20, 243, 247, 11, 0, 0.40%, 3, 28, 22, 602.68
1587521254, 20, 243, 248, 12, 0, 0.40%, 3, 28, 22, 610.33
1587521259, 20, 243, 248, 12, 0, 0.40%, 4, 28, 22, 638.80
1587521264, 20, 243, 249, 13, 0, 0.40%, 4, 28, 22, 622.43
1587521294, 20, 243, 250, 14, 0, 0.40%, 4, 28, 22, 568.80
1587521315, 20, 248, 250, 13, 1, 0.40%, 4, 28, 22, 598.06
1587521335, 20, 248, 250, 13, 1, 0.40%, 4, 29, 22, 597.84
1587521361, 20, 248, 250, 13, 1, 0.40%, 5, 29, 22, 580.94
1587521376, 20, 248, 250, 13, 1, 0.40%, 6, 29, 22, 589.71
1587521391, 21, 11, 250, 12, 0, 0.40%, 6, 29, 22, 622.87
1587521396, 21, 22, 250, 12, 0, 0.40%, 6, 29, 22, 623.04
1587521401, 21, 32, 250, 12, 0, 0.40%, 6, 29, 22, 518.20
1587521406, 21, 36, 250, 12, 0, 0.40%, 6, 29, 22, 606.15
1587521412, 21, 39, 250, 12, 0, 0.40%, 6, 29, 22, 619.30
1587521417, 21, 44, 250, 12, 0, 0.40%, 6, 29, 22, 639.59
1587521422, 21, 56, 250, 12, 0, 0.40%, 6, 29, 22, 485.21
1587521427, 21, 59, 250, 12, 0, 0.40%, 6, 29, 22, 631.47
1587521432, 21, 68, 250, 12, 0, 0.40%, 6, 29, 22, 629.94
1587521437, 21, 72, 250, 12, 0, 0.40%, 6, 29, 22, 633.83
1587521442, 21, 94, 250, 12, 0, 0.40%, 6, 29, 22, 645.03
1587521447, 21, 125, 250, 12, 0, 0.40%, 6, 29, 22, 623.70
1587521452, 21, 126, 250, 12, 0, 0.40%, 6, 29, 22, 639.22
1587521457, 21, 159, 250, 12, 0, 0.40%, 6, 29, 22, 607.21
1587521467, 21, 174, 250, 12, 0, 0.40%, 6, 29, 22, 585.49
1587521478, 21, 177, 250, 12, 0, 0.40%, 6, 29, 22, 635.22
1587521483, 21, 190, 250, 12, 0, 0.40%, 6, 29, 22, 644.77
1587521488, 21, 205, 250, 12, 0, 0.40%, 6, 29, 22, 609.58
1587521860, 21, 215, 250, 11, 0, 0.40%, 6, 29, 22, 600.74
1587521875, 21, 228, 250, 11, 0, 0.40%, 6, 29, 22, 643.87
1587521896, 21, 237, 250, 11, 0, 0.40%, 6, 29, 22, 573.31
1587522130, 21, 241, 250, 10, 0, 0.40%, 6, 29, 22, 594.28
1587522145, 21, 246, 250, 10, 0, 0.40%, 7, 29, 22, 648.30
1587522222, 21, 246, 251, 11, 0, 0.40%, 7, 29, 22, 625.40
1587522283, 21, 248, 251, 10, 0, 0.40%, 7, 29, 22, 629.35
1587522303, 21, 249, 251, 10, 0, 0.40%, 8, 29, 22, 584.03
1587522440, 21, 249, 252, 11, 0, 0.40%, 8, 29, 22, 593.26
1587522502, 21, 251, 252, 10, 0, 0.40%, 8, 29, 22, 582.29
1587522776, 22, 20, 252, 9, 0, 0.40%, 8, 29, 22, 533.31
1587522781, 22, 32, 252, 9, 0, 0.40%, 8, 29, 22, 622.88
1587522786, 22, 36, 252, 9, 0, 0.40%, 8, 29, 22, 606.52
1587522791, 22, 39, 252, 9, 0, 0.40%, 8, 29, 22, 565.72
1587522796, 22, 44, 252, 9, 0, 0.40%, 8, 29, 22, 569.70
1587522801, 22, 54, 252, 9, 0, 0.40%, 8, 29, 22, 626.48
1587522806, 22, 59, 252, 9, 0, 0.40%, 8, 29, 22, 627.85
1587522811, 22, 61, 252, 9, 0, 0.40%, 8, 29, 22, 564.18
1587522816, 22, 68, 252, 9, 0, 0.40%, 8, 29, 22, 616.40
1587522822, 22, 70, 252, 9, 0, 0.40%, 8, 29, 22, 609.10
1587522827, 22, 79, 252, 9, 0, 0.40%, 8, 29, 22, 625.00
1587522832, 22, 80, 252, 9, 0, 0.40%, 8, 29, 22, 623.91
1587522837, 22, 94, 252, 9, 0, 0.40%, 8, 29, 22, 631.91
1587522842, 22, 122, 252, 9, 0, 0.40%, 8, 29, 22, 605.86
1587522847, 22, 126, 252, 9, 0, 0.40%, 8, 29, 22, 615.73
1587522852, 22, 148, 252, 9, 0, 0.40%, 8, 29, 22, 617.97
1587522857, 22, 177, 252, 9, 0, 0.40%, 8, 29, 22, 577.95
1587522862, 22, 208, 252, 9, 0, 0.40%, 8, 29, 22, 580.42
1587522872, 22, 223, 252, 9, 0, 0.40%, 8, 29, 22, 592.94
1587522882, 22, 228, 252, 9, 0, 0.40%, 8, 29, 22, 606.57
1587522903, 22, 240, 252, 9, 0, 0.40%, 8, 29, 22, 589.54
1587523000, 22, 241, 252, 8, 0, 0.40%, 8, 29, 22, 600.88
1587523020, 22, 244, 252, 8, 0, 0.40%, 8, 29, 22, 630.37
1587523102, 22, 247, 252, 7, 0, 0.40%, 8, 29, 22, 498.23
1587523234, 22, 247, 252, 7, 0, 0.40%, 9, 29, 22, 604.11
1587523264, 22, 248, 252, 6, 0, 0.40%, 9, 29, 22, 629.97
1587523285, 22, 250, 252, 6, 0, 0.40%, 9, 29, 22, 596.11
1587523467, 23, 12, 252, 5, 0, 0.40%, 9, 29, 22, 586.75
1587523472, 23, 22, 252, 5, 0, 0.40%, 9, 29, 22, 599.54
1587523477, 23, 32, 252, 5, 0, 0.40%, 9, 29, 22, 516.83
1587523483, 23, 36, 252, 5, 0, 0.40%, 9, 29, 22, 547.75
1587523488, 23, 39, 252, 5, 0, 0.40%, 9, 29, 22, 599.62
1587523493, 23, 52, 252, 5, 0, 0.40%, 9, 29, 22, 585.30
1587523498, 23, 54, 252, 5, 0, 0.40%, 9, 29, 22, 603.95
1587523503, 23, 56, 252, 5, 0, 0.40%, 9, 29, 22, 596.96
1587523508, 23, 61, 252, 5, 0, 0.40%, 9, 29, 22, 605.89
1587523513, 23, 68, 252, 5, 0, 0.40%, 9, 29, 22, 614.65
1587523518, 23, 79, 252, 5, 0, 0.40%, 9, 29, 22, 608.34
1587523524, 23, 80, 252, 5, 0, 0.40%, 9, 29, 22, 609.23
1587523529, 23, 85, 252, 5, 0, 0.40%, 9, 29, 22, 610.38
1587523534, 23, 86, 252, 5, 0, 0.40%, 9, 29, 22, 588.12
1587523559, 23, 97, 252, 4, 0, 0.40%, 9, 29, 22, 624.65
1587523564, 23, 157, 252, 4, 0, 0.40%, 9, 29, 22, 558.39
1587523574, 23, 207, 252, 4, 0, 0.40%, 9, 29, 22, 553.68
1587523585, 23, 241, 252, 4, 0, 0.40%, 9, 29, 22, 616.34
1587523605, 23, 248, 252, 4, 0, 0.40%, 9, 29, 22, 617.48
1587523625, 24, 11, 252, 4, 0, 0.40%, 9, 29, 22, 570.03
1587523630, 24, 22, 252, 4, 0, 0.40%, 9, 29, 22, 595.50
1587523636, 24, 33, 252, 4, 0, 0.40%, 9, 29, 22, 589.55
1587523641, 24, 37, 252, 4, 0, 0.40%, 9, 29, 22, 636.53
1587523646, 24, 44, 252, 4, 0, 0.40%, 9, 29, 22, 607.62
1587523651, 24, 54, 252, 4, 0, 0.40%, 9, 29, 22, 622.90
1587523656, 24, 57, 252, 4, 0, 0.40%, 9, 29, 22, 638.41
1587523661, 24, 59, 252, 4, 0, 0.40%, 9, 29, 22, 622.77
1587523666, 24, 63, 252, 4, 0, 0.40%, 9, 29, 22, 643.94
1587523671, 24, 68, 252, 4, 0, 0.40%, 9, 29, 22, 636.82
1587523676, 24, 73, 252, 4, 0, 0.40%, 9, 29, 22, 632.37
1587523681, 24, 79, 252, 4, 0, 0.40%, 9, 29, 22, 602.41
1587523687, 24, 94, 252, 4, 0, 0.40%, 9, 29, 22, 61.11
1587523692, 24, 108, 252, 4, 0, 0.40%, 9, 29, 22, 388.69
1587523698, 24, 127, 252, 4, 0, 0.40%, 9, 29, 22, 541.87
1587523703, 24, 155, 252, 4, 0, 0.40%, 9, 29, 22, 568.61
1587523708, 24, 159, 252, 4, 0, 0.40%, 9, 29, 22, 572.63
1587523713, 24, 163, 252, 4, 0, 0.40%, 9, 29, 22, 604.54
1587523718, 24, 177, 252, 4, 0, 0.40%, 9, 29, 22, 605.74
1587523723, 24, 193, 252, 4, 0, 0.40%, 9, 29, 22, 607.48
1587523728, 24, 207, 252, 4, 0, 0.40%, 9, 29, 22, 618.81
1587523733, 24, 226, 252, 4, 0, 0.40%, 9, 29, 22, 633.27
1587523738, 24, 234, 252, 4, 0, 0.40%, 9, 29, 22, 639.60
1587523749, 24, 240, 252, 4, 0, 0.40%, 9, 29, 22, 644.56
1587523769, 24, 241, 252, 4, 0, 0.40%, 9, 29, 22, 590.21
1587523789, 24, 245, 252, 4, 0, 0.40%, 9, 29, 22, 620.21
1587523932, 24, 245, 253, 5, 0, 0.40%, 9, 29, 22, 643.06
1587523942, 24, 245, 254, 6, 0, 0.40%, 9, 29, 22, 636.17
1587523983, 24, 248, 254, 5, 0, 0.40%, 9, 29, 22, 605.39
1587524003, 24, 251, 254, 5, 0, 0.40%, 10, 29, 22, 461.83
1587524024, 24, 253, 254, 5, 0, 0.40%, 10, 29, 22, 573.32
1587524237, 24, 253, 255, 6, 0, 0.40%, 10, 29, 22, 613.63
1587524299, 25, 12, 255, 5, 0, 0.40%, 10, 29, 22, 619.57
1587524304, 25, 32, 255, 5, 0, 0.40%, 10, 29, 22, 641.38
1587524309, 25, 36, 255, 5, 0, 0.40%, 10, 29, 22, 626.24
1587524314, 25, 38, 255, 5, 0, 0.40%, 10, 29, 22, 628.25
1587524319, 25, 42, 255, 5, 0, 0.40%, 10, 29, 22, 620.04
1587524324, 25, 44, 255, 5, 0, 0.40%, 10, 29, 22, 631.27
1587524329, 25, 54, 255, 5, 0, 0.40%, 10, 29, 22, 605.74
1587524335, 25, 56, 255, 5, 0, 0.40%, 10, 29, 22, 629.46
1587524340, 25, 61, 255, 5, 0, 0.40%, 10, 29, 22, 612.09
1587524345, 25, 68, 255, 5, 0, 0.40%, 10, 29, 22, 603.87
1587524350, 25, 72, 255, 5, 0, 0.40%, 10, 29, 22, 296.07
1587524355, 25, 79, 255, 5, 0, 0.40%, 10, 29, 22, 461.36
1587524360, 25, 126, 255, 5, 0, 0.40%, 10, 29, 22, 585.93
1587524365, 25, 136, 255, 5, 0, 0.40%, 10, 29, 22, 603.57
1587524370, 25, 160, 255, 5, 0, 0.40%, 10, 29, 22, 633.03
1587524375, 25, 165, 255, 5, 0, 0.40%, 10, 29, 22, 648.37
1587524396, 25, 177, 255, 5, 0, 0.40%, 10, 29, 22, 621.25
1587524401, 25, 191, 255, 5, 0, 0.40%, 10, 29, 22, 612.87
1587524416, 25, 229, 255, 5, 0, 0.40%, 10, 29, 22, 585.06
1587524548, 25, 235, 255, 4, 0, 0.40%, 10, 29, 22, 593.29
1587525152, 25, 241, 255, 3, 0, 0.40%, 10, 29, 22, 594.14
1587525157, 25, 248, 255, 3, 0, 0.40%, 10, 29, 22, 639.29
1587525167, 25, 252, 255, 3, 0, 0.40%, 10, 29, 22, 585.95
1587525416, 25, 254, 255, 2, 0, 0.40%, 10, 29, 22, 545.17
1587525906, 25, 254, 256, 3, 0, 0.40%, 10, 29, 22, 556.10
1587525972, 26, 10, 256, 2, 0, 0.40%, 10, 29, 22, 606.77
1587525978, 26, 20, 256, 2, 0, 0.40%, 10, 29, 22, 644.45
1587525983, 26, 33, 256, 2, 0, 0.40%, 10, 29, 22, 618.23
1587525988, 26, 37, 256, 2, 0, 0.40%, 10, 29, 22, 628.61
1587525993, 26, 44, 256, 2, 0, 0.40%, 10, 29, 22, 640.47
1587525998, 26, 54, 256, 2, 0, 0.40%, 10, 29, 22, 637.92
1587526003, 26, 59, 256, 2, 0, 0.40%, 10, 29, 22, 646.61
1587526008, 26, 61, 256, 2, 0, 0.40%, 10, 29, 22, 644.03
1587526013, 26, 72, 256, 2, 0, 0.40%, 10, 29, 22, 644.91
1587526018, 26, 79, 256, 2, 0, 0.40%, 10, 29, 22, 633.55
1587526023, 26, 105, 256, 2, 0, 0.40%, 10, 29, 22, 637.29
1587526028, 26, 107, 256, 2, 0, 0.40%, 10, 29, 22, 621.84
1587526033, 26, 165, 256, 2, 0, 0.40%, 10, 29, 22, 635.87
1587526044, 26, 174, 256, 2, 0, 0.40%, 10, 29, 22, 631.85
1587526049, 26, 194, 256, 2, 0, 0.40%, 10, 29, 22, 602.75
1587526054, 26, 202, 256, 2, 0, 0.40%, 10, 29, 22, 605.25
1587526064, 26, 241, 256, 2, 0, 0.40%, 10, 29, 22, 589.98
1587526069, 26, 248, 256, 2, 0, 0.40%, 10, 29, 22, 643.58
1587526074, 27, 5, 256, 2, 0, 0.40%, 10, 29, 22, 650.13
1587526079, 27, 18, 256, 2, 0, 0.40%, 10, 29, 22, 646.60
1587526084, 27, 32, 256, 2, 0, 0.40%, 10, 29, 22, 656.73
1587526089, 27, 36, 256, 2, 0, 0.40%, 10, 29, 22, 605.55
1587526094, 27, 39, 256, 2, 0, 0.40%, 10, 29, 22, 551.35
1587526099, 27, 40, 256, 2, 0, 0.40%, 10, 29, 22, 643.41
1587526104, 27, 54, 256, 2, 0, 0.40%, 10, 29, 22, 626.26
1587526109, 27, 56, 256, 2, 0, 0.40%, 10, 29, 22, 620.59
1587526114, 27, 61, 256, 2, 0, 0.40%, 10, 29, 22, 649.31
1587526119, 27, 63, 256, 2, 0, 0.40%, 10, 29, 22, 656.28
1587526124, 27, 72, 256, 2, 0, 0.40%, 10, 29, 22, 588.23
1587526130, 27, 74, 256, 2, 0, 0.40%, 10, 29, 22, 537.77
1587526135, 27, 79, 256, 2, 0, 0.40%, 10, 29, 22, 600.58
1587526140, 27, 88, 256, 2, 0, 0.40%, 10, 29, 22, 644.92
1587526145, 27, 94, 256, 2, 0, 0.40%, 10, 29, 22, 650.97
1587526150, 27, 135, 256, 2, 0, 0.40%, 10, 29, 22, 637.25
1587526155, 27, 158, 256, 2, 0, 0.40%, 10, 29, 22, 622.34
1587526160, 27, 203, 256, 2, 0, 0.40%, 10, 29, 22, 585.60
1587526170, 27, 205, 256, 2, 0, 0.40%, 10, 29, 22, 505.77
1587526180, 27, 235, 256, 2, 0, 0.40%, 10, 29, 22, 581.87
1587526195, 27, 241, 256, 2, 0, 0.40%, 10, 29, 22, 645.09
1587526200, 27, 242, 256, 2, 0, 0.40%, 10, 29, 22, 601.95
1587526221, 27, 248, 256, 2, 0, 0.40%, 10, 29, 22, 638.60
1587526226, 27, 249, 256, 2, 0, 0.40%, 10, 29, 22, 646.52
1587526241, 28, 8, 256, 2, 0, 0.40%, 10, 29, 22, 660.20
1587526246, 28, 20, 256, 2, 0, 0.40%, 10, 29, 22, 660.88
1587526251, 28, 33, 256, 2, 0, 0.40%, 10, 29, 22, 649.52
1587526256, 28, 37, 256, 2, 0, 0.40%, 10, 29, 22, 615.22
1587526261, 28, 44, 256, 2, 0, 0.40%, 10, 29, 22, 655.18
1587526266, 28, 54, 256, 2, 0, 0.40%, 10, 29, 22, 651.12
1587526272, 28, 56, 256, 2, 0, 0.40%, 10, 29, 22, 638.08
1587526277, 28, 61, 256, 2, 0, 0.40%, 10, 29, 22, 628.49
1587526282, 28, 62, 256, 2, 0, 0.40%, 10, 29, 22, 600.54
1587526287, 28, 72, 256, 2, 0, 0.40%, 10, 29, 22, 650.65
1587526292, 28, 79, 256, 2, 0, 0.40%, 10, 29, 22, 645.00
1587526297, 28, 94, 256, 2, 0, 0.40%, 10, 29, 22, 649.65
1587526302, 28, 145, 256, 2, 0, 0.40%, 10, 29, 22, 659.64
1587526307, 28, 148, 256, 2, 0, 0.40%, 10, 29, 22, 654.35
1587526317, 28, 164, 256, 2, 0, 0.40%, 10, 29, 22, 492.66
1587526332, 28, 211, 256, 2, 0, 0.40%, 10, 29, 22, 623.47
1587526342, 28, 223, 256, 2, 0, 0.40%, 10, 29, 22, 641.56
1587526352, 28, 234, 256, 2, 0, 0.40%, 10, 29, 22, 624.16
1587526362, 28, 239, 256, 2, 0, 0.40%, 10, 29, 22, 658.76
1587526378, 28, 241, 256, 2, 0, 0.40%, 10, 29, 22, 662.38
1587526383, 28, 248, 256, 2, 0, 0.40%, 10, 29, 22, 671.32
1587526388, 28, 254, 256, 2, 0, 0.40%, 11, 29, 22, 646.52
1587526413, 29, 14, 256, 2, 0, 0.40%, 11, 29, 22, 532.59
1587526419, 29, 28, 256, 2, 0, 0.40%, 11, 29, 22, 106.10
1587526424, 29, 33, 256, 2, 0, 0.40%, 11, 29, 22, 505.64
1587526429, 29, 39, 256, 2, 0, 0.40%, 11, 29, 22, 625.94
1587526434, 29, 44, 256, 2, 0, 0.40%, 11, 29, 22, 622.60
1587526439, 29, 54, 256, 2, 0, 0.40%, 11, 29, 22, 621.90
1587526444, 29, 56, 256, 2, 0, 0.40%, 11, 29, 22, 604.77
1587526449, 29, 61, 256, 2, 0, 0.40%, 11, 29, 22, 628.35
1587526454, 29, 68, 256, 2, 0, 0.40%, 11, 29, 22, 645.95
1587526459, 29, 79, 256, 2, 0, 0.40%, 11, 29, 22, 636.47
1587526464, 29, 88, 256, 2, 0, 0.40%, 11, 29, 22, 651.50
1587526469, 29, 94, 256, 2, 0, 0.40%, 11, 29, 22, 635.18
1587526474, 29, 135, 256, 2, 0, 0.40%, 11, 29, 22, 641.76
1587526479, 29, 150, 256, 2, 0, 0.40%, 11, 29, 22, 628.18
1587526484, 29, 174, 256, 2, 0, 0.40%, 11, 29, 22, 634.12
1587526490, 29, 177, 256, 2, 0, 0.40%, 11, 29, 22, 581.12
1587526495, 29, 205, 256, 2, 0, 0.40%, 11, 29, 22, 559.66
1587526500, 29, 210, 256, 2, 0, 0.40%, 11, 29, 22, 588.58
1587526505, 29, 236, 256, 2, 0, 0.40%, 11, 29, 22, 546.99
1587527363, 29, 236, 257, 3, 0, 0.40%, 11, 29, 22, 556.12
1587527369, 29, 236, 258, 4, 0, 0.40%, 11, 29, 22, 582.35
1587527414, 29, 241, 258, 3, 0, 0.40%, 11, 29, 22, 634.22
1587527419, 29, 248, 258, 3, 0, 0.40%, 11, 29, 22, 654.55
1587527425, 29, 254, 258, 3, 0, 0.40%, 11, 29, 22, 628.15
1587527445, 29, 255, 259, 4, 0, 0.40%, 11, 29, 22, 471.54
1587528556, 29, 255, 260, 5, 0, 0.40%, 11, 29, 22, 487.31
1587528622, 29, 257, 260, 4, 0, 0.40%, 11, 29, 22, 264.67
1587530203, 29, 257, 261, 5, 0, 0.40%, 11, 29, 22, 432.42
1587530254, 30, 7, 261, 4, 0, 0.40%, 11, 29, 22, 578.33
1587530259, 30, 14, 261, 4, 0, 0.40%, 11, 29, 22, 586.15
1587530264, 30, 32, 261, 4, 0, 0.40%, 11, 29, 22, 617.29
1587530269, 30, 36, 261, 4, 0, 0.40%, 11, 29, 22, 609.00
1587530274, 30, 39, 261, 4, 0, 0.40%, 11, 29, 22, 631.90
1587530279, 30, 44, 261, 4, 0, 0.40%, 11, 29, 22, 613.67
1587530284, 30, 50, 261, 4, 0, 0.40%, 11, 29, 22, 623.23
1587530289, 30, 56, 261, 4, 0, 0.40%, 11, 29, 22, 638.57
1587530294, 30, 59, 261, 4, 0, 0.40%, 11, 29, 22, 561.07
1587530299, 30, 68, 261, 4, 0, 0.40%, 11, 29, 22, 608.33
1587530304, 30, 72, 261, 4, 0, 0.40%, 11, 29, 22, 584.32
1587530309, 30, 73, 261, 4, 0, 0.40%, 11, 29, 22, 626.50
1587530314, 30, 94, 261, 4, 0, 0.40%, 11, 29, 22, 633.78
1587530319, 30, 120, 261, 4, 0, 0.40%, 11, 29, 22, 626.94
1587530324, 30, 123, 261, 4, 0, 0.40%, 11, 29, 22, 630.00
1587530329, 30, 125, 261, 4, 0, 0.40%, 11, 29, 22, 628.69
1587530334, 30, 144, 261, 4, 0, 0.40%, 11, 29, 22, 596.12
1587530340, 30, 177, 261, 4, 0, 0.40%, 11, 29, 22, 600.44
1587530345, 30, 219, 261, 4, 0, 0.40%, 11, 29, 22, 517.39
1587530355, 30, 222, 261, 4, 0, 0.40%, 11, 29, 22, 592.18
1587530360, 30, 223, 261, 4, 0, 0.40%, 11, 29, 22, 594.91
1587530365, 30, 241, 261, 4, 0, 0.40%, 11, 29, 22, 592.06
1587530371, 30, 248, 261, 4, 0, 0.40%, 11, 29, 22, 615.58
1587530376, 30, 256, 261, 4, 0, 0.40%, 11, 29, 22, 542.05
1587531763, 30, 260, 261, 3, 0, 0.40%, 11, 29, 22, 542.62
1587534481, 30, 260, 262, 4, 0, 0.40%, 11, 29, 23, 466.73
1587534496, 30, 260, 263, 5, 0, 0.40%, 11, 29, 23, 452.23
1587534552, 30, 262, 263, 4, 0, 0.40%, 11, 29, 23, 392.12
1587542037, 30, 262, 264, 5, 0, 0.40%, 11, 29, 24, 351.61
1587542058, 30, 262, 265, 6, 0, 0.40%, 11, 29, 24, 369.27
1587542124, 31, 12, 265, 5, 0, 0.40%, 11, 29, 24, 626.28
1587542129, 31, 32, 265, 5, 0, 0.40%, 11, 29, 24, 634.91
1587542134, 31, 35, 265, 5, 0, 0.40%, 11, 29, 24, 619.90
1587542139, 31, 37, 265, 5, 0, 0.40%, 11, 29, 24, 166.71
1587542144, 31, 39, 265, 5, 0, 0.40%, 11, 29, 24, 535.20
1587542149, 31, 44, 265, 5, 0, 0.40%, 11, 29, 24, 627.71
1587542154, 31, 56, 265, 5, 0, 0.40%, 11, 29, 24, 622.53
1587542159, 31, 59, 265, 5, 0, 0.40%, 11, 29, 24, 635.82
1587542164, 31, 61, 265, 5, 0, 0.40%, 11, 29, 24, 620.85
1587542169, 31, 72, 265, 5, 0, 0.40%, 11, 29, 24, 612.33
1587542174, 31, 79, 265, 5, 0, 0.40%, 11, 29, 24, 598.50
1587542179, 31, 94, 265, 5, 0, 0.40%, 11, 29, 24, 589.23
1587542184, 31, 105, 265, 5, 0, 0.40%, 11, 29, 24, 617.89
1587542189, 31, 111, 265, 5, 0, 0.40%, 11, 29, 24, 606.07
1587542194, 31, 129, 265, 5, 0, 0.40%, 11, 29, 24, 593.42
1587542200, 31, 141, 265, 5, 0, 0.40%, 11, 29, 24, 609.78
1587542205, 31, 180, 265, 5, 0, 0.40%, 11, 29, 24, 602.20
1587542210, 31, 185, 265, 5, 0, 0.40%, 11, 29, 24, 611.94
1587542215, 31, 211, 265, 5, 0, 0.40%, 11, 29, 24, 610.71
1587542220, 31, 241, 265, 5, 0, 0.40%, 11, 29, 24, 600.69
1587542225, 31, 248, 265, 5, 0, 0.40%, 11, 29, 24, 606.22
1587542235, 31, 259, 265, 5, 0, 0.40%, 11, 29, 24, 375.91
1587542240, 31, 259, 266, 6, 0, 0.40%, 11, 29, 24, 305.86
1587544973, 31, 259, 267, 7, 0, 0.40%, 11, 29, 24, 403.38
1587545013, 31, 261, 267, 6, 0, 0.40%, 11, 29, 24, 376.50
1587548514, 31, 263, 267, 5, 0, 0.40%, 11, 29, 24, 350.63
1587555830, 31, 264, 267, 4, 0, 0.40%, 11, 29, 24, 520.75
1587566709, 32, 20, 267, 3, 0, 0.40%, 11, 29, 24, 624.59
