# unix_time, cycles_done, cur_path, paths_total, pending_total, pending_favs, map_size, unique_crashes, unique_hangs, max_depth, execs_per_sec
1587589088, 0, 0, 1, 1, 1, 0.49%, 0, 0, 1, 380.95
1587589094, 0, 0, 63, 63, 1, 1.08%, 0, 2, 2, 52.68
1587589099, 0, 0, 83, 83, 1, 1.15%, 0, 6, 2, 55.29
1587589104, 0, 0, 100, 100, 1, 1.23%, 0, 9, 2, 501.34
1587589110, 0, 0, 123, 123, 1, 1.27%, 0, 12, 2, 61.47
1587589115, 0, 0, 137, 137, 1, 1.28%, 0, 15, 2, 547.92
1587589120, 0, 0, 150, 150, 1, 1.28%, 0, 16, 2, 555.51
1587589126, 0, 0, 161, 161, 1, 1.32%, 0, 18, 2, 83.33
1587589131, 0, 0, 166, 166, 1, 1.32%, 0, 21, 2, 565.00
1587589136, 0, 0, 183, 183, 1, 1.34%, 0, 21, 2, 513.31
1587589141, 0, 0, 194, 194, 1, 1.34%, 0, 22, 2, 486.85
1587589146, 0, 0, 204, 204, 1, 1.35%, 0, 23, 2, 485.61
1587589151, 0, 0, 210, 210, 1, 1.35%, 0, 25, 2, 523.44
1587589156, 0, 0, 220, 220, 1, 1.36%, 0, 26, 2, 504.07
1587589162, 0, 0, 227, 227, 1, 1.36%, 0, 28, 2, 37.27
1587589167, 0, 0, 232, 232, 1, 1.37%, 0, 28, 2, 502.69
1587589173, 0, 0, 233, 233, 1, 1.37%, 0, 29, 2, 25.88
1587589178, 0, 0, 237, 237, 1, 1.38%, 0, 29, 2, 491.09
1587589183, 0, 0, 238, 238, 1, 1.38%, 0, 30, 2, 482.08
1587589189, 0, 0, 239, 239, 1, 1.38%, 0, 32, 2, 28.55
1587589194, 0, 22, 248, 247, 59, 1.42%, 0, 33, 3, 508.08
1587589200, 0, 22, 256, 255, 59, 1.43%, 0, 35, 3, 48.72
1587589205, 0, 22, 268, 267, 59, 1.48%, 0, 36, 3, 508.24
1587589210, 0, 22, 269, 268, 59, 1.48%, 0, 38, 3, 466.27
1587589216, 0, 22, 278, 277, 59, 1.51%, 0, 40, 3, 88.94
1587589221, 0, 22, 284, 283, 59, 1.52%, 0, 41, 3, 464.48
1587589226, 0, 22, 287, 286, 59, 1.54%, 0, 43, 3, 73.45
1587589231, 0, 22, 292, 291, 59, 1.54%, 0, 43, 3, 511.89
1587589236, 0, 22, 294, 293, 59, 1.55%, 0, 44, 3, 495.39
1587589241, 0, 22, 301, 300, 59, 1.58%, 0, 44, 3, 499.49
1587589247, 0, 22, 304, 303, 59, 1.58%, 0, 45, 3, 492.43
1587589252, 0, 22, 308, 307, 59, 1.61%, 0, 46, 3, 537.70
1587589257, 0, 22, 313, 312, 59, 1.64%, 0, 47, 3, 496.60
1587589262, 0, 22, 318, 317, 59, 1.65%, 0, 48, 3, 485.86
1587589272, 0, 22, 320, 319, 59, 1.68%, 0, 49, 3, 75.39
1587589277, 0, 22, 322, 321, 59, 1.69%, 0, 49, 3, 534.67
1587589282, 0, 23, 323, 321, 83, 1.69%, 0, 49, 3, 526.05
1587589287, 0, 30, 324, 321, 82, 1.69%, 0, 49, 3, 526.42
1587589293, 0, 30, 328, 325, 82, 1.69%, 0, 51, 3, 17.94
1587589298, 0, 30, 332, 329, 82, 1.69%, 0, 51, 3, 490.61
1587589303, 0, 30, 336, 333, 82, 1.70%, 0, 51, 3, 513.44
1587589308, 0, 30, 338, 335, 82, 1.70%, 0, 51, 3, 500.45
1587589313, 0, 30, 340, 337, 82, 1.70%, 0, 52, 3, 514.18
1587589318, 0, 30, 342, 339, 82, 1.70%, 0, 52, 3, 494.02
1587589323, 0, 30, 343, 340, 82, 1.70%, 0, 54, 3, 513.23
1587589329, 0, 30, 345, 342, 82, 1.70%, 0, 54, 3, 506.90
1587589339, 0, 30, 349, 346, 82, 1.70%, 0, 54, 3, 499.35
1587589344, 0, 30, 353, 350, 82, 1.70%, 0, 55, 3, 19.70
1587589349, 0, 30, 354, 351, 82, 1.70%, 0, 55, 3, 472.38
1587589355, 0, 30, 356, 353, 82, 1.72%, 0, 55, 3, 513.58
1587589360, 0, 31, 356, 352, 81, 1.72%, 0, 55, 3, 527.09
1587589365, 0, 39, 361, 356, 80, 1.73%, 0, 55, 3, 541.53
1587589370, 0, 39, 365, 360, 80, 1.73%, 0, 55, 3, 499.16
1587589375, 0, 39, 367, 362, 80, 1.74%, 0, 55, 3, 485.23
1587589380, 0, 39, 372, 367, 80, 1.75%, 0, 55, 3, 415.90
1587589385, 0, 39, 379, 374, 80, 1.75%, 0, 55, 3, 455.70
1587589390, 0, 39, 384, 379, 80, 1.75%, 0, 55, 3, 447.92
1587589396, 0, 39, 386, 381, 80, 1.76%, 0, 56, 3, 82.78
1587589401, 0, 39, 386, 381, 80, 1.76%, 0, 58, 3, 515.00
1587589407, 0, 39, 389, 384, 80, 1.76%, 0, 58, 3, 502.03
1587589412, 0, 39, 391, 386, 80, 1.76%, 0, 59, 3, 482.73
1587589418, 0, 39, 391, 386, 80, 1.76%, 0, 60, 3, 48.85
1587589433, 0, 39, 392, 387, 80, 1.76%, 0, 60, 3, 475.17
1587589438, 0, 39, 394, 389, 80, 1.76%, 0, 60, 3, 488.15
1587589443, 0, 45, 396, 390, 88, 1.76%, 0, 60, 3, 435.94
1587589448, 0, 47, 396, 389, 87, 1.76%, 0, 60, 3, 461.77
1587589453, 0, 64, 396, 387, 85, 1.76%, 0, 61, 3, 459.26
1587589459, 0, 66, 396, 386, 84, 1.76%, 0, 62, 3, 15.86
1587589464, 0, 78, 397, 386, 83, 1.76%, 0, 63, 3, 526.35
1587589469, 0, 100, 398, 386, 82, 1.76%, 0, 63, 3, 501.22
1587589474, 0, 100, 400, 388, 82, 1.77%, 0, 64, 3, 25.95
1587589480, 0, 100, 403, 391, 82, 1.77%, 0, 64, 3, 503.48
1587589485, 0, 100, 404, 392, 82, 1.77%, 0, 64, 3, 500.87
1587589490, 0, 100, 404, 392, 82, 1.77%, 0, 65, 3, 507.73
1587589495, 0, 100, 405, 393, 82, 1.77%, 0, 65, 3, 504.53
1587589505, 0, 100, 407, 395, 82, 1.77%, 0, 65, 3, 501.04
1587589510, 0, 100, 408, 396, 82, 1.77%, 0, 65, 3, 503.55
1587589525, 0, 100, 410, 398, 82, 1.77%, 0, 65, 3, 482.94
1587589530, 0, 100, 411, 399, 82, 1.77%, 0, 65, 3, 501.98
1587589535, 0, 100, 412, 400, 82, 1.84%, 0, 65, 3, 487.79
1587589540, 0, 108, 413, 400, 83, 1.84%, 0, 65, 3, 505.45
1587589545, 0, 111, 414, 400, 82, 1.84%, 0, 65, 3, 552.97
1587589551, 0, 111, 415, 401, 82, 1.84%, 0, 65, 3, 523.92
1587589556, 0, 111, 417, 403, 82, 1.84%, 0, 65, 3, 492.91
1587589566, 0, 111, 419, 405, 82, 1.84%, 0, 65, 3, 490.88
1587589581, 0, 111, 420, 406, 82, 1.85%, 0, 65, 3, 518.93
1587589586, 0, 111, 422, 408, 82, 1.85%, 0, 65, 3, 509.73
1587589601, 0, 111, 424, 410, 82, 1.97%, 0, 65, 3, 513.22
1587589606, 0, 111, 425, 411, 82, 1.97%, 0, 65, 3, 518.54
1587589617, 0, 112, 425, 410, 84, 1.97%, 0, 66, 3, 12.39
1587589622, 0, 112, 428, 413, 84, 1.97%, 0, 67, 3, 327.77
1587589633, 0, 112, 430, 415, 84, 1.98%, 0, 67, 3, 300.12
1587589638, 0, 112, 431, 416, 84, 1.98%, 0, 67, 3, 282.86
1587589643, 0, 112, 431, 416, 84, 1.98%, 0, 68, 3, 195.99
1587589653, 0, 112, 431, 416, 84, 1.98%, 0, 69, 3, 253.88
1587589658, 0, 112, 432, 417, 84, 1.98%, 0, 69, 3, 267.50
1587589689, 0, 112, 433, 418, 84, 1.98%, 0, 69, 3, 274.16
1587589699, 0, 112, 433, 418, 84, 1.98%, 0, 71, 3, 363.06
1587589709, 0, 112, 433, 418, 84, 1.98%, 0, 73, 3, 265.45
1587589719, 0, 112, 434, 419, 84, 1.98%, 0, 73, 3, 268.60
1587589724, 0, 112, 435, 420, 84, 1.98%, 0, 73, 3, 277.23
1587589745, 0, 122, 435, 418, 85, 1.98%, 0, 73, 3, 412.29
1587589750, 0, 133, 436, 417, 83, 1.98%, 0, 73, 3, 57.64
1587589755, 0, 133, 439, 420, 83, 1.99%, 0, 73, 3, 458.49
1587589761, 0, 133, 444, 425, 83, 2.01%, 0, 73, 3, 480.19
1587589766, 0, 133, 445, 426, 83, 2.01%, 0, 73, 3, 476.72
1587589771, 0, 133, 446, 427, 83, 2.01%, 0, 73, 3, 473.19
1587589776, 0, 133, 448, 429, 83, 2.08%, 0, 73, 3, 479.24
1587589781, 0, 133, 449, 430, 83, 2.08%, 0, 74, 3, 117.42
1587589786, 0, 133, 450, 431, 83, 2.08%, 0, 75, 3, 373.25
1587589822, 0, 133, 451, 432, 83, 2.08%, 0, 75, 3, 474.61
1587589827, 0, 134, 451, 431, 92, 2.08%, 0, 76, 3, 448.98
1587589832, 0, 153, 451, 429, 90, 2.08%, 0, 76, 3, 463.23
1587589837, 0, 159, 452, 429, 90, 2.09%, 0, 77, 3, 553.68
1587589842, 0, 174, 460, 436, 89, 2.11%, 0, 77, 3, 546.83
1587589847, 0, 175, 461, 436, 94, 2.11%, 0, 78, 3, 39.16
1587589852, 0, 175, 462, 437, 94, 2.11%, 0, 78, 3, 544.65
1587589857, 0, 175, 464, 439, 94, 2.11%, 0, 79, 3, 441.25
1587589862, 0, 175, 468, 443, 94, 2.11%, 0, 79, 3, 453.86
1587589877, 0, 175, 469, 444, 94, 2.11%, 0, 79, 3, 464.70
1587589883, 0, 175, 470, 445, 94, 2.11%, 0, 79, 3, 448.72
1587589888, 0, 175, 471, 446, 94, 2.11%, 0, 79, 3, 459.15
1587589898, 0, 175, 473, 448, 94, 2.12%, 0, 79, 3, 440.18
1587589903, 0, 175, 476, 451, 94, 2.12%, 0, 79, 3, 466.24
1587589908, 0, 175, 478, 453, 94, 2.12%, 0, 79, 3, 462.72
1587589918, 0, 175, 480, 455, 94, 2.12%, 0, 79, 3, 448.80
1587589928, 0, 187, 480, 453, 98, 2.12%, 0, 79, 3, 498.17
1587589934, 0, 192, 480, 452, 97, 2.12%, 0, 81, 3, 54.83
1587589939, 0, 196, 481, 451, 95, 2.12%, 0, 81, 3, 487.83
1587589944, 0, 196, 484, 454, 95, 2.13%, 0, 81, 3, 508.25
1587589949, 0, 196, 487, 457, 95, 2.24%, 0, 81, 3, 507.28
1587589954, 0, 196, 488, 458, 95, 2.24%, 0, 81, 3, 475.68
1587589965, 0, 196, 489, 459, 95, 2.25%, 0, 81, 3, 496.71
1587589970, 0, 196, 489, 459, 95, 2.25%, 0, 82, 3, 446.20
1587589980, 0, 196, 490, 460, 95, 2.27%, 0, 82, 3, 420.16
1587589985, 0, 196, 493, 463, 95, 2.29%, 0, 82, 3, 433.68
1587589995, 0, 196, 494, 464, 95, 2.29%, 0, 82, 3, 466.60
1587590000, 0, 196, 496, 466, 95, 2.29%, 0, 82, 3, 496.99
1587590005, 0, 196, 497, 467, 95, 2.29%, 0, 82, 3, 495.64
1587590015, 0, 201, 498, 467, 98, 2.29%, 0, 82, 3, 539.09
1587590020, 0, 201, 502, 471, 98, 2.29%, 0, 82, 3, 526.76
1587590025, 0, 201, 503, 472, 98, 2.29%, 0, 82, 3, 521.81
1587590030, 0, 201, 507, 476, 98, 2.30%, 0, 82, 3, 506.94
1587590035, 0, 201, 508, 477, 98, 2.30%, 0, 82, 3, 503.85
1587590041, 0, 201, 511, 480, 98, 2.30%, 0, 82, 3, 490.22
1587590081, 0, 201, 512, 481, 98, 2.30%, 0, 82, 3, 522.74
1587590086, 0, 203, 512, 480, 98, 2.30%, 0, 82, 3, 528.16
1587590091, 0, 214, 514, 481, 97, 2.30%, 0, 82, 3, 527.42
1587590096, 0, 227, 514, 480, 96, 2.30%, 0, 82, 3, 533.63
1587590101, 0, 227, 518, 484, 96, 2.30%, 0, 82, 3, 502.96
1587590122, 0, 227, 519, 485, 96, 2.30%, 0, 82, 3, 482.72
1587590137, 0, 227, 519, 485, 96, 2.30%, 0, 83, 3, 492.31
1587590142, 0, 227, 522, 488, 96, 2.30%, 0, 83, 3, 486.43
1587590147, 0, 227, 524, 490, 96, 2.31%, 0, 83, 3, 487.42
1587590152, 0, 227, 526, 492, 96, 2.31%, 0, 83, 3, 506.67
1587590157, 0, 227, 527, 493, 96, 2.31%, 0, 83, 3, 508.97
1587590167, 0, 234, 527, 492, 98, 2.31%, 0, 83, 3, 530.48
1587590173, 0, 238, 527, 491, 97, 2.31%, 0, 84, 3, 19.43
1587590178, 0, 239, 529, 492, 96, 2.31%, 0, 84, 3, 467.67
1587590183, 0, 244, 529, 491, 95, 2.31%, 0, 84, 3, 434.94
1587590188, 0, 244, 534, 496, 95, 2.31%, 0, 84, 4, 512.66
1587590203, 0, 244, 536, 498, 95, 2.31%, 0, 84, 4, 521.32
1587590254, 0, 245, 537, 498, 96, 2.31%, 0, 85, 4, 541.69
1587590259, 0, 247, 537, 497, 95, 2.31%, 0, 85, 4, 515.82
1587590264, 0, 249, 537, 496, 94, 2.31%, 0, 85, 4, 539.19
1587590269, 0, 249, 538, 497, 94, 2.32%, 0, 85, 4, 518.95
1587590274, 0, 254, 538, 496, 93, 2.32%, 0, 86, 4, 549.46
1587590279, 0, 257, 538, 495, 92, 2.32%, 0, 86, 4, 496.49
1587590284, 0, 258, 538, 494, 91, 2.32%, 0, 86, 4, 453.81
1587590290, 0, 265, 539, 494, 90, 2.32%, 0, 87, 4, 26.02
1587590295, 0, 265, 543, 498, 90, 2.33%, 0, 87, 4, 491.06
1587590305, 0, 265, 545, 500, 90, 2.33%, 0, 87, 4, 496.83
1587590310, 0, 265, 546, 501, 90, 2.33%, 0, 87, 4, 494.22
1587590315, 0, 265, 547, 502, 90, 2.33%, 0, 87, 4, 473.76
1587590325, 0, 265, 548, 503, 90, 2.33%, 0, 87, 4, 492.33
1587590346, 0, 265, 551, 506, 90, 2.33%, 0, 87, 4, 472.83
1587590361, 0, 266, 552, 506, 91, 2.33%, 0, 87, 4, 491.50
1587590366, 0, 266, 554, 508, 91, 2.33%, 0, 87, 4, 468.73
1587590371, 0, 266, 555, 509, 91, 2.34%, 0, 87, 4, 461.02
1587590381, 0, 266, 555, 509, 91, 2.34%, 0, 88, 4, 438.95
1587590387, 0, 266, 556, 510, 91, 2.34%, 0, 88, 4, 472.84
1587590392, 0, 266, 558, 512, 91, 2.34%, 0, 88, 4, 480.32
1587590397, 0, 266, 559, 513, 91, 2.34%, 0, 88, 4, 480.32
1587590402, 0, 266, 560, 514, 91, 2.34%, 0, 88, 4, 480.51
1587590412, 0, 266, 561, 515, 91, 2.34%, 0, 88, 4, 484.27
1587590427, 0, 266, 562, 516, 91, 2.35%, 0, 88, 4, 482.44
1587590432, 0, 267, 564, 517, 95, 2.35%, 0, 88, 4, 512.90
1587590442, 0, 269, 566, 518, 94, 2.37%, 0, 88, 4, 504.28
1587590452, 0, 272, 566, 517, 95, 2.37%, 0, 88, 4, 456.05
1587590457, 0, 273, 567, 517, 94, 2.38%, 0, 88, 4, 480.67
1587590462, 0, 273, 568, 518, 94, 2.38%, 0, 88, 4, 447.28
1587590468, 0, 280, 571, 519, 93, 2.38%, 0, 88, 4, 482.47
1587590473, 0, 283, 571, 518, 94, 2.38%, 0, 88, 4, 517.14
1587590478, 0, 283, 572, 519, 94, 2.38%, 0, 88, 4, 495.35
1587590483, 0, 294, 572, 517, 92, 2.38%, 0, 88, 4, 491.73
1587590488, 0, 299, 572, 516, 91, 2.38%, 0, 89, 4, 499.84
1587590493, 0, 299, 574, 518, 91, 2.38%, 0, 89, 4, 491.68
1587590498, 0, 301, 578, 521, 90, 2.41%, 0, 89, 4, 508.45
1587590503, 0, 305, 579, 521, 92, 2.41%, 0, 90, 4, 551.29
1587590508, 0, 305, 582, 524, 92, 2.41%, 0, 90, 4, 504.80
1587590513, 0, 305, 583, 525, 92, 2.41%, 0, 90, 4, 481.20
1587590518, 0, 305, 583, 525, 92, 2.41%, 0, 92, 4, 535.00
1587590524, 0, 305, 586, 528, 92, 2.41%, 0, 92, 4, 503.81
1587590529, 0, 305, 587, 529, 92, 2.41%, 0, 92, 4, 507.54
1587590534, 0, 305, 588, 530, 92, 2.41%, 0, 93, 4, 503.25
1587590554, 0, 305, 589, 531, 92, 2.41%, 0, 93, 4, 500.65
1587590559, 0, 307, 589, 530, 91, 2.41%, 0, 93, 4, 507.40
1587590564, 0, 307, 592, 533, 91, 2.41%, 0, 93, 4, 514.72
1587590575, 0, 307, 592, 533, 91, 2.41%, 0, 94, 4, 515.85
1587590580, 0, 307, 593, 534, 91, 2.41%, 0, 94, 4, 437.08
1587590590, 0, 307, 594, 535, 91, 2.41%, 0, 94, 4, 480.13
1587590595, 0, 307, 595, 536, 91, 2.41%, 0, 94, 4, 482.45
1587590605, 0, 307, 597, 538, 91, 2.41%, 0, 94, 4, 490.60
1587590615, 0, 307, 599, 540, 91, 2.41%, 0, 94, 4, 519.37
1587590630, 0, 310, 600, 540, 91, 2.41%, 0, 95, 4, 522.39
1587590635, 0, 310, 604, 544, 91, 2.41%, 0, 95, 4, 533.90
1587590641, 0, 310, 610, 550, 91, 2.41%, 0, 95, 4, 499.83
1587590646, 0, 310, 611, 551, 91, 2.41%, 0, 95, 4, 439.65
1587590656, 0, 310, 615, 555, 91, 2.42%, 0, 95, 4, 495.04
1587590661, 0, 310, 616, 556, 91, 2.42%, 0, 95, 4, 507.71
1587590666, 0, 310, 618, 558, 91, 2.42%, 0, 95, 4, 499.43
1587590671, 0, 310, 620, 560, 91, 2.42%, 0, 95, 4, 513.67
1587590692, 0, 310, 621, 561, 91, 2.42%, 0, 95, 4, 495.68
1587590697, 0, 310, 622, 562, 91, 2.42%, 0, 95, 4, 507.66
1587590702, 0, 312, 623, 562, 92, 2.42%, 0, 95, 4, 499.26
1587590707, 0, 313, 624, 562, 91, 2.42%, 0, 95, 4, 499.70
1587590712, 0, 313, 626, 564, 91, 2.42%, 0, 95, 4, 472.42
1587590717, 0, 313, 627, 565, 91, 2.44%, 0, 95, 4, 470.21
1587590727, 0, 313, 628, 566, 91, 2.44%, 0, 95, 4, 483.23
1587590732, 0, 313, 629, 567, 91, 2.44%, 0, 96, 4, 499.58
1587590737, 0, 313, 630, 568, 91, 2.44%, 0, 96, 4, 495.52
1587590778, 0, 315, 631, 568, 92, 2.44%, 0, 96, 4, 536.71
1587590783, 0, 315, 632, 569, 92, 2.44%, 0, 96, 4, 520.99
1587590788, 0, 318, 632, 568, 91, 2.44%, 0, 97, 4, 407.54
1587590793, 0, 320, 633, 568, 90, 2.44%, 0, 97, 4, 468.78
1587590798, 0, 320, 634, 569, 90, 2.44%, 0, 97, 4, 500.60
1587590804, 0, 321, 634, 568, 89, 2.44%, 0, 98, 4, 556.64
1587590809, 0, 323, 634, 567, 88, 2.44%, 0, 98, 4, 534.05
1587590814, 0, 329, 634, 566, 87, 2.44%, 0, 98, 4, 550.95
1587590819, 0, 330, 634, 565, 86, 2.44%, 0, 98, 4, 537.40
1587590824, 0, 334, 636, 566, 85, 2.44%, 0, 98, 4, 532.33
1587590829, 0, 336, 636, 565, 85, 2.44%, 0, 99, 4, 46.30
1587590834, 0, 337, 636, 564, 84, 2.44%, 0, 99, 4, 512.60
1587590839, 0, 339, 653, 580, 83, 2.44%, 0, 99, 4, 531.83
1587590844, 0, 339, 654, 581, 83, 2.44%, 0, 100, 4, 457.27
1587590849, 0, 339, 659, 586, 83, 2.44%, 0, 100, 4, 499.06
1587590864, 0, 339, 660, 587, 83, 2.44%, 0, 100, 4, 488.83
1587590870, 0, 339, 663, 590, 83, 2.44%, 0, 100, 4, 486.34
1587590875, 0, 339, 664, 591, 83, 2.44%, 0, 100, 4, 438.17
1587590885, 0, 339, 664, 591, 83, 2.44%, 0, 101, 4, 458.14
1587590890, 0, 339, 666, 593, 83, 2.44%, 0, 101, 4, 465.90
1587590895, 0, 339, 668, 595, 83, 2.44%, 0, 101, 4, 487.00
1587590900, 0, 350, 668, 593, 83, 2.44%, 0, 101, 4, 512.20
1587590905, 0, 355, 668, 592, 82, 2.44%, 0, 101, 4, 529.36
1587590910, 0, 356, 668, 591, 81, 2.44%, 0, 101, 4, 524.02
1587590915, 0, 357, 668, 590, 80, 2.44%, 0, 102, 4, 482.79
1587590920, 0, 362, 668, 589, 79, 2.44%, 0, 102, 4, 537.50
1587590926, 0, 362, 671, 592, 79, 2.44%, 0, 102, 4, 481.38
1587590931, 0, 362, 672, 593, 79, 2.44%, 0, 103, 4, 483.66
1587590936, 0, 362, 673, 594, 79, 2.44%, 0, 103, 4, 469.75
1587590941, 0, 362, 674, 595, 79, 2.44%, 0, 103, 4, 443.34
1587590956, 0, 362, 675, 596, 79, 2.44%, 0, 103, 4, 496.49
1587590966, 0, 362, 676, 597, 79, 2.44%, 0, 103, 4, 490.83
1587590992, 0, 366, 677, 597, 78, 2.44%, 0, 103, 4, 524.14
1587590997, 0, 367, 679, 598, 77, 2.44%, 0, 104, 4, 510.68
1587591002, 0, 367, 684, 603, 77, 2.45%, 0, 104, 4, 465.56
1587591007, 0, 367, 687, 606, 77, 2.45%, 0, 105, 4, 9.41
1587591012, 0, 367, 690, 609, 77, 2.45%, 0, 105, 4, 448.62
1587591017, 0, 367, 692, 611, 77, 2.45%, 0, 105, 4, 450.12
1587591022, 0, 367, 693, 612, 77, 2.46%, 0, 105, 4, 442.73
1587591028, 0, 367, 695, 614, 77, 2.46%, 0, 105, 4, 434.11
1587591033, 0, 367, 697, 616, 77, 2.46%, 0, 105, 4, 428.76
1587591038, 0, 367, 700, 619, 77, 2.46%, 0, 106, 4, 485.57
1587591043, 0, 367, 701, 620, 77, 2.46%, 0, 106, 4, 459.61
1587591048, 0, 367, 702, 621, 77, 2.46%, 0, 106, 4, 465.79
1587591053, 0, 367, 703, 622, 77, 2.46%, 0, 106, 4, 443.45
1587591063, 0, 367, 704, 623, 77, 2.46%, 0, 106, 4, 447.68
1587591073, 0, 367, 706, 625, 77, 2.46%, 0, 106, 4, 437.86
1587591078, 0, 393, 707, 624, 81, 2.46%, 0, 106, 4, 474.29
1587591083, 0, 398, 707, 623, 80, 2.46%, 0, 106, 4, 500.85
1587591089, 0, 411, 709, 624, 79, 2.46%, 0, 106, 4, 520.67
1587591094, 0, 411, 712, 627, 79, 2.47%, 0, 106, 4, 498.56
1587591099, 0, 411, 715, 630, 79, 2.47%, 0, 106, 4, 470.86
1587591104, 0, 411, 716, 631, 79, 2.47%, 0, 107, 4, 487.65
1587591109, 0, 411, 717, 632, 79, 2.48%, 0, 107, 4, 470.71
1587591114, 0, 411, 718, 633, 79, 2.48%, 0, 107, 4, 473.54
1587591119, 0, 411, 719, 634, 79, 2.48%, 0, 107, 4, 469.30
1587591124, 0, 411, 721, 636, 79, 2.48%, 0, 107, 4, 451.07
1587591134, 0, 411, 724, 639, 79, 2.49%, 0, 107, 4, 463.26
1587591139, 0, 411, 725, 640, 79, 2.49%, 0, 107, 4, 406.22
1587591144, 0, 411, 726, 641, 79, 2.49%, 0, 107, 4, 427.75
1587591149, 0, 411, 728, 643, 79, 2.49%, 0, 107, 4, 436.29
1587591159, 0, 411, 729, 644, 79, 2.49%, 0, 107, 4, 457.54
1587591165, 0, 413, 729, 643, 80, 2.49%, 0, 107, 4, 486.13
1587591175, 0, 427, 729, 642, 79, 2.49%, 0, 107, 4, 528.19
1587591180, 0, 427, 729, 642, 79, 2.49%, 0, 108, 4, 487.42
1587591185, 0, 427, 732, 645, 79, 2.50%, 0, 108, 4, 507.21
1587591190, 0, 427, 735, 648, 79, 2.50%, 0, 109, 4, 473.13
1587591195, 0, 427, 737, 650, 79, 2.51%, 0, 110, 4, 534.14
1587591205, 0, 427, 739, 652, 79, 2.51%, 0, 110, 4, 512.83
1587591215, 0, 427, 740, 653, 79, 2.51%, 0, 110, 4, 485.35
1587591221, 0, 427, 740, 653, 79, 2.51%, 0, 111, 4, 17.94
1587591227, 0, 427, 741, 654, 79, 2.51%, 0, 111, 4, 479.96
1587591232, 0, 427, 742, 655, 79, 2.51%, 0, 111, 4, 466.71
1587591238, 0, 427, 742, 655, 79, 2.51%, 0, 112, 4, 55.03
1587591243, 0, 427, 743, 656, 79, 2.51%, 0, 112, 4, 496.94
1587591248, 0, 427, 743, 656, 79, 2.51%, 0, 113, 4, 461.02
1587591258, 0, 436, 743, 655, 80, 2.51%, 0, 113, 4, 518.76
1587591268, 0, 438, 743, 654, 79, 2.51%, 0, 113, 4, 541.24
1587591278, 0, 438, 744, 655, 79, 2.51%, 0, 113, 4, 486.88
1587591283, 0, 440, 744, 654, 78, 2.51%, 0, 113, 4, 535.92
1587591288, 0, 440, 744, 654, 78, 2.51%, 0, 114, 4, 475.89
1587591293, 0, 442, 744, 653, 77, 2.51%, 0, 114, 4, 526.27
1587591299, 0, 444, 744, 652, 76, 2.51%, 0, 115, 4, 478.75
1587591314, 0, 446, 744, 651, 75, 2.51%, 0, 115, 4, 534.98
1587591329, 0, 446, 744, 651, 75, 2.51%, 0, 116, 4, 477.77
1587591339, 0, 447, 744, 650, 75, 2.51%, 0, 116, 4, 535.76
1587591349, 0, 451, 745, 650, 74, 2.51%, 0, 116, 4, 533.35
1587591355, 0, 452, 745, 649, 75, 2.51%, 0, 116, 4, 534.18
1587591360, 0, 453, 746, 649, 74, 2.51%, 0, 116, 4, 515.59
1587591365, 0, 454, 746, 648, 73, 2.51%, 0, 116, 4, 510.00
1587591370, 0, 455, 746, 647, 72, 2.51%, 0, 116, 4, 524.56
1587591375, 0, 456, 747, 647, 71, 2.51%, 0, 116, 4, 533.43
1587591380, 0, 457, 747, 646, 70, 2.51%, 0, 116, 4, 544.65
1587591385, 0, 458, 748, 646, 69, 2.51%, 0, 116, 4, 514.64
1587591390, 0, 459, 749, 646, 68, 2.51%, 0, 116, 4, 530.01
1587591405, 0, 459, 754, 651, 68, 2.51%, 0, 116, 4, 523.08
1587591416, 0, 459, 756, 653, 68, 2.51%, 0, 116, 4, 517.63
1587591426, 0, 459, 759, 656, 68, 2.51%, 0, 116, 4, 508.14
1587591441, 0, 459, 760, 657, 68, 2.51%, 0, 116, 4, 499.11
1587591446, 0, 459, 762, 659, 68, 2.51%, 0, 116, 4, 506.37
1587591466, 0, 460, 762, 658, 68, 2.51%, 0, 116, 4, 499.05
1587591476, 0, 468, 762, 657, 67, 2.51%, 0, 116, 4, 525.91
1587591481, 0, 468, 763, 658, 67, 2.51%, 0, 116, 4, 475.30
1587591486, 0, 468, 764, 659, 67, 2.51%, 0, 116, 4, 428.04
1587591492, 0, 469, 764, 658, 66, 2.51%, 0, 118, 4, 43.87
1587591503, 0, 469, 765, 659, 66, 2.51%, 0, 118, 4, 356.71
1587591508, 0, 469, 766, 660, 66, 2.51%, 0, 119, 4, 341.50
1587591513, 0, 471, 766, 659, 65, 2.51%, 0, 119, 4, 482.04
1587591519, 0, 472, 767, 659, 64, 2.51%, 0, 121, 4, 51.85
1587591545, 0, 478, 768, 659, 64, 2.51%, 0, 121, 4, 533.95
1587591550, 0, 495, 771, 661, 64, 2.54%, 0, 121, 4, 538.80
1587591555, 0, 495, 774, 664, 64, 2.54%, 0, 121, 4, 491.40
1587591560, 0, 495, 775, 665, 64, 2.54%, 0, 121, 4, 485.32
1587591565, 0, 495, 776, 666, 64, 2.54%, 0, 121, 4, 492.87
1587591570, 0, 495, 777, 667, 64, 2.54%, 0, 121, 4, 476.99
1587591580, 0, 495, 778, 668, 64, 2.54%, 0, 121, 4, 489.25
1587591585, 0, 495, 778, 668, 64, 2.54%, 0, 122, 4, 518.53
1587591601, 0, 495, 780, 670, 64, 2.54%, 0, 122, 4, 489.02
1587591621, 0, 505, 780, 669, 67, 2.54%, 0, 122, 4, 499.58
1587591626, 0, 505, 782, 671, 67, 2.54%, 0, 122, 4, 477.96
1587591637, 0, 513, 782, 669, 65, 2.54%, 0, 123, 4, 75.82
1587591642, 0, 513, 788, 675, 65, 2.54%, 0, 123, 4, 523.69
1587591652, 0, 513, 790, 677, 65, 2.54%, 0, 123, 4, 478.17
1587591672, 0, 513, 791, 678, 65, 2.54%, 0, 123, 4, 484.48
1587591677, 0, 513, 792, 679, 65, 2.54%, 0, 123, 4, 497.52
1587591708, 0, 522, 794, 680, 64, 2.55%, 0, 123, 4, 514.61
1587591713, 0, 523, 795, 680, 65, 2.55%, 0, 123, 4, 515.88
1587591738, 0, 524, 795, 679, 64, 2.55%, 0, 123, 4, 529.47
1587591748, 0, 529, 796, 679, 63, 2.55%, 0, 124, 4, 542.19
1587591753, 0, 529, 796, 679, 63, 2.55%, 0, 125, 4, 487.52
1587591759, 0, 534, 796, 678, 62, 2.55%, 0, 125, 4, 523.52
1587591764, 0, 534, 797, 679, 62, 2.55%, 0, 125, 5, 522.54
1587591769, 0, 534, 798, 680, 62, 2.55%, 0, 125, 5, 494.61
1587591774, 0, 534, 800, 682, 62, 2.55%, 0, 125, 5, 501.43
1587591789, 0, 534, 800, 682, 62, 2.55%, 0, 126, 5, 448.41
1587591804, 0, 534, 800, 682, 62, 2.55%, 0, 127, 5, 544.64
1587591835, 0, 542, 800, 681, 61, 2.55%, 0, 127, 5, 511.23
1587591840, 0, 549, 800, 680, 60, 2.55%, 0, 127, 5, 450.25
1587591845, 0, 552, 801, 680, 59, 2.55%, 0, 127, 5, 498.39
1587591850, 0, 552, 802, 681, 59, 2.55%, 0, 127, 5, 483.65
1587591855, 0, 552, 804, 683, 59, 2.55%, 0, 128, 5, 493.92
1587591860, 0, 552, 805, 684, 59, 2.55%, 0, 129, 5, 466.13
1587591871, 0, 552, 806, 685, 59, 2.55%, 0, 129, 5, 464.76
1587591876, 0, 552, 807, 686, 59, 2.55%, 0, 130, 5, 480.34
1587591886, 0, 552, 808, 687, 59, 2.55%, 0, 130, 5, 487.96
1587591891, 0, 552, 809, 688, 59, 2.55%, 0, 130, 5, 476.69
1587591901, 0, 552, 811, 690, 59, 2.55%, 0, 130, 5, 465.45
1587591916, 0, 552, 812, 691, 59, 2.55%, 0, 130, 5, 493.99
1587591921, 0, 556, 812, 690, 58, 2.55%, 0, 130, 5, 510.63
1587591946, 0, 556, 817, 695, 58, 2.55%, 0, 130, 5, 515.90
1587591952, 0, 556, 818, 696, 58, 2.55%, 0, 130, 5, 520.29
1587591957, 0, 556, 819, 697, 58, 2.55%, 0, 130, 5, 510.81
1587591972, 0, 556, 820, 698, 58, 2.55%, 0, 130, 5, 499.43
1587591997, 0, 556, 823, 701, 58, 2.55%, 0, 130, 5, 517.91
1587592008, 0, 561, 823, 700, 57, 2.55%, 0, 130, 5, 497.94
1587592013, 0, 561, 824, 701, 57, 2.55%, 0, 130, 5, 480.66
1587592018, 0, 564, 824, 700, 56, 2.55%, 0, 130, 5, 489.59
1587592024, 0, 564, 828, 704, 56, 2.58%, 0, 131, 5, 22.39
1587592029, 0, 564, 831, 707, 56, 2.59%, 0, 132, 5, 479.66
1587592034, 0, 564, 832, 708, 56, 2.59%, 0, 132, 5, 467.43
1587592039, 0, 564, 832, 708, 56, 2.59%, 0, 133, 5, 426.62
1587592054, 0, 564, 833, 709, 56, 2.59%, 0, 133, 5, 471.84
1587592064, 0, 564, 834, 710, 56, 2.59%, 0, 133, 5, 478.20
1587592080, 0, 566, 834, 709, 58, 2.59%, 0, 133, 5, 470.06
1587592085, 0, 566, 835, 710, 58, 2.59%, 0, 133, 5, 428.53
1587592090, 0, 568, 835, 709, 57, 2.59%, 0, 133, 5, 483.93
1587592095, 0, 568, 837, 711, 57, 2.59%, 0, 133, 5, 454.53
1587592105, 0, 568, 838, 712, 57, 2.59%, 0, 133, 5, 460.33
1587592131, 0, 569, 838, 711, 56, 2.59%, 0, 133, 5, 474.30
1587592136, 0, 570, 838, 710, 55, 2.59%, 0, 133, 5, 470.49
1587592141, 0, 570, 839, 711, 55, 2.59%, 0, 133, 5, 444.29
1587592151, 0, 574, 841, 712, 54, 2.59%, 0, 133, 5, 468.70
1587592156, 0, 575, 842, 712, 55, 2.59%, 0, 133, 5, 511.14
1587592161, 0, 575, 843, 713, 55, 2.59%, 0, 133, 5, 495.52
1587592166, 0, 576, 843, 712, 55, 2.59%, 0, 133, 5, 526.79
1587592171, 0, 576, 844, 713, 55, 2.59%, 0, 133, 5, 506.86
1587592176, 0, 599, 844, 712, 54, 2.59%, 0, 134, 5, 550.59
1587592187, 0, 602, 844, 711, 53, 2.59%, 0, 135, 5, 554.25
1587592192, 0, 610, 844, 710, 52, 2.59%, 0, 135, 5, 514.74
1587592202, 0, 610, 845, 711, 52, 2.61%, 0, 135, 5, 498.00
1587592207, 0, 614, 846, 711, 52, 2.61%, 0, 135, 5, 536.48
1587592217, 0, 625, 847, 711, 51, 2.61%, 0, 135, 5, 518.54
1587592222, 0, 625, 848, 712, 51, 2.61%, 0, 135, 5, 502.47
1587592227, 0, 625, 849, 713, 51, 2.61%, 0, 135, 5, 500.02
1587592238, 0, 626, 849, 712, 50, 2.61%, 0, 135, 5, 479.63
1587592243, 0, 626, 850, 713, 50, 2.61%, 0, 135, 5, 500.01
1587592248, 0, 626, 852, 715, 50, 2.61%, 0, 135, 5, 493.58
1587592278, 0, 627, 852, 714, 49, 2.61%, 0, 135, 5, 503.28
1587592283, 0, 634, 852, 713, 48, 2.61%, 0, 135, 5, 513.92
1587592288, 0, 634, 853, 714, 48, 2.61%, 0, 135, 5, 463.00
1587592293, 0, 658, 853, 713, 47, 2.61%, 0, 135, 5, 508.67
1587592298, 0, 658, 859, 719, 47, 2.61%, 0, 135, 5, 432.24
1587592304, 0, 658, 861, 721, 47, 2.61%, 0, 135, 5, 433.04
1587592309, 0, 658, 862, 722, 47, 2.61%, 0, 135, 5, 412.99
1587592314, 0, 658, 866, 726, 47, 2.61%, 0, 135, 5, 433.57
1587592319, 0, 658, 867, 727, 47, 2.61%, 0, 135, 5, 418.44
1587592324, 0, 658, 868, 728, 47, 2.61%, 0, 135, 5, 415.90
1587592339, 0, 658, 869, 729, 47, 2.61%, 0, 135, 5, 422.47
1587592344, 0, 658, 870, 730, 47, 2.61%, 0, 135, 5, 443.29
1587592349, 0, 658, 871, 731, 47, 2.62%, 0, 135, 5, 449.36
1587592354, 0, 669, 872, 731, 47, 2.62%, 0, 135, 5, 498.47
1587592364, 0, 681, 872, 730, 47, 2.62%, 0, 135, 5, 511.64
1587592369, 0, 681, 873, 731, 47, 2.62%, 0, 135, 5, 468.24
1587592379, 0, 682, 873, 730, 46, 2.62%, 0, 135, 5, 421.58
1587592390, 0, 686, 873, 729, 45, 2.62%, 0, 135, 5, 482.14
1587592395, 0, 690, 873, 728, 44, 2.62%, 0, 135, 5, 501.83
1587592400, 0, 693, 873, 727, 43, 2.62%, 0, 135, 5, 422.42
1587592410, 0, 693, 875, 729, 43, 2.62%, 0, 135, 5, 465.34
1587592425, 0, 693, 876, 730, 43, 2.62%, 0, 135, 5, 457.21
1587592446, 0, 700, 876, 729, 42, 2.62%, 0, 135, 5, 507.76
1587592456, 0, 703, 877, 729, 41, 2.62%, 0, 135, 5, 511.73
1587592461, 0, 703, 879, 731, 41, 2.62%, 0, 135, 5, 458.04
1587592466, 0, 703, 881, 733, 41, 2.62%, 0, 135, 5, 467.04
1587592476, 0, 703, 883, 735, 41, 2.62%, 0, 135, 5, 453.30
1587592486, 0, 703, 884, 736, 41, 2.62%, 0, 135, 5, 461.74
1587592501, 0, 703, 885, 737, 41, 2.62%, 0, 135, 5, 421.29
1587592506, 0, 703, 887, 739, 41, 2.62%, 0, 135, 5, 418.15
1587592517, 0, 706, 887, 738, 40, 2.62%, 0, 135, 5, 445.72
1587592522, 0, 708, 887, 737, 39, 2.62%, 0, 136, 5, 555.39
1587592532, 0, 708, 890, 740, 39, 2.62%, 0, 136, 5, 459.59
1587592537, 0, 708, 891, 741, 39, 2.62%, 0, 136, 5, 461.70
1587592547, 0, 708, 892, 742, 39, 2.62%, 0, 136, 5, 466.55
1587592552, 0, 708, 893, 743, 39, 2.62%, 0, 136, 5, 444.42
1587592567, 0, 708, 893, 743, 39, 2.62%, 0, 137, 5, 17.94
1587592583, 0, 716, 894, 743, 38, 2.62%, 0, 137, 5, 485.39
1587592588, 0, 716, 897, 746, 38, 2.62%, 0, 137, 5, 474.73
1587592603, 0, 716, 898, 747, 38, 2.62%, 0, 137, 5, 487.97
1587592623, 0, 716, 899, 748, 38, 2.63%, 0, 137, 5, 453.08
1587592654, 0, 721, 899, 747, 39, 2.63%, 0, 137, 5, 537.38
1587592659, 0, 721, 901, 749, 39, 2.63%, 0, 137, 5, 530.04
1587592669, 0, 721, 902, 750, 39, 2.63%, 0, 137, 5, 503.30
1587592694, 0, 727, 902, 749, 38, 2.63%, 0, 137, 5, 489.64
1587592704, 0, 730, 902, 748, 37, 2.63%, 0, 137, 5, 503.47
1587592730, 0, 730, 903, 749, 37, 2.63%, 0, 137, 5, 538.40
1587592735, 0, 730, 909, 755, 37, 2.65%, 0, 137, 5, 508.74
1587592740, 0, 730, 911, 757, 37, 2.65%, 0, 137, 5, 525.54
1587592745, 0, 730, 914, 760, 37, 2.66%, 0, 137, 5, 516.10
1587592765, 0, 730, 915, 761, 37, 2.66%, 0, 137, 5, 516.32
1587592770, 0, 730, 917, 763, 37, 2.66%, 0, 137, 5, 500.52
1587592791, 0, 730, 919, 765, 37, 2.66%, 0, 137, 5, 519.62
1587592796, 0, 730, 920, 766, 37, 2.66%, 0, 137, 5, 493.77
1587592801, 0, 734, 920, 765, 42, 2.66%, 0, 138, 5, 552.20
1587592816, 0, 737, 920, 764, 41, 2.66%, 0, 139, 5, 537.42
1587592842, 0, 744, 920, 763, 40, 2.66%, 0, 140, 5, 534.33
1587592847, 0, 744, 922, 765, 40, 2.66%, 0, 140, 5, 486.93
1587592862, 0, 756, 923, 765, 40, 2.66%, 0, 140, 5, 473.70
1587592877, 0, 756, 924, 766, 40, 2.66%, 0, 140, 5, 506.60
1587592882, 0, 756, 925, 767, 40, 2.66%, 0, 140, 5, 504.78
1587592893, 0, 766, 925, 766, 40, 2.66%, 0, 141, 5, 28.62
1587592898, 0, 766, 926, 767, 40, 2.66%, 0, 141, 5, 513.55
1587592919, 0, 766, 926, 767, 40, 2.66%, 0, 142, 5, 499.09
1587592924, 0, 767, 928, 768, 40, 2.66%, 0, 142, 5, 515.68
1587592934, 0, 768, 928, 767, 43, 2.66%, 0, 142, 5, 505.95
1587592939, 0, 768, 929, 768, 43, 2.66%, 0, 142, 5, 496.71
1587592944, 0, 768, 930, 769, 43, 2.66%, 0, 142, 5, 475.56
1587592954, 0, 769, 930, 768, 42, 2.66%, 0, 143, 5, 497.69
1587592965, 0, 779, 931, 768, 41, 2.67%, 0, 144, 5, 521.13
1587592970, 0, 779, 932, 769, 41, 2.67%, 0, 144, 5, 492.46
1587592975, 0, 779, 933, 770, 41, 2.67%, 0, 144, 5, 484.68
1587592995, 0, 780, 933, 769, 41, 2.67%, 0, 144, 5, 459.34
1587593005, 0, 786, 933, 768, 40, 2.67%, 0, 144, 5, 499.59
1587593010, 0, 792, 933, 767, 40, 2.67%, 0, 144, 5, 505.32
1587593015, 0, 792, 934, 768, 40, 2.68%, 0, 145, 5, 289.12
1587593025, 0, 793, 935, 768, 39, 2.69%, 0, 145, 5, 456.00
1587593030, 0, 793, 936, 769, 39, 2.69%, 0, 145, 5, 433.95
1587593046, 0, 808, 937, 769, 39, 2.69%, 0, 145, 6, 529.56
1587593051, 0, 810, 938, 769, 38, 2.69%, 0, 145, 6, 505.88
1587593056, 0, 810, 941, 772, 38, 2.69%, 0, 145, 6, 519.09
1587593076, 0, 818, 942, 772, 38, 2.69%, 0, 145, 6, 502.30
1587593112, 0, 818, 943, 773, 38, 2.69%, 0, 145, 6, 535.32
1587593117, 0, 824, 943, 772, 38, 2.69%, 0, 145, 6, 534.50
1587593127, 0, 825, 943, 771, 37, 2.69%, 0, 145, 6, 545.71
1587593137, 0, 826, 944, 771, 36, 2.69%, 0, 146, 6, 55.85
1587593142, 0, 826, 945, 772, 36, 2.69%, 0, 146, 6, 465.96
1587593152, 0, 826, 948, 775, 36, 2.70%, 0, 146, 6, 507.18
1587593157, 0, 826, 949, 776, 36, 2.70%, 0, 146, 6, 470.75
1587593173, 0, 826, 950, 777, 36, 2.70%, 0, 146, 6, 470.45
1587593178, 0, 826, 952, 779, 36, 2.70%, 0, 146, 6, 486.52
1587593188, 0, 826, 952, 779, 36, 2.70%, 0, 147, 6, 440.94
1587593208, 0, 834, 952, 778, 37, 2.70%, 0, 147, 6, 499.20
1587593218, 0, 839, 953, 778, 37, 2.70%, 0, 147, 6, 513.78
1587593223, 0, 839, 955, 780, 37, 2.70%, 0, 147, 6, 533.93
1587593228, 0, 839, 958, 783, 37, 2.70%, 0, 147, 6, 504.64
1587593233, 0, 839, 959, 784, 37, 2.70%, 0, 147, 6, 503.96
1587593238, 0, 839, 960, 785, 37, 2.70%, 0, 147, 6, 490.18
1587593243, 0, 839, 961, 786, 37, 2.70%, 0, 147, 6, 517.86
1587593264, 0, 839, 963, 788, 37, 2.70%, 0, 147, 6, 512.14
1587593274, 0, 839, 964, 789, 37, 2.70%, 0, 147, 6, 524.73
1587593289, 0, 841, 964, 788, 37, 2.70%, 0, 147, 6, 499.08
1587593294, 0, 844, 967, 790, 36, 2.70%, 0, 148, 6, 564.39
1587593299, 0, 844, 968, 791, 36, 2.70%, 0, 148, 6, 519.92
1587593304, 0, 844, 969, 792, 36, 2.70%, 0, 148, 6, 497.27
1587593309, 0, 844, 970, 793, 36, 2.70%, 0, 148, 6, 493.45
1587593315, 0, 844, 971, 794, 36, 2.70%, 0, 148, 6, 498.75
1587593335, 0, 844, 972, 795, 36, 2.70%, 0, 148, 6, 488.70
1587593345, 0, 844, 973, 796, 36, 2.70%, 0, 148, 6, 484.52
1587593350, 0, 846, 973, 795, 36, 2.70%, 0, 149, 6, 560.27
1587593355, 0, 854, 973, 794, 36, 2.70%, 0, 149, 6, 524.56
1587593366, 0, 854, 974, 795, 36, 2.70%, 0, 149, 6, 475.77
1587593371, 0, 854, 975, 796, 36, 2.70%, 0, 149, 6, 455.94
1587593386, 0, 854, 976, 797, 36, 2.70%, 0, 149, 6, 452.44
1587593391, 0, 854, 978, 799, 36, 2.70%, 0, 149, 6, 448.45
1587593411, 0, 854, 978, 799, 36, 2.70%, 0, 150, 6, 455.64
1587593417, 0, 855, 978, 798, 35, 2.70%, 0, 150, 6, 472.24
1587593427, 0, 855, 980, 800, 35, 2.70%, 0, 150, 6, 478.57
1587593447, 0, 855, 982, 802, 35, 2.71%, 0, 150, 6, 446.44
1587593478, 0, 856, 982, 801, 35, 2.71%, 0, 150, 6, 455.09
1587593493, 0, 868, 982, 800, 34, 2.71%, 0, 150, 6, 520.31
1587593503, 0, 868, 983, 801, 34, 2.71%, 0, 150, 6, 447.97
1587593513, 0, 871, 983, 800, 34, 2.71%, 0, 150, 6, 511.25
1587593518, 0, 871, 984, 801, 34, 2.71%, 0, 150, 6, 513.60
1587593523, 0, 892, 984, 800, 33, 2.71%, 0, 150, 6, 520.51
1587593534, 0, 896, 984, 799, 32, 2.71%, 0, 150, 6, 489.30
1587593539, 0, 898, 985, 799, 31, 2.71%, 0, 150, 6, 506.76
1587593549, 0, 901, 985, 798, 30, 2.71%, 0, 151, 6, 544.79
1587593554, 0, 901, 985, 798, 30, 2.71%, 0, 152, 6, 40.78
1587593559, 0, 901, 986, 799, 30, 2.71%, 0, 152, 6, 457.65
1587593565, 0, 904, 986, 798, 29, 2.71%, 0, 152, 6, 488.64
1587593575, 0, 904, 987, 799, 29, 2.71%, 0, 152, 6, 519.55
1587593610, 0, 907, 987, 798, 28, 2.71%, 0, 152, 6, 523.72
1587593615, 0, 907, 989, 800, 28, 2.72%, 0, 152, 6, 540.63
1587593646, 0, 908, 989, 799, 27, 2.72%, 0, 152, 6, 526.72
1587593692, 0, 909, 989, 798, 26, 2.72%, 0, 152, 6, 530.58
1587593733, 0, 909, 990, 799, 26, 2.72%, 0, 152, 6, 532.01
1587593738, 0, 912, 990, 798, 27, 2.72%, 0, 152, 6, 528.42
1587593784, 0, 913, 991, 798, 26, 2.72%, 0, 152, 6, 542.13
1587593800, 0, 913, 992, 799, 26, 2.72%, 0, 152, 6, 534.11
1587593805, 0, 913, 993, 800, 26, 2.72%, 0, 152, 6, 536.29
1587593810, 0, 913, 994, 801, 26, 2.72%, 0, 152, 6, 534.09
1587593825, 0, 913, 1003, 810, 26, 2.74%, 0, 152, 6, 537.68
1587593830, 0, 913, 1006, 813, 26, 2.74%, 0, 152, 6, 516.02
1587593835, 0, 913, 1009, 816, 26, 2.74%, 0, 152, 6, 531.57
1587593841, 0, 913, 1012, 819, 26, 2.74%, 0, 152, 6, 494.60
1587593846, 0, 913, 1013, 820, 26, 2.74%, 0, 152, 6, 483.77
1587593851, 0, 913, 1015, 822, 26, 2.74%, 0, 152, 6, 501.98
1587593856, 0, 913, 1018, 825, 26, 2.74%, 0, 152, 6, 476.07
1587593861, 0, 913, 1019, 826, 26, 2.74%, 0, 152, 6, 488.83
1587593866, 0, 913, 1022, 829, 26, 2.74%, 0, 152, 6, 505.16
1587593881, 0, 913, 1023, 830, 26, 2.74%, 0, 152, 6, 458.69
1587593891, 0, 920, 1023, 829, 30, 2.74%, 0, 152, 6, 506.76
1587593896, 0, 923, 1023, 828, 29, 2.74%, 0, 152, 6, 533.49
1587593922, 0, 926, 1023, 827, 28, 2.74%, 0, 152, 6, 540.02
1587593932, 0, 930, 1024, 827, 27, 2.74%, 0, 153, 6, 543.64
1587593937, 0, 930, 1025, 828, 27, 2.74%, 0, 153, 6, 507.21
1587593942, 0, 930, 1027, 830, 27, 2.74%, 0, 153, 6, 506.72
1587593957, 0, 930, 1028, 831, 27, 2.74%, 0, 153, 6, 496.52
1587593978, 0, 930, 1029, 832, 27, 2.74%, 0, 153, 6, 498.94
1587593983, 0, 933, 1030, 832, 27, 2.74%, 0, 154, 6, 589.22
1587593988, 0, 933, 1031, 833, 27, 2.74%, 0, 154, 6, 503.22
1587593993, 0, 933, 1032, 834, 27, 2.74%, 0, 154, 6, 476.59
1587593998, 0, 933, 1032, 834, 27, 2.74%, 0, 155, 6, 461.46
1587594003, 0, 937, 1032, 833, 26, 2.74%, 0, 155, 6, 485.14
1587594013, 0, 944, 1032, 832, 25, 2.74%, 0, 155, 6, 534.87
1587594018, 0, 944, 1033, 833, 25, 2.74%, 0, 155, 7, 478.43
1587594023, 0, 945, 1033, 832, 24, 2.74%, 0, 155, 7, 449.04
1587594033, 0, 945, 1034, 833, 24, 2.74%, 0, 155, 7, 402.15
1587594038, 0, 947, 1034, 832, 24, 2.74%, 0, 155, 7, 378.08
1587594043, 0, 947, 1035, 833, 24, 2.74%, 0, 156, 7, 516.32
1587594048, 0, 947, 1036, 834, 24, 2.74%, 0, 156, 7, 500.70
1587594059, 0, 947, 1036, 834, 24, 2.74%, 0, 157, 7, 481.68
1587594064, 0, 955, 1036, 833, 23, 2.74%, 0, 157, 7, 505.48
1587594069, 0, 960, 1036, 832, 22, 2.74%, 0, 157, 7, 535.65
1587594079, 0, 965, 1036, 831, 21, 2.74%, 0, 158, 7, 570.24
1587594089, 0, 966, 1036, 830, 20, 2.74%, 0, 159, 7, 33.91
1587594099, 0, 966, 1037, 831, 20, 2.74%, 0, 159, 7, 482.68
1587594109, 0, 980, 1037, 830, 19, 2.74%, 0, 159, 7, 491.17
1587594120, 0, 986, 1037, 829, 18, 2.74%, 0, 159, 7, 509.06
1587594161, 0, 987, 1037, 828, 17, 2.74%, 0, 159, 7, 516.04
1587594176, 0, 987, 1037, 828, 17, 2.74%, 0, 160, 7, 354.44
1587594196, 0, 988, 1037, 827, 16, 2.74%, 0, 160, 7, 518.20
1587594227, 0, 989, 1037, 826, 15, 2.74%, 0, 160, 7, 520.28
1587594288, 0, 990, 1037, 825, 14, 2.74%, 0, 160, 7, 543.43
1587594329, 0, 994, 1037, 824, 13, 2.74%, 0, 160, 7, 544.48
1587594370, 0, 998, 1037, 823, 12, 2.74%, 0, 160, 7, 532.66
1587594396, 0, 998, 1038, 824, 12, 2.74%, 0, 160, 7, 541.05
1587594411, 0, 998, 1039, 825, 12, 2.74%, 0, 160, 7, 540.16
1587594416, 0, 998, 1043, 829, 12, 2.74%, 0, 160, 7, 545.81
1587594421, 0, 998, 1044, 830, 12, 2.74%, 0, 160, 7, 535.57
1587594426, 0, 998, 1045, 831, 12, 2.74%, 0, 160, 7, 538.22
1587594431, 0, 998, 1046, 832, 12, 2.74%, 0, 160, 7, 494.88
1587594436, 0, 998, 1048, 834, 12, 2.74%, 0, 160, 7, 523.05
1587594477, 0, 1001, 1048, 833, 13, 2.74%, 0, 160, 7, 523.37
1587594522, 0, 1001, 1050, 835, 13, 2.75%, 0, 160, 7, 552.64
1587594528, 0, 1001, 1052, 837, 13, 2.75%, 0, 160, 7, 538.47
1587594533, 0, 1001, 1053, 838, 13, 2.75%, 0, 160, 7, 537.09
1587594538, 0, 1001, 1054, 839, 13, 2.75%, 0, 160, 7, 550.06
1587594548, 0, 1001, 1055, 840, 13, 2.75%, 0, 160, 7, 535.56
1587594558, 0, 1001, 1056, 841, 13, 2.75%, 0, 160, 7, 523.29
1587594579, 0, 1001, 1057, 842, 13, 2.75%, 0, 160, 7, 520.69
1587594584, 0, 1013, 1057, 841, 16, 2.75%, 0, 160, 7, 540.02
1587594635, 0, 1013, 1058, 842, 16, 2.75%, 0, 160, 7, 514.37
1587594645, 0, 1023, 1058, 841, 15, 2.75%, 0, 160, 7, 512.21
1587594650, 0, 1023, 1059, 842, 15, 2.75%, 0, 160, 7, 485.38
1587594661, 0, 1029, 1060, 842, 14, 2.75%, 0, 160, 7, 491.99
1587594671, 0, 1038, 1060, 841, 13, 2.75%, 0, 160, 7, 509.69
1587594717, 0, 1038, 1062, 843, 13, 2.75%, 0, 160, 8, 531.90
1587594722, 0, 1038, 1064, 845, 13, 2.75%, 0, 160, 8, 530.08
1587594773, 0, 1046, 1064, 844, 12, 2.75%, 0, 160, 8, 529.90
1587594778, 0, 1046, 1065, 845, 12, 2.75%, 0, 160, 8, 527.06
1587594808, 0, 1046, 1066, 846, 12, 2.75%, 0, 160, 8, 523.35
1587594839, 0, 1046, 1068, 848, 12, 2.75%, 0, 160, 8, 525.22
1587594844, 0, 1046, 1071, 851, 12, 2.75%, 0, 160, 8, 513.41
1587594849, 0, 1046, 1072, 852, 12, 2.75%, 0, 160, 8, 525.69
1587594859, 0, 1046, 1073, 853, 12, 2.75%, 0, 160, 8, 518.15
1587594864, 0, 1046, 1075, 855, 12, 2.75%, 0, 160, 8, 527.13
1587594869, 0, 1046, 1077, 857, 12, 2.75%, 0, 160, 8, 530.04
1587594879, 0, 1046, 1080, 860, 12, 2.75%, 0, 160, 8, 537.98
1587594895, 0, 1046, 1081, 861, 12, 2.75%, 0, 160, 8, 528.86
1587594900, 0, 1048, 1082, 861, 12, 2.75%, 0, 160, 8, 537.65
1587594961, 0, 1051, 1082, 860, 11, 2.75%, 0, 160, 8, 525.08
1587594987, 0, 1051, 1083, 861, 11, 2.75%, 0, 160, 8, 537.77
1587595013, 0, 1052, 1083, 860, 10, 2.75%, 0, 160, 8, 534.78
1587595059, 0, 1054, 1083, 859, 9, 2.75%, 0, 160, 8, 539.45
1587595064, 0, 1054, 1084, 860, 9, 2.75%, 0, 160, 8, 546.44
1587595105, 0, 1054, 1085, 861, 9, 2.76%, 0, 160, 8, 544.02
1587595115, 0, 1069, 1086, 861, 9, 2.76%, 0, 160, 9, 525.79
1587595176, 0, 1069, 1087, 862, 9, 2.76%, 0, 160, 9, 524.04
1587595181, 0, 1069, 1088, 863, 9, 2.76%, 0, 160, 9, 527.28
1587595191, 0, 1077, 1088, 862, 9, 2.76%, 0, 160, 9, 519.47
1587595212, 0, 1077, 1088, 862, 9, 2.76%, 0, 161, 9, 68.88
1587595243, 0, 1083, 1088, 861, 8, 2.76%, 0, 161, 9, 533.30
1587595289, 0, 1084, 1088, 860, 7, 2.76%, 0, 161, 9, 534.42
1587595335, 0, 1084, 1089, 861, 7, 2.76%, 0, 161, 9, 517.91
1587595345, 1, 24, 1091, 862, 6, 2.76%, 0, 161, 9, 503.77
1587595355, 1, 43, 1092, 862, 7, 2.76%, 0, 161, 9, 482.01
1587595360, 1, 348, 1092, 861, 6, 2.76%, 0, 161, 9, 552.49
1587595365, 1, 348, 1095, 864, 6, 2.76%, 0, 161, 9, 531.07
1587595371, 1, 348, 1097, 866, 6, 2.76%, 0, 161, 9, 527.52
1587595386, 1, 348, 1099, 868, 6, 2.76%, 0, 161, 9, 372.37
1587595391, 1, 348, 1100, 869, 6, 2.76%, 0, 161, 9, 477.08
1587595426, 1, 348, 1101, 870, 6, 2.76%, 0, 161, 9, 513.70
1587595431, 1, 384, 1101, 869, 8, 2.76%, 0, 161, 9, 536.47
1587595441, 1, 435, 1102, 869, 7, 2.76%, 0, 161, 9, 512.17
1587595446, 1, 544, 1102, 867, 6, 2.76%, 0, 161, 9, 479.20
1587595451, 1, 544, 1103, 868, 6, 2.76%, 0, 161, 9, 537.98
1587595461, 1, 545, 1104, 868, 5, 2.76%, 0, 161, 9, 482.42
1587595466, 1, 545, 1105, 869, 5, 2.76%, 0, 161, 9, 464.41
1587595472, 1, 545, 1106, 870, 5, 2.76%, 0, 161, 9, 422.14
1587595477, 1, 545, 1107, 871, 5, 2.76%, 0, 161, 9, 416.05
1587595482, 1, 545, 1108, 872, 5, 2.76%, 0, 161, 9, 445.62
1587595497, 1, 545, 1111, 875, 5, 2.76%, 0, 161, 9, 451.84
1587595523, 1, 545, 1112, 876, 5, 2.76%, 0, 161, 9, 444.98
1587595538, 1, 590, 1113, 876, 4, 2.76%, 0, 161, 9, 528.42
1587595543, 1, 590, 1116, 879, 4, 2.76%, 0, 161, 9, 505.37
1587595548, 1, 590, 1117, 880, 4, 2.76%, 0, 161, 9, 491.83
1587595553, 1, 590, 1118, 881, 4, 2.76%, 0, 161, 9, 495.91
1587595583, 1, 590, 1119, 882, 4, 2.76%, 0, 161, 9, 499.62
1587595588, 1, 590, 1120, 883, 4, 2.76%, 0, 161, 9, 510.37
1587595593, 1, 590, 1121, 884, 4, 2.76%, 0, 161, 9, 519.42
1587595604, 1, 860, 1121, 883, 4, 2.76%, 0, 161, 9, 512.03
1587595619, 1, 860, 1124, 886, 4, 2.76%, 0, 161, 9, 461.77
1587595624, 1, 860, 1125, 887, 4, 2.76%, 0, 161, 9, 460.41
1587595629, 1, 860, 1126, 888, 4, 2.76%, 0, 161, 9, 466.08
1587595634, 1, 860, 1128, 890, 4, 2.76%, 0, 161, 9, 482.52
1587595639, 1, 860, 1130, 892, 4, 2.76%, 0, 161, 9, 469.72
1587595654, 1, 860, 1131, 893, 4, 2.76%, 0, 161, 9, 440.58
1587595664, 1, 878, 1132, 893, 4, 2.76%, 0, 161, 9, 523.69
1587595675, 1, 878, 1135, 896, 4, 2.76%, 0, 161, 9, 496.09
1587595680, 1, 878, 1139, 900, 4, 2.76%, 0, 161, 9, 463.52
1587595685, 1, 878, 1140, 901, 4, 2.76%, 0, 161, 9, 406.69
1587595695, 1, 878, 1142, 903, 4, 2.76%, 0, 161, 9, 475.07
1587595725, 1, 1082, 1143, 903, 4, 2.76%, 0, 161, 9, 475.32
1587595730, 1, 1082, 1144, 904, 4, 2.76%, 0, 161, 9, 523.68
1587595776, 1, 1082, 1147, 907, 4, 2.77%, 0, 161, 9, 514.80
1587595782, 1, 1082, 1153, 913, 4, 2.78%, 0, 161, 9, 523.66
1587595787, 1, 1082, 1157, 917, 4, 2.78%, 0, 161, 9, 514.82
1587595792, 1, 1082, 1159, 919, 4, 2.78%, 0, 161, 9, 513.27
1587595802, 1, 1082, 1161, 921, 4, 2.78%, 0, 161, 9, 511.55
1587595807, 1, 1082, 1162, 922, 4, 2.78%, 0, 161, 9, 502.86
1587595812, 1, 1082, 1163, 923, 4, 2.78%, 0, 161, 9, 508.60
1587595822, 1, 1089, 1165, 924, 9, 2.78%, 0, 161, 9, 522.11
1587595843, 1, 1089, 1165, 924, 9, 2.78%, 0, 162, 9, 428.90
1587595863, 1, 1089, 1166, 925, 9, 2.78%, 0, 162, 9, 524.52
1587595868, 1, 1089, 1167, 926, 9, 2.78%, 0, 162, 9, 506.35
1587595879, 1, 1095, 1167, 925, 8, 2.78%, 0, 162, 9, 540.64
1587595909, 1, 1095, 1169, 927, 8, 2.78%, 0, 162, 9, 514.02
1587595914, 1, 1095, 1170, 928, 8, 2.78%, 0, 162, 9, 514.02
1587595945, 1, 1095, 1171, 929, 8, 2.78%, 0, 162, 9, 495.20
1587595970, 1, 1095, 1172, 930, 8, 2.78%, 0, 162, 9, 478.47
1587595975, 1, 1112, 1172, 929, 7, 2.78%, 0, 162, 9, 511.29
1587595980, 1, 1112, 1175, 932, 7, 2.79%, 0, 163, 9, 372.65
1587595990, 1, 1112, 1176, 933, 7, 2.79%, 0, 163, 9, 466.40
1587596000, 1, 1112, 1177, 934, 7, 2.79%, 0, 163, 9, 508.58
1587596015, 1, 1112, 1178, 935, 7, 2.79%, 0, 163, 9, 501.72
1587596046, 1, 1128, 1178, 934, 7, 2.79%, 0, 163, 9, 511.48
1587596056, 1, 1128, 1180, 936, 7, 2.79%, 0, 163, 9, 509.62
1587596061, 1, 1128, 1182, 938, 7, 2.79%, 0, 163, 9, 474.26
1587596066, 1, 1128, 1185, 941, 7, 2.79%, 0, 163, 9, 438.83
1587596071, 1, 1128, 1186, 942, 7, 2.79%, 0, 163, 9, 431.15
1587596077, 1, 1128, 1186, 942, 7, 2.79%, 0, 164, 9, 68.68
1587596082, 1, 1128, 1187, 943, 7, 2.79%, 0, 164, 9, 436.82
1587596087, 1, 1128, 1189, 945, 7, 2.79%, 0, 164, 9, 440.06
1587596103, 1, 1128, 1191, 947, 7, 2.79%, 0, 164, 9, 432.03
1587596113, 1, 1148, 1191, 946, 7, 2.79%, 0, 164, 9, 479.63
1587596199, 1, 1148, 1198, 953, 7, 2.80%, 0, 164, 10, 510.14
1587596204, 1, 1148, 1204, 959, 7, 2.80%, 0, 164, 10, 526.71
1587596209, 1, 1148, 1205, 960, 7, 2.80%, 0, 164, 10, 515.30
1587596214, 1, 1148, 1206, 961, 7, 2.80%, 0, 164, 10, 524.16
1587596220, 1, 1148, 1208, 963, 7, 2.80%, 0, 164, 10, 525.44
1587596230, 1, 1148, 1210, 965, 7, 2.80%, 0, 164, 10, 522.26
1587596235, 1, 1148, 1213, 968, 7, 2.80%, 0, 164, 10, 518.37
1587596240, 1, 1148, 1214, 969, 7, 2.80%, 0, 164, 10, 521.55
1587596245, 1, 1152, 1216, 970, 12, 2.81%, 0, 164, 10, 491.62
1587596342, 1, 1152, 1217, 971, 12, 2.81%, 0, 164, 10, 460.33
1587596367, 1, 1161, 1217, 970, 12, 2.81%, 0, 164, 10, 341.24
1587596504, 1, 1161, 1218, 971, 12, 2.81%, 0, 164, 10, 493.89
1587596509, 1, 1161, 1219, 972, 12, 2.81%, 0, 164, 10, 503.30
1587596555, 1, 1174, 1219, 971, 11, 2.81%, 0, 164, 10, 491.80
1587596570, 1, 1174, 1221, 973, 11, 2.81%, 0, 164, 10, 520.69
1587596646, 1, 1174, 1222, 974, 11, 2.81%, 0, 164, 10, 510.20
1587596657, 1, 1191, 1222, 973, 11, 2.81%, 0, 164, 10, 498.50
1587596759, 1, 1193, 1222, 972, 10, 2.81%, 0, 164, 10, 496.55
1587596892, 1, 1193, 1223, 973, 10, 2.82%, 0, 164, 11, 461.59
1587596907, 1, 1193, 1224, 974, 10, 2.82%, 0, 164, 11, 498.36
1587596912, 1, 1193, 1225, 975, 10, 2.82%, 0, 164, 11, 506.29
1587596917, 1, 1193, 1226, 976, 10, 2.82%, 0, 164, 11, 501.20
1587596922, 1, 1198, 1226, 975, 13, 2.82%, 0, 164, 11, 483.44
1587596927, 1, 1198, 1227, 976, 13, 2.82%, 0, 164, 11, 480.38
1587596942, 1, 1198, 1228, 977, 13, 2.82%, 0, 164, 11, 472.58
1587597044, 1, 1198, 1233, 982, 13, 2.82%, 0, 164, 11, 502.85
1587597049, 1, 1198, 1237, 986, 13, 2.82%, 0, 164, 11, 495.82
1587597059, 1, 1198, 1240, 989, 13, 2.82%, 0, 164, 11, 487.03
1587597064, 1, 1198, 1241, 990, 13, 2.82%, 0, 164, 11, 496.79
1587597070, 1, 1198, 1244, 993, 13, 2.83%, 0, 164, 11, 477.14
1587597080, 1, 1205, 1244, 992, 16, 2.83%, 0, 164, 11, 473.65
1587597171, 1, 1205, 1245, 993, 16, 2.83%, 0, 164, 11, 489.56
1587597182, 1, 1205, 1246, 994, 16, 2.83%, 0, 164, 11, 488.73
1587597202, 1, 1205, 1246, 994, 16, 2.83%, 0, 165, 11, 436.66
1587597212, 1, 1205, 1247, 995, 16, 2.83%, 0, 165, 11, 499.34
1587597222, 1, 1207, 1247, 994, 17, 2.83%, 0, 165, 11, 495.28
1587597232, 1, 1207, 1248, 995, 17, 2.83%, 0, 165, 11, 462.74
1587597247, 1, 1207, 1248, 995, 17, 2.83%, 0, 166, 11, 561.42
1587597385, 1, 1207, 1249, 996, 17, 2.83%, 0, 166, 11, 501.09
1587597390, 1, 1207, 1250, 997, 17, 2.83%, 0, 166, 11, 461.51
1587597400, 1, 1207, 1251, 998, 17, 2.83%, 0, 166, 11, 478.46
1587597405, 1, 1207, 1252, 999, 17, 2.83%, 0, 166, 11, 480.46
1587597415, 1, 1207, 1254, 1001, 17, 2.83%, 0, 166, 11, 490.19
1587597430, 1, 1212, 1254, 1000, 17, 2.83%, 0, 166, 11, 487.48
1587597573, 1, 1212, 1255, 1001, 17, 2.83%, 0, 166, 11, 512.47
1587597588, 1, 1212, 1256, 1002, 17, 2.83%, 0, 166, 11, 503.19
1587597598, 1, 1212, 1257, 1003, 17, 2.83%, 0, 166, 11, 509.99
1587597613, 1, 1213, 1258, 1003, 17, 2.83%, 0, 166, 11, 494.21
1587597705, 1, 1215, 1258, 1002, 16, 2.83%, 0, 166, 11, 497.49
1587597828, 1, 1216, 1258, 1001, 15, 2.83%, 0, 166, 11, 463.65
1587597919, 1, 1216, 1259, 1002, 15, 2.83%, 0, 166, 11, 446.48
1587598021, 1, 1222, 1259, 1001, 14, 2.83%, 0, 166, 11, 480.44
1587598051, 1, 1222, 1260, 1002, 14, 2.84%, 0, 166, 12, 468.77
1587598204, 1, 1222, 1262, 1004, 14, 2.84%, 0, 166, 12, 475.34
1587598209, 1, 1222, 1263, 1005, 14, 2.84%, 0, 166, 12, 492.05
1587598219, 1, 1222, 1264, 1006, 14, 2.84%, 0, 166, 12, 495.33
1587598234, 1, 1222, 1265, 1007, 14, 2.84%, 0, 166, 12, 479.21
1587598255, 1, 1225, 1265, 1006, 16, 2.84%, 0, 166, 12, 485.83
1587598341, 1, 1225, 1266, 1007, 16, 2.84%, 0, 166, 12, 501.40
1587598377, 1, 1227, 1266, 1006, 15, 2.84%, 0, 166, 12, 487.80
1587598393, 1, 1227, 1266, 1006, 15, 2.84%, 0, 167, 12, 57.60
1587598505, 1, 1227, 1267, 1007, 15, 2.84%, 0, 167, 12, 495.47
1587598530, 1, 1227, 1268, 1008, 15, 2.84%, 0, 167, 12, 506.13
1587598535, 1, 1228, 1269, 1008, 14, 2.84%, 0, 167, 12, 506.25
1587598637, 1, 1228, 1270, 1009, 14, 2.84%, 0, 167, 12, 509.24
1587598673, 1, 1237, 1270, 1008, 13, 2.84%, 0, 167, 12, 494.19
1587598775, 1, 1242, 1270, 1007, 12, 2.84%, 0, 167, 12, 475.30
1587598780, 1, 1242, 1271, 1008, 12, 2.84%, 0, 167, 12, 458.88
1587598953, 1, 1242, 1272, 1009, 12, 2.84%, 0, 167, 12, 465.08
1587598958, 1, 1242, 1273, 1010, 12, 2.84%, 0, 167, 12, 481.77
1587598963, 1, 1242, 1275, 1012, 12, 2.84%, 0, 167, 12, 472.56
1587598983, 1, 1242, 1276, 1013, 12, 2.84%, 0, 167, 12, 481.55
1587598998, 1, 1242, 1277, 1014, 12, 2.84%, 0, 167, 12, 302.23
1587599003, 1, 1243, 1279, 1015, 13, 2.84%, 0, 167, 12, 428.28
1587599013, 1, 1243, 1280, 1016, 13, 2.84%, 0, 167, 12, 453.16
1587599176, 1, 1243, 1281, 1017, 13, 2.84%, 0, 167, 12, 459.80
1587599197, 1, 1243, 1283, 1019, 13, 2.84%, 0, 167, 12, 488.78
1587599202, 1, 1243, 1284, 1020, 13, 2.84%, 0, 167, 12, 494.27
1587599207, 1, 1243, 1285, 1021, 13, 2.84%, 0, 167, 12, 476.45
1587599212, 1, 1243, 1287, 1023, 13, 2.84%, 0, 167, 12, 487.28
1587599217, 1, 1245, 1287, 1022, 13, 2.84%, 0, 167, 12, 469.50
1587599369, 1, 1245, 1288, 1023, 13, 2.84%, 0, 167, 12, 483.27
1587599380, 1, 1245, 1289, 1024, 13, 2.84%, 0, 167, 12, 486.65
1587599390, 1, 1246, 1289, 1023, 12, 2.84%, 0, 167, 12, 467.86
1587599547, 1, 1247, 1289, 1022, 11, 2.84%, 0, 167, 12, 461.63
1587599572, 1, 1247, 1289, 1022, 11, 2.84%, 0, 168, 12, 506.18
1587599715, 1, 1258, 1289, 1021, 10, 2.84%, 0, 168, 12, 499.31
1587599913, 1, 1259, 1289, 1020, 9, 2.84%, 0, 168, 12, 465.77
1587599944, 1, 1259, 1289, 1020, 9, 2.84%, 0, 169, 12, 504.78
1587600112, 1, 1259, 1290, 1021, 9, 2.84%, 0, 169, 13, 462.35
1587600137, 1, 1259, 1291, 1022, 9, 2.84%, 0, 169, 13, 466.15
1587600163, 1, 1260, 1291, 1021, 8, 2.84%, 0, 169, 13, 428.59
1587600438, 1, 1260, 1293, 1023, 8, 2.84%, 0, 169, 13, 391.72
1587600464, 1, 1260, 1295, 1025, 8, 2.84%, 0, 169, 13, 376.35
1587600484, 1, 1263, 1295, 1024, 7, 2.84%, 0, 169, 13, 424.64
1587600708, 1, 1263, 1296, 1025, 7, 2.84%, 0, 169, 13, 444.06
1587600734, 1, 1274, 1296, 1024, 6, 2.84%, 0, 169, 13, 444.18
1587600896, 1, 1276, 1296, 1023, 5, 2.84%, 0, 169, 13, 444.39
1587601090, 1, 1276, 1297, 1024, 5, 2.84%, 0, 169, 13, 472.14
1587601095, 1, 1276, 1298, 1025, 5, 2.84%, 0, 169, 13, 442.19
1587601100, 1, 1276, 1299, 1026, 5, 2.84%, 0, 169, 13, 258.71
1587601126, 1, 1285, 1299, 1025, 4, 2.84%, 0, 169, 13, 442.88
1587601303, 1, 1285, 1300, 1026, 4, 2.84%, 0, 169, 13, 483.32
1587601329, 2, 38, 1303, 1028, 3, 2.84%, 0, 169, 13, 464.36
1587601334, 2, 38, 1308, 1033, 3, 2.84%, 0, 169, 13, 447.44
1587601339, 2, 38, 1312, 1037, 3, 2.84%, 0, 169, 13, 443.52
1587601344, 2, 38, 1315, 1040, 3, 2.84%, 0, 169, 13, 433.27
1587601349, 2, 38, 1316, 1041, 3, 2.84%, 0, 169, 13, 457.09
1587601359, 2, 38, 1317, 1042, 3, 2.84%, 0, 170, 13, 530.45
1587601369, 2, 38, 1319, 1044, 3, 2.84%, 0, 170, 13, 438.78
1587601374, 2, 38, 1320, 1045, 3, 2.84%, 0, 170, 13, 436.58
1587601380, 2, 38, 1322, 1047, 3, 2.84%, 0, 170, 13, 430.86
1587601385, 2, 38, 1324, 1049, 3, 2.84%, 0, 170, 13, 437.27
1587601390, 2, 38, 1325, 1050, 3, 2.84%, 0, 170, 13, 461.58
1587601395, 2, 38, 1326, 1051, 3, 2.84%, 0, 170, 13, 472.10
1587601400, 2, 38, 1327, 1052, 3, 2.84%, 0, 170, 13, 437.47
1587601405, 2, 567, 1327, 1050, 2, 2.84%, 0, 170, 13, 419.91
1587601420, 2, 567, 1328, 1051, 2, 2.84%, 0, 170, 13, 427.24
1587601425, 2, 742, 1328, 1050, 2, 2.84%, 0, 170, 13, 462.65
1587601435, 2, 742, 1329, 1051, 2, 2.84%, 0, 170, 13, 477.69
1587601440, 2, 742, 1330, 1052, 2, 2.84%, 0, 170, 13, 485.22
1587601446, 2, 742, 1332, 1054, 2, 2.84%, 0, 170, 13, 464.92
1587601451, 2, 742, 1333, 1055, 2, 2.84%, 0, 170, 13, 485.84
1587601461, 2, 742, 1334, 1056, 2, 2.84%, 0, 170, 13, 458.15
1587601476, 2, 742, 1334, 1056, 2, 2.84%, 0, 171, 13, 502.04
1587601497, 2, 742, 1334, 1056, 2, 2.84%, 0, 172, 13, 435.27
1587601502, 2, 754, 1334, 1055, 2, 2.84%, 0, 172, 13, 467.81
1587601522, 2, 754, 1335, 1056, 2, 2.84%, 0, 172, 13, 507.68
1587601527, 2, 754, 1337, 1058, 2, 2.84%, 0, 172, 13, 478.36
1587601532, 2, 754, 1338, 1059, 2, 2.84%, 0, 172, 13, 469.23
1587601537, 2, 754, 1339, 1060, 2, 2.84%, 0, 172, 13, 466.38
1587601547, 2, 754, 1340, 1061, 2, 2.84%, 0, 172, 13, 453.67
1587601552, 2, 754, 1341, 1062, 2, 2.84%, 0, 172, 13, 451.64
1587601572, 2, 754, 1342, 1063, 2, 2.84%, 0, 172, 13, 469.98
1587601583, 2, 754, 1343, 1064, 2, 2.84%, 0, 172, 13, 443.27
1587601598, 2, 835, 1343, 1063, 2, 2.84%, 0, 172, 13, 507.97
1587601613, 2, 835, 1344, 1064, 2, 2.84%, 0, 172, 13, 476.90
1587601618, 2, 842, 1346, 1065, 2, 2.84%, 0, 173, 13, 41.59
1587601629, 2, 842, 1348, 1067, 2, 2.84%, 0, 173, 13, 500.76
1587601639, 2, 842, 1351, 1070, 2, 2.84%, 0, 173, 13, 486.21
1587601659, 2, 842, 1352, 1071, 2, 2.84%, 0, 173, 13, 491.39
1587601665, 2, 842, 1352, 1071, 2, 2.84%, 0, 174, 13, 33.94
1587601675, 2, 842, 1353, 1072, 2, 2.84%, 0, 174, 13, 500.06
1587601690, 2, 842, 1354, 1073, 2, 2.84%, 0, 174, 13, 486.13
1587601700, 2, 928, 1355, 1073, 2, 2.84%, 0, 174, 13, 546.72
1587601705, 2, 928, 1356, 1074, 2, 2.84%, 0, 174, 13, 465.32
1587601710, 2, 928, 1357, 1075, 2, 2.84%, 0, 174, 13, 445.10
1587601720, 2, 961, 1357, 1074, 2, 2.84%, 0, 174, 13, 449.44
1587601731, 2, 961, 1358, 1075, 2, 2.84%, 0, 174, 13, 484.34
1587601736, 2, 961, 1359, 1076, 2, 2.84%, 0, 174, 13, 457.91
1587601741, 2, 961, 1362, 1079, 2, 2.84%, 0, 174, 13, 466.99
1587601751, 2, 961, 1363, 1080, 2, 2.85%, 0, 174, 13, 467.92
1587601792, 2, 961, 1364, 1081, 2, 2.85%, 0, 174, 13, 393.28
1587601802, 2, 1230, 1364, 1080, 4, 2.85%, 0, 174, 13, 447.45
1587601965, 2, 1230, 1367, 1083, 4, 2.85%, 0, 174, 13, 365.49
1587601970, 2, 1230, 1368, 1084, 4, 2.85%, 0, 174, 13, 429.95
1587601975, 2, 1230, 1371, 1087, 4, 2.85%, 0, 174, 13, 426.42
1587601985, 2, 1230, 1373, 1089, 4, 2.85%, 0, 174, 13, 366.17
1587601995, 2, 1230, 1374, 1090, 4, 2.85%, 0, 174, 13, 387.07
1587602010, 2, 1230, 1375, 1091, 4, 2.85%, 0, 174, 13, 379.81
1587602020, 2, 1230, 1376, 1092, 4, 2.85%, 0, 174, 13, 356.30
1587602031, 2, 1330, 1376, 1091, 5, 2.85%, 0, 174, 13, 459.04
1587602051, 2, 1330, 1377, 1092, 5, 2.85%, 0, 174, 13, 475.40
1587602076, 2, 1346, 1377, 1091, 4, 2.85%, 0, 174, 13, 300.50
1587602097, 2, 1346, 1378, 1092, 4, 2.85%, 0, 174, 13, 103.59
1587602117, 2, 1346, 1379, 1093, 4, 2.85%, 0, 174, 13, 110.84
1587608998, 2, 1346, 1380, 1094, 4, 2.85%, 0, 174, 13, 140.50
1587613810, 2, 1358, 1380, 1093, 4, 2.85%, 0, 175, 13, 392.39
1587613815, 2, 1358, 1382, 1095, 4, 2.85%, 0, 175, 13, 494.67
1587613820, 2, 1358, 1383, 1096, 4, 2.85%, 0, 175, 13, 514.63
1587613845, 2, 1358, 1384, 1097, 4, 2.85%, 0, 175, 13, 502.70
1587613850, 2, 1358, 1385, 1098, 4, 2.85%, 0, 175, 13, 480.46
1587613860, 2, 1358, 1386, 1099, 4, 2.85%, 0, 175, 13, 511.15
1587613880, 2, 1362, 1386, 1098, 3, 2.85%, 0, 175, 13, 531.58
1587613911, 2, 1362, 1387, 1099, 3, 2.85%, 0, 175, 13, 534.30
1587613916, 2, 1362, 1388, 1100, 3, 2.85%, 0, 175, 13, 522.45
1587613946, 2, 1375, 1388, 1099, 3, 2.85%, 0, 175, 13, 305.83
1587613971, 2, 1375, 1390, 1101, 3, 2.85%, 0, 175, 13, 268.69
1587614125, 2, 1375, 1390, 1101, 3, 2.85%, 0, 176, 13, 425.64
1587615122, 2, 1375, 1395, 1106, 3, 2.86%, 0, 176, 13, 253.72
1587615128, 2, 1375, 1407, 1118, 3, 2.86%, 0, 176, 13, 309.07
1587615133, 2, 1375, 1411, 1122, 3, 2.86%, 0, 176, 13, 318.05
1587615138, 2, 1375, 1415, 1126, 3, 2.87%, 0, 176, 13, 328.85
1587615143, 2, 1375, 1418, 1129, 3, 2.87%, 0, 176, 13, 346.52
1587615148, 2, 1375, 1419, 1130, 3, 2.87%, 0, 176, 13, 369.87
1587615153, 2, 1375, 1423, 1134, 3, 2.88%, 0, 176, 13, 342.43
1587615159, 2, 1375, 1424, 1135, 3, 2.88%, 0, 176, 13, 356.48
1587615169, 2, 1375, 1425, 1136, 3, 2.88%, 0, 176, 13, 360.17
1587615174, 2, 1375, 1427, 1138, 3, 2.88%, 0, 176, 13, 365.68
1587615179, 2, 1377, 1429, 1139, 9, 2.88%, 0, 176, 13, 216.51
1587627190, 2, 1386, 1429, 1138, 8, 2.88%, 0, 176, 13, 380.29
1587627267, 2, 1389, 1429, 1137, 7, 2.88%, 0, 176, 13, 289.09
1587627455, 2, 1389, 1429, 1137, 7, 2.88%, 0, 177, 13, 491.84
1587628468, 2, 1389, 1432, 1140, 7, 2.88%, 0, 177, 14, 376.98
1587628473, 2, 1389, 1433, 1141, 7, 2.88%, 0, 177, 14, 398.92
1587628478, 2, 1389, 1434, 1142, 7, 2.88%, 0, 177, 14, 385.88
1587628483, 2, 1389, 1435, 1143, 7, 2.88%, 0, 177, 14, 392.71
1587628493, 2, 1389, 1437, 1145, 7, 2.88%, 0, 177, 14, 382.13
1587628498, 2, 1389, 1438, 1146, 7, 2.88%, 0, 177, 14, 378.96
1587628503, 2, 1389, 1439, 1147, 7, 2.88%, 0, 177, 14, 373.92
1587628514, 2, 1389, 1440, 1148, 7, 2.88%, 0, 177, 14, 395.02
1587628519, 2, 1389, 1442, 1150, 7, 2.88%, 0, 177, 14, 343.28
1587628524, 2, 1389, 1443, 1151, 7, 2.88%, 0, 177, 14, 380.08
1587628529, 2, 1390, 1443, 1150, 10, 2.88%, 0, 177, 14, 382.75
1587628544, 2, 1390, 1444, 1151, 10, 2.88%, 0, 177, 14, 273.27
1587628712, 2, 1390, 1444, 1151, 10, 2.88%, 0, 178, 14, 453.91
1587629169, 2, 1390, 1445, 1152, 10, 2.88%, 0, 178, 14, 261.68
1587629174, 2, 1390, 1446, 1153, 10, 2.89%, 0, 178, 14, 250.77
1587629688, 2, 1390, 1450, 1157, 10, 2.89%, 0, 178, 14, 371.32
1587629693, 2, 1390, 1452, 1159, 10, 2.89%, 0, 178, 14, 375.88
1587629704, 2, 1390, 1456, 1163, 10, 2.89%, 0, 178, 14, 385.61
1587629709, 2, 1390, 1457, 1164, 10, 2.89%, 0, 178, 14, 388.30
1587629714, 2, 1390, 1458, 1165, 10, 2.89%, 0, 178, 14, 392.08
1587629719, 2, 1390, 1461, 1168, 10, 2.89%, 0, 178, 14, 381.27
1587629724, 2, 1390, 1463, 1170, 10, 2.89%, 0, 178, 14, 380.94
1587629729, 2, 1390, 1464, 1171, 10, 2.89%, 0, 178, 14, 374.67
1587629739, 2, 1390, 1466, 1173, 10, 2.89%, 0, 178, 14, 371.77
1587629744, 2, 1390, 1467, 1174, 10, 2.89%, 0, 178, 14, 378.74
1587629754, 2, 1390, 1470, 1177, 10, 2.89%, 0, 178, 14, 378.52
1587629759, 2, 1404, 1470, 1176, 13, 2.89%, 0, 178, 14, 258.06
1587630147, 2, 1404, 1470, 1176, 13, 2.89%, 0, 179, 14, 17.14
1587632224, 2, 1404, 1472, 1178, 13, 2.89%, 0, 179, 14, 303.61
1587632229, 2, 1404, 1473, 1179, 13, 2.89%, 0, 179, 14, 313.24
1587632234, 2, 1404, 1475, 1181, 13, 2.89%, 0, 179, 14, 324.23
1587632239, 2, 1404, 1477, 1183, 13, 2.89%, 0, 179, 14, 333.11
1587632244, 2, 1404, 1478, 1184, 13, 2.89%, 0, 179, 14, 291.22
1587632256, 2, 1404, 1479, 1185, 13, 2.89%, 0, 179, 14, 300.56
1587632261, 2, 1404, 1481, 1187, 13, 2.89%, 0, 179, 14, 323.91
1587632281, 2, 1409, 1482, 1187, 13, 2.89%, 0, 179, 14, 271.55
1587632647, 2, 1409, 1482, 1187, 13, 2.89%, 0, 180, 14, 384.20
1587634593, 2, 1409, 1485, 1190, 13, 2.89%, 0, 180, 14, 329.22
1587634603, 2, 1409, 1486, 1191, 13, 2.89%, 0, 180, 14, 330.77
1587634608, 2, 1409, 1489, 1194, 13, 2.90%, 0, 180, 14, 330.56
1587634613, 2, 1409, 1492, 1197, 13, 2.90%, 0, 180, 14, 337.15
1587634618, 2, 1409, 1493, 1198, 13, 2.90%, 0, 180, 14, 327.26
1587634623, 2, 1409, 1494, 1199, 13, 2.90%, 0, 180, 14, 333.73
1587634628, 2, 1409, 1495, 1200, 13, 2.90%, 0, 180, 14, 333.91
1587634634, 2, 1409, 1496, 1201, 13, 2.90%, 0, 180, 14, 326.30
1587634639, 2, 1417, 1497, 1201, 16, 2.90%, 0, 180, 14, 319.32
1587635153, 2, 1417, 1498, 1202, 16, 2.90%, 0, 180, 14, 286.92
1587635565, 2, 1417, 1499, 1203, 16, 2.90%, 0, 180, 14, 350.31
1587635580, 2, 1417, 1500, 1204, 16, 2.90%, 0, 180, 14, 381.91
1587635586, 2, 1417, 1501, 1205, 16, 2.90%, 0, 180, 14, 392.81
1587635596, 2, 1417, 1502, 1206, 16, 2.90%, 0, 180, 14, 382.43
1587635601, 2, 1417, 1503, 1207, 16, 2.90%, 0, 180, 14, 392.14
1587635606, 2, 1417, 1504, 1208, 16, 2.90%, 0, 180, 14, 403.43
1587635611, 2, 1422, 1504, 1207, 15, 2.90%, 0, 180, 14, 372.52
1587635799, 2, 1422, 1504, 1207, 15, 2.90%, 0, 181, 14, 409.40
1587636786, 2, 1422, 1508, 1211, 15, 2.90%, 0, 181, 14, 342.03
1587636791, 2, 1422, 1510, 1213, 15, 2.90%, 0, 181, 14, 363.11
1587636796, 2, 1422, 1513, 1216, 15, 2.90%, 0, 181, 14, 365.20
1587636801, 2, 1422, 1514, 1217, 15, 2.90%, 0, 181, 14, 368.16
1587636821, 2, 1422, 1515, 1218, 15, 2.91%, 0, 181, 14, 369.09
1587636826, 2, 1422, 1516, 1219, 15, 2.91%, 0, 181, 14, 371.29
1587636831, 2, 1429, 1516, 1218, 17, 2.91%, 0, 181, 14, 346.28
1587638423, 2, 1429, 1517, 1219, 17, 2.91%, 0, 181, 15, 333.79
1587638428, 2, 1429, 1518, 1220, 17, 2.91%, 0, 181, 15, 355.32
1587638439, 2, 1429, 1519, 1221, 17, 2.91%, 0, 181, 15, 349.86
1587638444, 2, 1429, 1521, 1223, 17, 2.91%, 0, 181, 15, 345.77
1587638454, 2, 1429, 1522, 1224, 17, 2.91%, 0, 181, 15, 354.73
1587638459, 2, 1429, 1523, 1225, 17, 2.91%, 0, 181, 15, 339.05
1587638469, 2, 1429, 1524, 1226, 17, 2.91%, 0, 181, 15, 334.18
1587638474, 2, 1430, 1524, 1225, 19, 2.91%, 0, 181, 15, 275.65
1587638652, 2, 1430, 1524, 1225, 19, 2.91%, 0, 182, 15, 525.00
1587639624, 2, 1430, 1525, 1226, 19, 2.91%, 0, 182, 15, 322.61
1587639635, 2, 1430, 1526, 1227, 19, 2.91%, 0, 182, 15, 351.38
1587639650, 2, 1430, 1527, 1228, 19, 2.91%, 0, 182, 15, 308.52
1587639675, 2, 1445, 1527, 1227, 18, 2.91%, 0, 182, 15, 337.17
1587639859, 2, 1445, 1527, 1227, 18, 2.91%, 0, 183, 15, 517.00
1587640832, 2, 1445, 1528, 1228, 18, 2.91%, 0, 183, 15, 300.32
1587640837, 2, 1445, 1529, 1229, 18, 2.91%, 0, 183, 15, 348.87
1587640852, 2, 1445, 1531, 1231, 18, 2.91%, 0, 183, 15, 372.89
1587640867, 2, 1445, 1533, 1233, 18, 2.91%, 0, 183, 15, 377.63
1587640877, 2, 1445, 1534, 1234, 18, 2.91%, 0, 183, 15, 371.27
1587640882, 2, 1448, 1535, 1234, 18, 2.91%, 0, 183, 15, 304.09
1587640893, 2, 1448, 1536, 1235, 18, 2.91%, 0, 183, 15, 265.56
1587641062, 2, 1448, 1536, 1235, 18, 2.91%, 0, 184, 15, 44.94
1587641530, 2, 1448, 1537, 1236, 18, 2.91%, 0, 184, 15, 254.32
1587642034, 2, 1448, 1538, 1237, 18, 2.91%, 0, 184, 15, 334.14
1587642039, 2, 1448, 1540, 1239, 18, 2.91%, 0, 184, 15, 376.86
1587642044, 2, 1448, 1542, 1241, 18, 2.91%, 0, 184, 15, 387.83
1587642080, 2, 1458, 1542, 1240, 17, 2.91%, 0, 184, 15, 352.44
1587642172, 2, 1458, 1543, 1241, 17, 2.91%, 0, 184, 15, 197.94
1587642427, 2, 1458, 1543, 1241, 17, 2.91%, 0, 185, 15, 26.41
1587644316, 2, 1458, 1545, 1243, 17, 2.91%, 0, 185, 15, 277.27
1587644321, 2, 1458, 1548, 1246, 17, 2.92%, 0, 185, 15, 326.08
1587644336, 2, 1458, 1550, 1248, 17, 2.92%, 0, 185, 15, 331.16
1587644347, 2, 1458, 1551, 1249, 17, 2.92%, 0, 185, 15, 336.14
1587644357, 2, 1458, 1552, 1250, 17, 2.92%, 0, 185, 15, 339.79
1587644362, 2, 1458, 1554, 1252, 17, 2.92%, 0, 185, 15, 326.32
1587644367, 2, 1458, 1555, 1253, 17, 2.92%, 0, 185, 15, 328.99
1587644372, 2, 1460, 1556, 1253, 19, 2.92%, 0, 185, 15, 261.20
1587644730, 2, 1460, 1556, 1253, 19, 2.92%, 0, 186, 15, 29.37
1587646654, 2, 1461, 1556, 1252, 18, 2.92%, 0, 186, 15, 270.88
1587647641, 2, 1471, 1556, 1251, 17, 2.92%, 0, 186, 15, 206.27
1587648335, 2, 1471, 1556, 1251, 17, 2.92%, 0, 187, 15, 395.51
1587652077, 2, 1471, 1557, 1252, 17, 2.92%, 0, 187, 15, 279.17
1587652093, 2, 1471, 1559, 1254, 17, 2.92%, 0, 187, 15, 280.61
1587652103, 2, 1471, 1560, 1255, 17, 2.92%, 0, 187, 15, 285.00
1587652143, 2, 1473, 1561, 1255, 17, 2.92%, 0, 187, 15, 250.05
1587656003, 2, 1473, 1562, 1256, 17, 2.92%, 0, 187, 15, 165.72
1587656013, 2, 1473, 1563, 1257, 17, 2.92%, 0, 187, 15, 238.06
1587656069, 2, 1488, 1563, 1256, 17, 2.92%, 0, 187, 15, 231.57
1587656305, 2, 1488, 1563, 1256, 17, 2.92%, 0, 188, 15, 27.25
1587657569, 2, 1488, 1564, 1257, 17, 2.92%, 0, 188, 15, 324.01
1587657600, 2, 1488, 1565, 1258, 17, 2.92%, 0, 188, 15, 359.42
1587657620, 2, 1490, 1565, 1257, 16, 2.92%, 0, 188, 15, 236.05
1587658310, 2, 1490, 1565, 1257, 16, 2.92%, 0, 189, 15, 387.27
1587659973, 2, 1490, 1566, 1258, 16, 2.92%, 0, 189, 15, 157.66
1587659999, 2, 1490, 1567, 1259, 16, 2.92%, 0, 189, 15, 163.74
1587660004, 2, 1490, 1568, 1260, 16, 2.92%, 0, 189, 15, 156.47
1587660045, 2, 1490, 1569, 1261, 16, 2.92%, 0, 189, 15, 143.87
1587661981, 2, 1490, 1571, 1263, 16, 2.92%, 0, 189, 15, 196.12
1587661986, 2, 1490, 1572, 1264, 16, 2.92%, 0, 189, 15, 253.50
1587661991, 2, 1490, 1573, 1265, 16, 2.92%, 0, 189, 15, 243.21
1587661996, 2, 1490, 1577, 1269, 16, 2.92%, 0, 189, 15, 257.48
1587662001, 2, 1490, 1578, 1270, 16, 2.92%, 0, 189, 15, 258.95
1587662006, 2, 1490, 1579, 1271, 16, 2.92%, 0, 189, 15, 266.93
1587662011, 2, 1490, 1580, 1272, 16, 2.92%, 0, 189, 15, 269.98
1587662022, 2, 1490, 1581, 1273, 16, 2.92%, 0, 189, 15, 257.83
1587662027, 2, 1490, 1583, 1275, 16, 2.92%, 0, 189, 15, 252.72
1587662032, 2, 1490, 1587, 1279, 16, 2.92%, 0, 189, 15, 257.58
1587662042, 2, 1490, 1588, 1280, 16, 2.92%, 0, 189, 15, 253.91
1587662057, 2, 1490, 1589, 1281, 16, 2.92%, 0, 189, 15, 257.76
1587662072, 2, 1490, 1590, 1282, 16, 2.92%, 0, 189, 15, 254.05
1587662077, 2, 1494, 1591, 1282, 15, 2.92%, 0, 189, 15, 246.55
1587663768, 2, 1494, 1592, 1283, 15, 2.92%, 0, 189, 15, 43.75
1587663788, 2, 1494, 1593, 1284, 15, 2.92%, 0, 189, 15, 292.80
1587663824, 2, 1496, 1593, 1283, 14, 2.92%, 0, 189, 15, 231.01
1587665636, 2, 1496, 1594, 1284, 14, 2.92%, 0, 189, 15, 321.26
1587665641, 2, 1496, 1595, 1285, 14, 2.92%, 0, 189, 15, 358.97
1587665682, 2, 1496, 1596, 1286, 14, 2.92%, 0, 189, 15, 353.78
1587665702, 2, 1507, 1596, 1285, 13, 2.92%, 0, 189, 15, 319.81
1587665962, 2, 1507, 1596, 1285, 13, 2.92%, 0, 190, 15, 446.41
1587667571, 2, 1507, 1598, 1287, 13, 2.92%, 0, 190, 15, 342.76
1587667576, 2, 1507, 1599, 1288, 13, 2.92%, 0, 190, 15, 364.74
1587667596, 2, 1507, 1602, 1291, 13, 2.92%, 0, 190, 15, 361.80
1587667601, 2, 1507, 1604, 1293, 13, 2.92%, 0, 190, 15, 353.48
1587667606, 2, 1507, 1605, 1294, 13, 2.92%, 0, 190, 15, 369.08
1587667616, 2, 1514, 1606, 1294, 12, 2.92%, 0, 190, 15, 349.58
1587668298, 2, 1514, 1607, 1295, 12, 2.92%, 0, 190, 15, 409.03
1587668333, 2, 1515, 1607, 1294, 11, 2.92%, 0, 190, 15, 363.75
1587668975, 2, 1516, 1607, 1293, 10, 2.92%, 0, 190, 15, 391.76
1587670469, 2, 1520, 1607, 1292, 9, 2.92%, 0, 190, 15, 267.86
1587670484, 2, 1520, 1608, 1293, 9, 2.92%, 0, 190, 16, 198.61
1587673235, 2, 1523, 1608, 1292, 9, 2.92%, 0, 190, 16, 257.03
1587674866, 2, 1523, 1609, 1293, 9, 2.92%, 0, 190, 16, 347.44
1587674896, 2, 1523, 1610, 1294, 9, 2.92%, 0, 190, 16, 350.25
1587674906, 2, 1526, 1610, 1293, 8, 2.92%, 0, 190, 16, 251.13
1587675427, 2, 1526, 1610, 1293, 8, 2.92%, 0, 191, 16, 438.93
