# unix_time, cycles_done, cur_path, paths_total, pending_total, pending_favs, map_size, unique_crashes, unique_hangs, max_depth, execs_per_sec
1587340050, 0, 0, 1, 1, 1, 0.09%, 0, 0, 1, 181.82
1587340055, 0, 0, 31, 31, 1, 0.29%, 0, 0, 2, 552.11
1587340060, 0, 0, 36, 36, 1, 0.29%, 0, 0, 2, 637.80
1587340076, 0, 0, 37, 37, 1, 0.29%, 0, 0, 2, 579.23
1587340081, 0, 0, 39, 39, 1, 0.30%, 0, 0, 2, 534.75
1587340101, 0, 0, 40, 40, 1, 0.30%, 0, 0, 2, 598.38
1587340106, 0, 3, 40, 39, 19, 0.30%, 0, 0, 2, 589.37
1587340111, 0, 5, 41, 38, 18, 0.30%, 0, 0, 3, 588.58
1587340116, 0, 10, 41, 36, 16, 0.30%, 0, 0, 3, 600.94
1587340121, 0, 13, 41, 34, 14, 0.30%, 0, 0, 3, 587.99
1587340126, 0, 16, 41, 32, 12, 0.30%, 0, 0, 3, 610.03
1587340132, 0, 20, 41, 30, 10, 0.30%, 0, 0, 3, 597.95
1587340137, 0, 27, 41, 29, 9, 0.30%, 0, 0, 3, 551.77
1587340147, 0, 31, 42, 28, 7, 0.30%, 0, 0, 3, 575.03
1587340162, 0, 32, 42, 27, 7, 0.30%, 0, 0, 3, 622.63
1587340167, 0, 36, 42, 25, 5, 0.30%, 0, 0, 3, 630.28
1587340183, 0, 37, 42, 24, 4, 0.30%, 0, 0, 3, 605.33
1587340188, 0, 40, 43, 23, 3, 0.31%, 0, 0, 3, 624.62
1587340193, 0, 41, 43, 22, 2, 0.31%, 0, 0, 3, 592.82
1587340208, 1, 1, 43, 20, 0, 0.31%, 0, 0, 3, 610.55
1587340213, 1, 6, 43, 18, 0, 0.31%, 0, 0, 3, 619.02
1587340218, 1, 12, 43, 17, 0, 0.31%, 0, 0, 3, 627.34
1587340223, 1, 21, 43, 15, 0, 0.31%, 0, 0, 3, 623.34
1587340229, 1, 24, 43, 14, 0, 0.31%, 0, 0, 3, 573.74
1587340244, 1, 26, 43, 13, 0, 0.31%, 0, 0, 3, 485.42
1587340254, 1, 27, 43, 12, 0, 0.31%, 0, 0, 3, 600.89
1587340259, 1, 37, 43, 11, 0, 0.31%, 0, 0, 3, 623.41
1587340264, 2, 11, 43, 11, 0, 0.31%, 0, 0, 3, 624.44
1587340270, 2, 19, 43, 11, 0, 0.31%, 0, 0, 3, 623.02
1587340275, 2, 23, 44, 11, 1, 0.34%, 0, 0, 3, 592.45
1587340300, 2, 43, 44, 10, 1, 0.34%, 0, 0, 3, 578.72
1587340315, 2, 43, 45, 11, 1, 0.35%, 0, 0, 4, 580.73
1587340331, 2, 44, 45, 10, 1, 0.35%, 0, 0, 4, 569.98
1587340362, 3, 11, 45, 9, 0, 0.35%, 0, 0, 4, 585.57
1587340367, 3, 25, 45, 9, 0, 0.35%, 0, 0, 4, 592.52
1587340377, 3, 32, 45, 8, 0, 0.35%, 0, 0, 4, 476.24
1587340382, 3, 39, 45, 8, 0, 0.35%, 0, 0, 4, 541.15
1587340387, 3, 43, 45, 8, 0, 0.35%, 0, 0, 4, 596.09
1587340392, 4, 3, 45, 8, 0, 0.35%, 0, 0, 4, 576.06
1587340397, 4, 20, 45, 8, 0, 0.35%, 0, 0, 4, 607.02
1587340403, 4, 32, 45, 8, 0, 0.35%, 0, 0, 4, 577.55
1587340408, 4, 40, 45, 8, 0, 0.35%, 0, 0, 4, 609.59
1587340413, 4, 44, 45, 8, 0, 0.35%, 0, 0, 4, 590.22
1587340418, 5, 13, 45, 8, 0, 0.35%, 0, 0, 4, 610.49
1587340423, 5, 28, 45, 7, 0, 0.35%, 0, 0, 4, 602.14
1587340438, 5, 31, 45, 6, 0, 0.35%, 0, 0, 4, 577.55
1587340443, 5, 34, 45, 6, 0, 0.35%, 0, 0, 4, 557.65
1587340484, 5, 35, 45, 5, 0, 0.35%, 0, 0, 4, 528.95
1587340489, 5, 41, 45, 5, 0, 0.35%, 0, 0, 4, 564.77
1587340494, 6, 0, 45, 5, 0, 0.35%, 0, 0, 4, 558.93
1587340499, 6, 8, 45, 4, 0, 0.35%, 0, 0, 4, 562.29
1587340504, 6, 11, 45, 3, 0, 0.35%, 0, 0, 4, 523.75
1587340509, 6, 31, 45, 3, 0, 0.35%, 0, 0, 4, 515.83
1587340515, 6, 38, 45, 3, 0, 0.35%, 0, 0, 4, 567.45
1587340535, 6, 43, 45, 2, 0, 0.35%, 0, 0, 4, 552.86
1587340540, 7, 6, 45, 2, 0, 0.35%, 0, 0, 4, 571.68
1587340545, 7, 25, 45, 2, 0, 0.35%, 0, 0, 4, 592.22
1587340550, 7, 35, 45, 2, 0, 0.35%, 0, 0, 4, 584.27
1587340555, 7, 41, 45, 2, 0, 0.35%, 0, 0, 4, 589.24
1587340560, 7, 44, 45, 2, 0, 0.35%, 0, 0, 4, 571.49
1587340565, 8, 18, 45, 2, 0, 0.35%, 0, 0, 4, 576.72
1587340570, 8, 31, 45, 2, 0, 0.35%, 0, 0, 4, 577.68
1587340575, 8, 39, 45, 2, 0, 0.35%, 0, 0, 4, 589.04
1587340580, 8, 44, 45, 2, 0, 0.35%, 0, 0, 4, 590.26
1587340585, 9, 10, 45, 2, 0, 0.35%, 0, 0, 4, 581.87
1587340590, 9, 29, 45, 2, 0, 0.35%, 0, 0, 4, 590.68
1587340595, 9, 30, 45, 2, 0, 0.35%, 0, 0, 4, 569.61
1587340615, 9, 31, 45, 1, 0, 0.35%, 0, 0, 4, 567.71
1587340620, 9, 39, 45, 1, 0, 0.35%, 0, 0, 4, 593.62
1587340626, 9, 44, 45, 1, 0, 0.35%, 0, 0, 4, 595.16
1587340631, 10, 10, 45, 1, 0, 0.35%, 0, 0, 4, 596.08
1587340636, 10, 31, 45, 1, 0, 0.35%, 0, 0, 4, 520.20
1587340641, 10, 39, 45, 1, 0, 0.35%, 0, 0, 4, 582.95
1587340646, 10, 43, 45, 1, 0, 0.35%, 0, 0, 4, 571.81
1587340651, 11, 10, 45, 1, 0, 0.35%, 0, 0, 4, 589.86
1587340656, 11, 20, 46, 2, 0, 0.35%, 0, 0, 4, 619.42
1587340661, 11, 35, 47, 3, 0, 0.35%, 0, 0, 4, 589.20
1587340667, 11, 40, 47, 3, 0, 0.35%, 0, 0, 4, 546.13
1587340672, 11, 44, 47, 3, 0, 0.35%, 0, 0, 4, 541.86
1587340677, 11, 46, 47, 3, 0, 0.35%, 0, 0, 4, 452.44
1587340743, 12, 8, 47, 2, 0, 0.35%, 0, 0, 4, 551.91
1587340748, 12, 25, 47, 2, 0, 0.35%, 0, 0, 4, 564.41
1587340753, 12, 36, 47, 2, 0, 0.35%, 0, 0, 4, 537.56
1587340758, 12, 41, 47, 2, 0, 0.35%, 0, 0, 4, 532.29
1587340763, 13, 0, 47, 2, 0, 0.35%, 0, 0, 4, 553.50
1587340768, 13, 13, 47, 2, 0, 0.35%, 0, 0, 4, 574.28
1587340773, 13, 32, 47, 2, 0, 0.35%, 0, 0, 4, 575.46
1587340778, 13, 39, 47, 2, 0, 0.35%, 0, 0, 4, 583.52
1587340783, 13, 43, 47, 2, 0, 0.35%, 0, 0, 4, 572.97
1587340789, 14, 8, 47, 2, 0, 0.35%, 0, 0, 4, 555.44
1587340794, 14, 22, 47, 2, 0, 0.35%, 0, 0, 4, 586.75
1587340799, 14, 31, 47, 1, 0, 0.35%, 0, 0, 4, 579.43
1587340804, 14, 36, 47, 1, 0, 0.35%, 0, 0, 4, 469.95
1587340809, 14, 37, 47, 1, 0, 0.35%, 0, 0, 4, 334.84
1587340814, 14, 41, 47, 1, 0, 0.35%, 0, 0, 4, 434.09
1587340820, 14, 44, 47, 1, 0, 0.35%, 0, 0, 4, 431.09
1587340825, 15, 10, 47, 1, 0, 0.35%, 0, 0, 4, 496.81
1587340830, 15, 20, 47, 1, 0, 0.35%, 0, 0, 4, 488.67
1587340835, 15, 32, 47, 1, 0, 0.35%, 0, 0, 4, 470.53
1587340840, 15, 39, 47, 1, 0, 0.35%, 0, 0, 4, 504.70
1587340845, 15, 42, 47, 1, 0, 0.35%, 0, 0, 4, 470.18
1587340850, 15, 46, 47, 1, 0, 0.35%, 0, 0, 4, 435.76
1587340855, 16, 3, 47, 1, 0, 0.35%, 0, 0, 4, 457.01
1587340860, 16, 13, 47, 1, 0, 0.35%, 0, 0, 4, 467.41
1587340865, 16, 31, 47, 1, 0, 0.35%, 0, 0, 4, 469.34
1587340870, 16, 37, 47, 1, 0, 0.35%, 0, 0, 4, 477.88
1587340875, 16, 41, 47, 1, 0, 0.35%, 0, 0, 4, 541.77
1587340881, 16, 44, 47, 1, 0, 0.35%, 0, 0, 4, 514.16
1587340886, 16, 45, 47, 1, 0, 0.35%, 0, 0, 4, 334.53
1587341039, 17, 11, 47, 0, 0, 0.35%, 0, 0, 4, 492.03
1587341044, 17, 25, 47, 0, 0, 0.35%, 0, 0, 4, 518.45
1587341049, 17, 35, 47, 0, 0, 0.35%, 0, 0, 4, 537.94
1587341054, 17, 40, 47, 0, 0, 0.35%, 0, 0, 4, 551.84
1587341059, 17, 44, 47, 0, 0, 0.35%, 0, 0, 4, 553.21
1587341064, 18, 13, 47, 0, 0, 0.35%, 0, 0, 4, 559.69
1587341069, 18, 25, 47, 0, 0, 0.35%, 0, 0, 4, 569.36
1587341074, 18, 36, 47, 0, 0, 0.35%, 0, 0, 4, 545.61
1587341079, 18, 41, 47, 0, 0, 0.35%, 0, 0, 4, 545.61
1587341084, 19, 0, 47, 0, 0, 0.35%, 0, 0, 4, 546.20
1587341089, 19, 13, 47, 0, 0, 0.35%, 0, 0, 4, 545.05
1587341094, 19, 27, 47, 0, 0, 0.35%, 0, 0, 4, 537.82
1587341100, 19, 36, 47, 0, 0, 0.35%, 0, 0, 4, 560.00
1587341105, 19, 40, 47, 0, 0, 0.35%, 0, 0, 4, 505.01
1587341110, 19, 43, 47, 0, 0, 0.35%, 0, 0, 4, 522.80
1587341115, 20, 8, 47, 0, 0, 0.35%, 0, 0, 4, 528.25
1587341120, 20, 24, 47, 0, 0, 0.35%, 0, 0, 4, 515.75
1587341125, 20, 35, 47, 0, 0, 0.35%, 0, 0, 4, 519.45
1587341130, 20, 39, 47, 0, 0, 0.35%, 0, 0, 4, 526.86
1587341135, 20, 43, 47, 0, 0, 0.35%, 0, 0, 4, 519.28
1587341140, 21, 5, 47, 0, 0, 0.35%, 0, 0, 4, 513.87
1587341145, 21, 20, 47, 0, 0, 0.35%, 0, 0, 4, 529.04
1587341151, 21, 32, 47, 0, 0, 0.35%, 0, 0, 4, 505.96
1587341156, 21, 39, 47, 0, 0, 0.35%, 0, 0, 4, 518.09
1587341161, 21, 42, 47, 0, 0, 0.35%, 0, 0, 4, 513.05
1587341166, 22, 5, 47, 0, 0, 0.35%, 0, 0, 4, 509.68
1587341171, 22, 20, 47, 0, 0, 0.35%, 0, 0, 4, 510.46
1587341176, 22, 31, 47, 0, 0, 0.35%, 0, 0, 4, 537.87
1587341181, 22, 37, 47, 0, 0, 0.35%, 0, 0, 4, 519.73
1587341186, 22, 42, 47, 0, 0, 0.35%, 0, 0, 4, 523.49
1587341191, 23, 0, 47, 0, 0, 0.35%, 0, 0, 4, 29.09
1587341196, 23, 11, 47, 0, 0, 0.35%, 0, 0, 4, 504.66
1587341202, 23, 31, 47, 0, 0, 0.35%, 0, 0, 4, 496.68
1587341207, 23, 37, 47, 0, 0, 0.35%, 0, 0, 4, 489.63
1587341212, 23, 41, 47, 0, 0, 0.35%, 0, 0, 4, 432.38
1587341217, 23, 44, 47, 0, 0, 0.35%, 0, 0, 4, 439.83
1587341222, 24, 10, 47, 0, 0, 0.35%, 0, 0, 4, 480.01
1587341227, 24, 26, 47, 0, 0, 0.35%, 0, 0, 4, 494.94
1587341232, 24, 36, 47, 0, 0, 0.35%, 0, 0, 4, 539.28
1587341237, 24, 40, 47, 0, 0, 0.35%, 0, 0, 4, 530.79
1587341242, 24, 44, 47, 0, 0, 0.35%, 0, 0, 4, 544.23
1587341248, 25, 10, 47, 0, 0, 0.35%, 0, 0, 4, 548.75
1587341253, 25, 25, 47, 0, 0, 0.35%, 0, 0, 4, 25.71
1587341258, 25, 35, 47, 0, 0, 0.35%, 0, 0, 4, 485.82
1587341263, 25, 40, 47, 0, 0, 0.35%, 0, 0, 4, 533.64
1587341268, 25, 44, 47, 0, 0, 0.35%, 0, 0, 4, 559.26
1587341273, 26, 9, 47, 0, 0, 0.35%, 0, 0, 4, 566.11
1587341278, 26, 13, 47, 0, 0, 0.35%, 0, 0, 4, 528.91
1587341284, 26, 31, 47, 0, 0, 0.35%, 0, 0, 4, 534.56
1587341289, 26, 36, 47, 0, 0, 0.35%, 0, 0, 4, 1.31
1587341294, 26, 42, 47, 0, 0, 0.35%, 0, 0, 4, 580.63
1587341299, 27, 0, 47, 0, 0, 0.35%, 0, 0, 4, 612.53
1587341304, 27, 20, 47, 0, 0, 0.35%, 0, 0, 4, 595.83
1587341309, 27, 35, 47, 0, 0, 0.35%, 0, 0, 4, 577.08
1587341314, 27, 41, 47, 0, 0, 0.35%, 0, 0, 4, 575.01
1587341319, 27, 44, 47, 0, 0, 0.35%, 0, 0, 4, 580.87
1587341324, 28, 17, 47, 0, 0, 0.35%, 0, 0, 4, 588.54
1587341329, 28, 31, 47, 0, 0, 0.35%, 0, 0, 4, 582.43
1587341334, 28, 39, 47, 0, 0, 0.35%, 0, 0, 4, 575.23
1587341340, 28, 43, 47, 0, 0, 0.35%, 0, 0, 4, 576.19
1587341345, 29, 8, 47, 0, 0, 0.35%, 0, 0, 4, 572.37
1587341351, 29, 25, 47, 0, 0, 0.35%, 0, 0, 4, 14.59
1587341356, 29, 35, 47, 0, 0, 0.35%, 0, 0, 4, 570.28
1587341362, 29, 41, 47, 0, 0, 0.35%, 0, 0, 4, 586.21
1587341367, 30, 0, 47, 0, 0, 0.35%, 0, 0, 4, 584.26
1587341372, 30, 17, 47, 0, 0, 0.35%, 0, 0, 4, 567.88
1587341377, 30, 32, 47, 0, 0, 0.35%, 0, 0, 4, 576.64
1587341382, 30, 40, 47, 0, 0, 0.35%, 0, 0, 4, 566.54
1587341387, 30, 44, 47, 0, 0, 0.35%, 0, 0, 4, 565.98
1587341392, 31, 8, 47, 0, 0, 0.35%, 0, 0, 4, 578.33
1587341397, 31, 25, 47, 0, 0, 0.35%, 0, 0, 4, 448.10
1587341402, 31, 29, 47, 0, 0, 0.35%, 0, 0, 4, 346.13
1587341407, 31, 37, 47, 0, 0, 0.35%, 0, 0, 4, 512.17
1587341412, 31, 42, 47, 0, 0, 0.35%, 0, 0, 4, 540.96
1587341417, 32, 0, 47, 0, 0, 0.35%, 0, 0, 4, 522.94
1587341422, 32, 13, 47, 0, 0, 0.35%, 0, 0, 4, 565.28
1587341428, 32, 31, 47, 0, 0, 0.35%, 0, 0, 4, 572.01
1587341433, 32, 39, 47, 0, 0, 0.35%, 0, 0, 4, 579.96
1587341438, 32, 43, 47, 0, 0, 0.35%, 0, 0, 4, 561.51
1587341443, 33, 8, 47, 0, 0, 0.35%, 0, 0, 4, 563.69
1587341448, 33, 25, 47, 0, 0, 0.35%, 0, 0, 4, 579.78
1587341453, 33, 36, 47, 0, 0, 0.35%, 0, 0, 4, 568.20
1587341458, 33, 40, 47, 0, 0, 0.35%, 0, 0, 4, 480.03
1587341463, 33, 43, 47, 0, 0, 0.35%, 0, 0, 4, 540.53
1587341468, 34, 10, 47, 0, 0, 0.35%, 0, 0, 4, 552.15
1587341473, 34, 20, 47, 0, 0, 0.35%, 0, 0, 4, 503.43
1587341478, 34, 33, 47, 0, 0, 0.35%, 0, 0, 4, 534.07
1587341483, 34, 39, 47, 0, 0, 0.35%, 0, 0, 4, 531.19
1587341488, 34, 43, 47, 0, 0, 0.35%, 0, 0, 4, 549.10
1587341494, 35, 10, 47, 0, 0, 0.35%, 0, 0, 4, 548.63
1587341499, 35, 29, 47, 0, 0, 0.35%, 0, 0, 4, 566.36
1587341504, 35, 37, 47, 0, 0, 0.35%, 0, 0, 4, 576.92
1587341509, 35, 42, 47, 0, 0, 0.35%, 0, 0, 4, 530.31
1587341514, 36, 6, 47, 0, 0, 0.35%, 0, 0, 4, 572.85
1587341519, 36, 20, 47, 0, 0, 0.35%, 0, 0, 4, 573.55
1587341524, 36, 32, 47, 0, 0, 0.35%, 0, 0, 4, 556.64
1587341529, 36, 39, 47, 0, 0, 0.35%, 0, 0, 4, 548.06
1587341534, 36, 44, 47, 0, 0, 0.35%, 0, 0, 4, 551.36
1587341539, 37, 4, 47, 0, 0, 0.35%, 0, 0, 4, 544.82
1587341545, 37, 11, 47, 0, 0, 0.35%, 0, 0, 4, 386.67
1587341550, 37, 13, 47, 0, 0, 0.35%, 0, 0, 4, 243.56
1587341555, 37, 29, 47, 0, 0, 0.35%, 0, 0, 4, 278.80
1587341560, 37, 32, 47, 0, 0, 0.35%, 0, 0, 4, 294.20
1587341565, 37, 36, 47, 0, 0, 0.35%, 0, 0, 4, 281.97
1587341570, 37, 39, 47, 0, 0, 0.35%, 0, 0, 4, 283.11
1587341575, 37, 42, 47, 0, 0, 0.35%, 0, 0, 4, 284.35
1587341580, 37, 44, 47, 0, 0, 0.35%, 0, 0, 4, 273.00
1587341590, 38, 3, 47, 0, 0, 0.35%, 0, 0, 4, 283.00
1587341595, 38, 10, 47, 0, 0, 0.35%, 0, 0, 4, 278.68
1587341600, 38, 20, 47, 0, 0, 0.35%, 0, 0, 4, 280.43
1587341605, 38, 29, 47, 0, 0, 0.35%, 0, 0, 4, 281.92
1587341611, 38, 31, 47, 0, 0, 0.35%, 0, 0, 4, 267.94
1587341616, 38, 35, 47, 0, 0, 0.35%, 0, 0, 4, 264.28
1587341621, 38, 39, 47, 0, 0, 0.35%, 0, 0, 4, 310.26
1587341626, 38, 42, 47, 0, 0, 0.35%, 0, 0, 4, 341.74
1587341631, 38, 44, 47, 0, 0, 0.35%, 0, 0, 4, 330.79
1587341636, 39, 2, 47, 0, 0, 0.35%, 0, 0, 4, 325.83
1587341641, 39, 10, 47, 0, 0, 0.35%, 0, 0, 4, 350.84
1587341646, 39, 20, 47, 0, 0, 0.35%, 0, 0, 4, 53.55
1587341651, 39, 31, 47, 0, 0, 0.35%, 0, 0, 4, 380.56
1587341656, 39, 37, 47, 0, 0, 0.35%, 0, 0, 4, 418.06
1587341662, 39, 42, 47, 0, 0, 0.35%, 0, 0, 4, 510.28
1587341667, 40, 3, 47, 0, 0, 0.35%, 0, 0, 4, 564.00
1587341672, 40, 20, 47, 0, 0, 0.35%, 0, 0, 4, 566.08
1587341677, 40, 31, 47, 0, 0, 0.35%, 0, 0, 4, 535.62
1587341682, 40, 37, 47, 0, 0, 0.35%, 0, 0, 4, 554.49
1587341687, 40, 43, 47, 0, 0, 0.35%, 0, 0, 4, 563.61
1587341692, 41, 5, 47, 0, 0, 0.35%, 0, 0, 4, 531.17
1587341697, 41, 20, 47, 0, 0, 0.35%, 0, 0, 4, 528.37
1587341702, 41, 35, 47, 0, 0, 0.35%, 0, 0, 4, 514.22
1587341707, 41, 40, 47, 0, 0, 0.35%, 0, 0, 4, 522.25
1587341712, 41, 44, 47, 0, 0, 0.35%, 0, 0, 4, 515.06
1587341718, 42, 4, 47, 0, 0, 0.35%, 0, 0, 4, 522.48
1587341723, 42, 18, 47, 0, 0, 0.35%, 0, 0, 4, 514.06
1587341728, 42, 31, 47, 0, 0, 0.35%, 0, 0, 4, 487.62
1587341733, 42, 37, 47, 0, 0, 0.35%, 0, 0, 4, 522.98
1587341738, 42, 43, 47, 0, 0, 0.35%, 0, 0, 4, 542.26
1587341743, 43, 8, 47, 0, 0, 0.35%, 0, 0, 4, 513.68
1587341748, 43, 25, 47, 0, 0, 0.35%, 0, 0, 4, 505.30
1587341753, 43, 36, 47, 0, 0, 0.35%, 0, 0, 4, 513.83
1587341758, 43, 41, 47, 0, 0, 0.35%, 0, 0, 4, 522.11
1587341763, 43, 44, 47, 0, 0, 0.35%, 0, 0, 4, 549.91
1587341768, 44, 13, 47, 0, 0, 0.35%, 0, 0, 4, 540.26
1587341773, 44, 31, 47, 0, 0, 0.35%, 0, 0, 4, 528.53
1587341779, 44, 37, 47, 0, 0, 0.35%, 0, 0, 4, 531.89
1587341784, 44, 42, 47, 0, 0, 0.35%, 0, 0, 4, 531.43
1587341789, 44, 46, 47, 0, 0, 0.35%, 0, 0, 4, 510.35
1587341794, 45, 10, 47, 0, 0, 0.35%, 0, 0, 4, 513.55
1587341799, 45, 25, 47, 0, 0, 0.35%, 0, 0, 4, 518.83
1587341804, 45, 36, 47, 0, 0, 0.35%, 0, 0, 4, 531.74
1587341809, 45, 41, 47, 0, 0, 0.35%, 0, 0, 4, 504.87
1587341814, 45, 44, 47, 0, 0, 0.35%, 0, 0, 4, 543.42
1587341819, 46, 11, 47, 0, 0, 0.35%, 0, 0, 4, 443.03
1587341824, 46, 25, 47, 0, 0, 0.35%, 0, 0, 4, 425.26
1587341830, 46, 35, 47, 0, 0, 0.35%, 0, 0, 4, 466.39
1587341835, 46, 41, 47, 0, 0, 0.35%, 0, 0, 4, 499.91
1587341840, 46, 44, 47, 0, 0, 0.35%, 0, 0, 4, 467.50
1587341845, 47, 5, 47, 0, 0, 0.35%, 0, 0, 4, 492.99
1587341850, 47, 20, 47, 0, 0, 0.35%, 0, 0, 4, 522.87
1587341855, 47, 32, 47, 0, 0, 0.35%, 0, 0, 4, 519.28
1587341860, 47, 37, 47, 0, 0, 0.35%, 0, 0, 4, 531.44
1587341865, 47, 43, 47, 0, 0, 0.35%, 0, 0, 4, 557.45
1587341870, 48, 8, 47, 0, 0, 0.35%, 0, 0, 4, 547.64
1587341875, 48, 25, 47, 0, 0, 0.35%, 0, 0, 4, 512.93
1587341880, 48, 35, 47, 0, 0, 0.35%, 0, 0, 4, 493.43
1587341885, 48, 40, 47, 0, 0, 0.35%, 0, 0, 4, 547.23
1587341890, 48, 44, 47, 0, 0, 0.35%, 0, 0, 4, 538.55
1587341896, 49, 11, 47, 0, 0, 0.35%, 0, 0, 4, 558.63
1587341901, 49, 31, 47, 0, 0, 0.35%, 0, 0, 4, 546.09
1587341906, 49, 37, 47, 0, 0, 0.35%, 0, 0, 4, 534.32
1587341911, 49, 42, 47, 0, 0, 0.35%, 0, 0, 4, 524.47
1587341916, 50, 3, 47, 0, 0, 0.35%, 0, 0, 4, 489.86
1587341921, 50, 17, 47, 0, 0, 0.35%, 0, 0, 4, 493.36
1587341926, 50, 31, 47, 0, 0, 0.35%, 0, 0, 4, 523.94
1587341931, 50, 37, 47, 0, 0, 0.35%, 0, 0, 4, 514.91
1587341936, 50, 42, 47, 0, 0, 0.35%, 0, 0, 4, 518.26
1587341941, 51, 0, 47, 0, 0, 0.35%, 0, 0, 4, 517.22
1587341946, 51, 11, 47, 0, 0, 0.35%, 0, 0, 4, 520.79
1587341952, 51, 27, 47, 0, 0, 0.35%, 0, 0, 4, 491.92
1587341957, 51, 36, 47, 0, 0, 0.35%, 0, 0, 4, 493.69
1587341962, 51, 40, 47, 0, 0, 0.35%, 0, 0, 4, 538.24
1587341967, 51, 44, 47, 0, 0, 0.35%, 0, 0, 4, 574.49
1587341972, 52, 8, 47, 0, 0, 0.35%, 0, 0, 4, 80.68
1587341977, 52, 20, 47, 0, 0, 0.35%, 0, 0, 4, 573.58
1587341982, 52, 32, 47, 0, 0, 0.35%, 0, 0, 4, 571.51
1587341987, 52, 40, 47, 0, 0, 0.35%, 0, 0, 4, 538.24
1587341992, 52, 44, 47, 0, 0, 0.35%, 0, 0, 4, 523.69
1587341997, 53, 8, 47, 0, 0, 0.35%, 0, 0, 4, 539.52
1587342002, 53, 25, 47, 0, 0, 0.35%, 0, 0, 4, 530.59
1587342007, 53, 32, 47, 0, 0, 0.35%, 0, 0, 4, 521.16
1587342012, 53, 39, 47, 0, 0, 0.35%, 0, 0, 4, 524.27
1587342018, 53, 43, 47, 0, 0, 0.35%, 0, 0, 4, 523.18
1587342023, 54, 8, 47, 0, 0, 0.35%, 0, 0, 4, 505.07
1587342028, 54, 25, 47, 0, 0, 0.35%, 0, 0, 4, 517.26
1587342033, 54, 35, 47, 0, 0, 0.35%, 0, 0, 4, 493.67
1587342038, 54, 39, 47, 0, 0, 0.35%, 0, 0, 4, 494.26
1587342043, 54, 43, 47, 0, 0, 0.35%, 0, 0, 4, 496.26
1587342048, 55, 5, 47, 0, 0, 0.35%, 0, 0, 4, 483.00
1587342053, 55, 25, 47, 0, 0, 0.35%, 0, 0, 4, 496.62
1587342058, 55, 32, 47, 0, 0, 0.35%, 0, 0, 4, 536.19
1587342063, 55, 40, 47, 0, 0, 0.35%, 0, 0, 4, 539.95
1587342068, 55, 44, 47, 0, 0, 0.35%, 0, 0, 4, 544.02
1587342073, 56, 10, 47, 0, 0, 0.35%, 0, 0, 4, 534.93
1587342079, 56, 24, 47, 0, 0, 0.35%, 0, 0, 4, 524.25
1587342084, 56, 32, 47, 0, 0, 0.35%, 0, 0, 4, 405.18
1587342089, 56, 39, 47, 0, 0, 0.35%, 0, 0, 4, 467.89
1587342094, 56, 43, 47, 0, 0, 0.35%, 0, 0, 4, 473.32
1587342099, 57, 8, 47, 0, 0, 0.35%, 0, 0, 4, 491.12
1587342104, 57, 20, 47, 0, 0, 0.35%, 0, 0, 4, 502.87
1587342109, 57, 30, 47, 0, 0, 0.35%, 0, 0, 4, 465.47
1587342114, 57, 36, 47, 0, 0, 0.35%, 0, 0, 4, 515.57
1587342119, 57, 41, 47, 0, 0, 0.35%, 0, 0, 4, 519.27
1587342124, 58, 2, 47, 0, 0, 0.35%, 0, 0, 4, 549.32
1587342129, 58, 13, 47, 0, 0, 0.35%, 0, 0, 4, 521.49
1587342134, 58, 31, 47, 0, 0, 0.35%, 0, 0, 4, 503.16
1587342139, 58, 37, 47, 0, 0, 0.35%, 0, 0, 4, 489.99
1587342145, 58, 42, 47, 0, 0, 0.35%, 0, 0, 4, 474.28
1587342150, 59, 3, 47, 0, 0, 0.35%, 0, 0, 4, 474.62
1587342155, 59, 20, 47, 0, 0, 0.35%, 0, 0, 4, 491.79
1587342160, 59, 31, 47, 0, 0, 0.35%, 0, 0, 4, 448.88
1587342165, 59, 36, 47, 0, 0, 0.35%, 0, 0, 4, 460.76
1587342170, 59, 41, 47, 0, 0, 0.35%, 0, 0, 4, 471.32
1587342175, 59, 44, 47, 0, 0, 0.35%, 0, 0, 4, 458.18
1587342181, 60, 8, 47, 0, 0, 0.35%, 0, 0, 4, 438.89
1587342186, 60, 20, 47, 0, 0, 0.35%, 0, 0, 4, 468.44
1587342191, 60, 31, 47, 0, 0, 0.35%, 0, 0, 4, 477.08
1587342196, 60, 37, 47, 0, 0, 0.35%, 0, 0, 4, 516.77
1587342201, 60, 42, 47, 0, 0, 0.35%, 0, 0, 4, 508.16
1587342206, 61, 3, 47, 0, 0, 0.35%, 0, 0, 4, 492.58
1587342211, 61, 20, 47, 0, 0, 0.35%, 0, 0, 4, 523.66
1587342216, 61, 32, 47, 0, 0, 0.35%, 0, 0, 4, 521.27
1587342221, 61, 39, 47, 0, 0, 0.35%, 0, 0, 4, 499.09
1587342227, 61, 44, 47, 0, 0, 0.35%, 0, 0, 4, 541.57
1587342232, 62, 9, 47, 0, 0, 0.35%, 0, 0, 4, 518.20
1587342237, 62, 25, 47, 0, 0, 0.35%, 0, 0, 4, 524.13
1587342242, 62, 32, 47, 0, 0, 0.35%, 0, 0, 4, 538.81
1587342247, 62, 40, 47, 0, 0, 0.35%, 0, 0, 4, 520.83
1587342252, 62, 43, 47, 0, 0, 0.35%, 0, 0, 4, 493.95
1587342257, 63, 10, 47, 0, 0, 0.35%, 0, 0, 4, 521.50
1587342262, 63, 29, 47, 0, 0, 0.35%, 0, 0, 4, 515.05
1587342268, 63, 36, 47, 0, 0, 0.35%, 0, 0, 4, 540.05
1587342273, 63, 41, 47, 0, 0, 0.35%, 0, 0, 4, 567.39
1587342278, 64, 3, 47, 0, 0, 0.35%, 0, 0, 4, 551.30
1587342283, 64, 20, 47, 0, 0, 0.35%, 0, 0, 4, 574.70
1587342288, 64, 35, 47, 0, 0, 0.35%, 0, 0, 4, 553.43
1587342293, 64, 39, 47, 0, 0, 0.35%, 0, 0, 4, 567.26
1587342298, 64, 43, 47, 0, 0, 0.35%, 0, 0, 4, 582.06
1587342303, 65, 10, 47, 0, 0, 0.35%, 0, 0, 4, 585.61
1587342308, 65, 29, 47, 0, 0, 0.35%, 0, 0, 4, 577.77
1587342314, 65, 36, 47, 0, 0, 0.35%, 0, 0, 4, 549.96
1587342319, 65, 42, 47, 0, 0, 0.35%, 0, 0, 4, 564.28
1587342324, 66, 5, 47, 0, 0, 0.35%, 0, 0, 4, 553.00
1587342329, 66, 19, 47, 0, 0, 0.35%, 0, 0, 4, 561.27
1587342334, 66, 32, 47, 0, 0, 0.35%, 0, 0, 4, 536.44
1587342339, 66, 39, 47, 0, 0, 0.35%, 0, 0, 4, 539.98
1587342344, 66, 43, 47, 0, 0, 0.35%, 0, 0, 4, 531.32
1587342349, 67, 5, 47, 0, 0, 0.35%, 0, 0, 4, 533.93
1587342354, 67, 17, 47, 0, 0, 0.35%, 0, 0, 4, 481.34
1587342359, 67, 32, 47, 0, 0, 0.35%, 0, 0, 4, 525.86
1587342364, 67, 37, 47, 0, 0, 0.35%, 0, 0, 4, 558.85
1587342370, 67, 43, 47, 0, 0, 0.35%, 0, 0, 4, 521.83
1587342375, 68, 2, 47, 0, 0, 0.35%, 0, 0, 4, 514.38
1587342380, 68, 13, 47, 0, 0, 0.35%, 0, 0, 4, 546.11
1587342385, 68, 32, 47, 0, 0, 0.35%, 0, 0, 4, 531.48
1587342390, 68, 39, 47, 0, 0, 0.35%, 0, 0, 4, 536.93
1587342395, 68, 44, 47, 0, 0, 0.35%, 0, 0, 4, 525.77
1587342400, 69, 10, 47, 0, 0, 0.35%, 0, 0, 4, 535.05
1587342405, 69, 28, 47, 0, 0, 0.35%, 0, 0, 4, 559.31
1587342410, 69, 35, 47, 0, 0, 0.35%, 0, 0, 4, 537.38
1587342415, 69, 40, 47, 0, 0, 0.35%, 0, 0, 4, 559.87
1587342420, 69, 44, 47, 0, 0, 0.35%, 0, 0, 4, 559.17
1587342425, 70, 10, 47, 0, 0, 0.35%, 0, 0, 4, 546.63
1587342431, 70, 25, 47, 0, 0, 0.35%, 0, 0, 4, 522.27
1587342436, 70, 32, 47, 0, 0, 0.35%, 0, 0, 4, 535.53
1587342441, 70, 40, 47, 0, 0, 0.35%, 0, 0, 4, 578.02
1587342446, 70, 44, 47, 0, 0, 0.35%, 0, 0, 4, 526.98
1587342451, 71, 10, 47, 0, 0, 0.35%, 0, 0, 4, 550.20
1587342456, 71, 24, 47, 0, 0, 0.35%, 0, 0, 4, 537.34
1587342461, 71, 32, 47, 0, 0, 0.35%, 0, 0, 4, 538.98
1587342466, 71, 40, 47, 0, 0, 0.35%, 0, 0, 4, 560.88
1587342471, 71, 44, 47, 0, 0, 0.35%, 0, 0, 4, 560.41
1587342476, 72, 10, 47, 0, 0, 0.35%, 0, 0, 4, 562.01
1587342481, 72, 27, 47, 0, 0, 0.35%, 0, 0, 4, 508.40
1587342486, 72, 35, 47, 0, 0, 0.35%, 0, 0, 4, 536.52
1587342492, 72, 40, 47, 0, 0, 0.35%, 0, 0, 4, 552.31
1587342497, 72, 44, 47, 0, 0, 0.35%, 0, 0, 4, 560.21
1587342502, 73, 11, 47, 0, 0, 0.35%, 0, 0, 4, 561.55
1587342507, 73, 29, 47, 0, 0, 0.35%, 0, 0, 4, 559.75
1587342512, 73, 36, 47, 0, 0, 0.35%, 0, 0, 4, 491.34
1587342517, 73, 41, 47, 0, 0, 0.35%, 0, 0, 4, 550.00
1587342522, 74, 0, 47, 0, 0, 0.35%, 0, 0, 4, 555.89
1587342528, 74, 13, 47, 0, 0, 0.35%, 0, 0, 4, 573.83
1587342533, 74, 32, 47, 0, 0, 0.35%, 0, 0, 4, 546.69
1587342538, 74, 39, 47, 0, 0, 0.35%, 0, 0, 4, 549.54
1587342543, 74, 43, 47, 0, 0, 0.35%, 0, 0, 4, 512.84
1587342548, 75, 10, 47, 0, 0, 0.35%, 0, 0, 4, 543.67
1587342553, 75, 28, 47, 0, 0, 0.35%, 0, 0, 4, 533.68
1587342558, 75, 36, 47, 0, 0, 0.35%, 0, 0, 4, 550.27
1587342563, 75, 41, 47, 0, 0, 0.35%, 0, 0, 4, 548.79
1587342568, 76, 0, 47, 0, 0, 0.35%, 0, 0, 4, 568.55
1587342573, 76, 17, 47, 0, 0, 0.35%, 0, 0, 4, 557.34
1587342578, 76, 32, 47, 0, 0, 0.35%, 0, 0, 4, 558.34
1587342583, 76, 39, 47, 0, 0, 0.35%, 0, 0, 4, 493.21
1587342589, 76, 44, 47, 0, 0, 0.35%, 0, 0, 4, 540.13
1587342594, 77, 8, 47, 0, 0, 0.35%, 0, 0, 4, 533.00
1587342599, 77, 25, 47, 0, 0, 0.35%, 0, 0, 4, 543.79
1587342604, 77, 35, 47, 0, 0, 0.35%, 0, 0, 4, 533.17
1587342609, 77, 41, 47, 0, 0, 0.35%, 0, 0, 4, 539.97
1587342614, 77, 44, 47, 0, 0, 0.35%, 0, 0, 4, 541.12
1587342619, 78, 13, 47, 0, 0, 0.35%, 0, 0, 4, 557.56
1587342624, 78, 32, 47, 0, 0, 0.35%, 0, 0, 4, 555.74
1587342629, 78, 39, 47, 0, 0, 0.35%, 0, 0, 4, 585.93
1587342634, 78, 44, 47, 0, 0, 0.35%, 0, 0, 4, 597.25
1587342640, 79, 11, 47, 0, 0, 0.35%, 0, 0, 4, 597.38
1587342645, 79, 31, 47, 0, 0, 0.35%, 0, 0, 4, 596.41
1587342650, 79, 38, 47, 0, 0, 0.35%, 0, 0, 4, 588.14
1587342655, 79, 43, 47, 0, 0, 0.35%, 0, 0, 4, 590.54
1587342660, 80, 8, 47, 0, 0, 0.35%, 0, 0, 4, 600.94
1587342665, 80, 23, 47, 0, 0, 0.35%, 0, 0, 4, 592.63
1587342670, 80, 32, 47, 0, 0, 0.35%, 0, 0, 4, 587.13
1587342675, 80, 40, 47, 0, 0, 0.35%, 0, 0, 4, 592.03
1587342680, 80, 44, 47, 0, 0, 0.35%, 0, 0, 4, 598.59
1587342686, 81, 8, 47, 0, 0, 0.35%, 0, 0, 4, 586.90
1587342691, 81, 31, 47, 0, 0, 0.35%, 0, 0, 4, 582.39
1587342696, 81, 37, 47, 0, 0, 0.35%, 0, 0, 4, 554.52
1587342701, 81, 41, 47, 0, 0, 0.35%, 0, 0, 4, 486.31
1587342706, 82, 0, 47, 0, 0, 0.35%, 0, 0, 4, 472.25
1587342711, 82, 20, 47, 0, 0, 0.35%, 0, 0, 4, 549.02
1587342716, 82, 32, 47, 0, 0, 0.35%, 0, 0, 4, 534.59
1587342721, 82, 40, 47, 0, 0, 0.35%, 0, 0, 4, 530.73
1587342726, 82, 44, 47, 0, 0, 0.35%, 0, 0, 4, 524.53
1587342732, 83, 10, 47, 0, 0, 0.35%, 0, 0, 4, 502.45
1587342737, 83, 25, 47, 0, 0, 0.35%, 0, 0, 4, 540.35
1587342742, 83, 35, 47, 0, 0, 0.35%, 0, 0, 4, 556.60
1587342747, 83, 40, 47, 0, 0, 0.35%, 0, 0, 4, 557.15
1587342752, 83, 44, 47, 0, 0, 0.35%, 0, 0, 4, 547.63
1587342757, 84, 5, 47, 0, 0, 0.35%, 0, 0, 4, 542.70
1587342762, 84, 20, 47, 0, 0, 0.35%, 0, 0, 4, 554.31
1587342767, 84, 35, 47, 0, 0, 0.35%, 0, 0, 4, 544.38
1587342772, 84, 40, 47, 0, 0, 0.35%, 0, 0, 4, 540.47
1587342777, 84, 44, 47, 0, 0, 0.35%, 0, 0, 4, 526.89
1587342782, 85, 5, 47, 0, 0, 0.35%, 0, 0, 4, 434.85
1587342787, 85, 20, 47, 0, 0, 0.35%, 0, 0, 4, 445.72
1587342792, 85, 32, 47, 0, 0, 0.35%, 0, 0, 4, 524.04
1587342797, 85, 37, 47, 0, 0, 0.35%, 0, 0, 4, 480.27
1587342803, 85, 42, 47, 0, 0, 0.35%, 0, 0, 4, 509.48
1587342808, 86, 5, 47, 0, 0, 0.35%, 0, 0, 4, 551.14
1587342813, 86, 20, 47, 0, 0, 0.35%, 0, 0, 4, 482.26
1587342818, 86, 32, 47, 0, 0, 0.35%, 0, 0, 4, 511.26
1587342823, 86, 40, 47, 0, 0, 0.35%, 0, 0, 4, 551.21
1587342828, 86, 44, 47, 0, 0, 0.35%, 0, 0, 4, 547.48
1587342833, 87, 10, 47, 0, 0, 0.35%, 0, 0, 4, 567.41
1587342838, 87, 25, 47, 0, 0, 0.35%, 0, 0, 4, 543.17
1587342843, 87, 36, 47, 0, 0, 0.35%, 0, 0, 4, 539.85
1587342849, 87, 41, 47, 0, 0, 0.35%, 0, 0, 4, 522.81
1587342854, 87, 44, 47, 0, 0, 0.35%, 0, 0, 4, 547.34
1587342859, 88, 13, 47, 0, 0, 0.35%, 0, 0, 4, 562.84
1587342864, 88, 32, 47, 0, 0, 0.35%, 0, 0, 4, 522.32
1587342869, 88, 39, 47, 0, 0, 0.35%, 0, 0, 4, 520.76
1587342874, 88, 43, 47, 0, 0, 0.35%, 0, 0, 4, 567.51
1587342879, 89, 5, 47, 0, 0, 0.35%, 0, 0, 4, 553.27
1587342884, 89, 25, 47, 0, 0, 0.35%, 0, 0, 4, 560.29
1587342889, 89, 31, 47, 0, 0, 0.35%, 0, 0, 4, 491.45
1587342894, 89, 37, 47, 0, 0, 0.35%, 0, 0, 4, 473.88
1587342899, 89, 42, 47, 0, 0, 0.35%, 0, 0, 4, 542.68
1587342905, 90, 8, 47, 0, 0, 0.35%, 0, 0, 4, 533.13
1587342910, 90, 25, 47, 0, 0, 0.35%, 0, 0, 4, 531.98
1587342915, 90, 35, 47, 0, 0, 0.35%, 0, 0, 4, 456.27
1587342925, 90, 37, 47, 0, 0, 0.35%, 0, 0, 4, 12.02
1587342930, 90, 41, 47, 0, 0, 0.35%, 0, 0, 4, 447.98
1587342935, 90, 44, 47, 0, 0, 0.35%, 0, 0, 4, 407.43
1587342940, 91, 11, 47, 0, 0, 0.35%, 0, 0, 4, 531.03
1587342945, 91, 29, 47, 0, 0, 0.35%, 0, 0, 4, 495.30
1587342950, 91, 36, 47, 0, 0, 0.35%, 0, 0, 4, 471.53
1587342955, 91, 41, 47, 0, 0, 0.35%, 0, 0, 4, 504.57
1587342960, 91, 44, 47, 0, 0, 0.35%, 0, 0, 4, 480.18
1587342965, 92, 11, 47, 0, 0, 0.35%, 0, 0, 4, 486.39
1587342971, 92, 29, 47, 0, 0, 0.35%, 0, 0, 4, 518.30
1587342976, 92, 36, 47, 0, 0, 0.35%, 0, 0, 4, 519.56
1587342981, 92, 41, 47, 0, 0, 0.35%, 0, 0, 4, 533.59
1587342986, 92, 44, 47, 0, 0, 0.35%, 0, 0, 4, 486.78
1587342991, 93, 10, 47, 0, 0, 0.35%, 0, 0, 4, 505.72
1587342996, 93, 29, 47, 0, 0, 0.35%, 0, 0, 4, 534.74
1587343001, 93, 36, 47, 0, 0, 0.35%, 0, 0, 4, 560.86
1587343006, 93, 41, 47, 0, 0, 0.35%, 0, 0, 4, 553.20
1587343035, 93, 42, 47, 0, 0, 0.35%, 0, 0, 4, 3.95
1587343040, 94, 0, 47, 0, 0, 0.35%, 0, 0, 4, 431.79
1587343045, 94, 11, 47, 0, 0, 0.35%, 0, 0, 4, 444.01
1587343050, 94, 31, 47, 0, 0, 0.35%, 0, 0, 4, 451.86
1587343055, 94, 35, 47, 0, 0, 0.35%, 0, 0, 4, 351.76
1587343060, 94, 40, 47, 0, 0, 0.35%, 0, 0, 4, 504.25
1587343066, 94, 43, 47, 0, 0, 0.35%, 0, 0, 4, 35.53
1587343071, 95, 8, 47, 0, 0, 0.35%, 0, 0, 4, 541.96
1587343076, 95, 20, 47, 0, 0, 0.35%, 0, 0, 4, 528.21
1587343081, 95, 32, 47, 0, 0, 0.35%, 0, 0, 4, 522.36
1587343087, 95, 40, 47, 0, 0, 0.35%, 0, 0, 4, 524.27
1587343092, 95, 44, 47, 0, 0, 0.35%, 0, 0, 4, 542.20
1587343097, 96, 11, 47, 0, 0, 0.35%, 0, 0, 4, 559.29
1587343102, 96, 25, 47, 0, 0, 0.35%, 0, 0, 4, 523.72
1587343107, 96, 31, 47, 0, 0, 0.35%, 0, 0, 4, 330.83
1587343112, 96, 37, 47, 0, 0, 0.35%, 0, 0, 4, 428.05
1587343117, 96, 41, 47, 0, 0, 0.35%, 0, 0, 4, 431.08
1587343122, 96, 44, 47, 0, 0, 0.35%, 0, 0, 4, 502.24
1587343128, 97, 11, 47, 0, 0, 0.35%, 0, 0, 4, 538.06
1587343133, 97, 30, 47, 0, 0, 0.35%, 0, 0, 4, 541.67
1587343138, 97, 36, 47, 0, 0, 0.35%, 0, 0, 4, 525.95
1587343143, 97, 41, 47, 0, 0, 0.35%, 0, 0, 4, 550.82
1587343148, 97, 44, 47, 0, 0, 0.35%, 0, 0, 4, 527.46
1587343153, 98, 11, 47, 0, 0, 0.35%, 0, 0, 4, 531.99
1587343158, 98, 32, 47, 0, 0, 0.35%, 0, 0, 4, 544.39
1587343164, 98, 36, 47, 0, 0, 0.35%, 0, 0, 4, 514.51
1587343169, 98, 41, 47, 0, 0, 0.35%, 0, 0, 4, 519.97
1587343174, 99, 0, 47, 0, 0, 0.35%, 0, 0, 4, 506.40
1587343179, 99, 13, 47, 0, 0, 0.35%, 0, 0, 4, 480.30
1587343184, 99, 31, 47, 0, 0, 0.35%, 0, 0, 4, 467.27
1587343189, 99, 37, 47, 0, 0, 0.35%, 0, 0, 4, 495.56
1587343194, 99, 41, 47, 0, 0, 0.35%, 0, 0, 4, 404.27
1587343199, 99, 43, 47, 0, 0, 0.35%, 0, 0, 4, 288.02
1587343204, 99, 44, 47, 0, 0, 0.35%, 0, 0, 4, 258.41
1587343209, 100, 5, 47, 0, 0, 0.35%, 0, 0, 4, 364.12
1587343214, 100, 47, 49, 2, 1, 0.40%, 0, 0, 4, 471.24
1587343255, 100, 48, 50, 2, 1, 0.40%, 0, 0, 5, 480.03
1587343286, 100, 48, 51, 3, 1, 0.40%, 0, 0, 5, 474.63
1587343291, 100, 48, 52, 4, 1, 0.40%, 0, 0, 5, 460.30
1587343342, 100, 49, 52, 3, 2, 0.40%, 0, 0, 5, 579.56
1587343402, 100, 51, 54, 4, 1, 0.45%, 0, 0, 6, 495.18
1587343428, 100, 51, 55, 5, 1, 0.45%, 0, 0, 6, 488.17
1587343433, 100, 51, 57, 7, 1, 0.67%, 0, 0, 6, 507.60
1587343448, 100, 51, 59, 9, 1, 0.67%, 0, 0, 6, 525.30
1587343484, 100, 51, 69, 19, 1, 0.94%, 0, 0, 6, 528.03
1587343489, 100, 52, 72, 21, 11, 0.96%, 0, 0, 7, 547.52
1587343494, 100, 52, 76, 25, 11, 0.96%, 0, 0, 7, 524.30
1587343509, 100, 52, 76, 25, 11, 0.96%, 1, 0, 7, 547.33
1587343535, 100, 52, 79, 28, 11, 0.96%, 1, 0, 7, 509.58
1587343540, 100, 53, 79, 27, 13, 0.96%, 1, 0, 7, 514.88
1587343586, 100, 54, 79, 26, 12, 0.96%, 1, 0, 7, 530.97
1587343627, 100, 54, 83, 30, 12, 0.97%, 1, 0, 7, 72.46
1587343632, 100, 54, 88, 35, 12, 0.97%, 1, 0, 7, 496.46
1587343637, 100, 55, 89, 35, 16, 0.97%, 1, 0, 7, 532.39
1587343684, 100, 55, 92, 38, 16, 0.97%, 1, 0, 7, 21.63
1587343689, 100, 64, 96, 41, 15, 0.99%, 1, 0, 7, 386.88
1587343694, 100, 64, 108, 53, 15, 0.99%, 1, 0, 7, 266.33
1587343704, 100, 64, 109, 54, 15, 0.99%, 1, 0, 7, 234.83
1587343709, 100, 64, 122, 67, 15, 0.99%, 1, 0, 7, 231.29
1587343734, 100, 64, 125, 70, 15, 0.99%, 1, 0, 7, 320.82
1587343739, 100, 64, 128, 73, 15, 1.06%, 1, 0, 7, 282.43
1587343745, 100, 64, 129, 74, 15, 1.06%, 1, 0, 7, 242.88
1587343755, 100, 64, 131, 76, 15, 1.06%, 1, 1, 7, 488.78
1587343765, 100, 64, 132, 77, 15, 1.08%, 1, 1, 7, 485.89
1587343770, 100, 64, 134, 79, 15, 1.09%, 1, 1, 7, 503.54
1587343796, 100, 65, 134, 78, 21, 1.09%, 1, 1, 7, 143.61
1587343816, 100, 65, 138, 82, 21, 1.09%, 1, 1, 7, 193.35
1587343867, 100, 65, 139, 83, 21, 1.11%, 1, 1, 7, 417.11
1587343872, 100, 65, 140, 84, 21, 1.11%, 1, 1, 7, 459.96
1587343877, 100, 65, 141, 85, 21, 1.11%, 1, 1, 7, 488.86
1587343892, 100, 65, 142, 86, 21, 1.11%, 1, 1, 7, 471.29
1587343902, 100, 65, 143, 87, 21, 1.11%, 1, 1, 7, 497.38
1587343908, 100, 66, 156, 99, 22, 1.12%, 1, 1, 7, 544.08
1587343913, 100, 66, 169, 112, 22, 1.12%, 1, 1, 7, 541.41
1587343918, 100, 66, 170, 113, 22, 1.12%, 1, 1, 7, 560.92
1587343933, 100, 66, 173, 116, 22, 1.12%, 1, 1, 7, 342.53
1587343938, 100, 66, 182, 125, 22, 1.13%, 1, 1, 7, 361.15
1587343943, 100, 66, 185, 128, 22, 1.13%, 1, 1, 7, 538.10
1587343953, 100, 66, 188, 131, 22, 1.13%, 1, 1, 7, 505.41
1587343958, 100, 66, 190, 133, 22, 1.13%, 1, 1, 7, 507.87
1587343979, 100, 66, 193, 136, 22, 1.13%, 1, 1, 7, 479.88
1587343994, 100, 66, 194, 137, 22, 1.13%, 1, 1, 7, 501.92
1587343999, 100, 66, 196, 139, 22, 1.13%, 1, 1, 7, 495.93
1587344004, 100, 66, 199, 142, 22, 1.13%, 1, 1, 7, 531.38
1587344009, 100, 66, 201, 144, 22, 1.13%, 1, 1, 7, 299.07
1587344015, 100, 66, 202, 145, 22, 1.13%, 1, 1, 7, 495.15
1587344020, 100, 66, 208, 151, 22, 1.13%, 1, 1, 7, 541.00
1587344025, 100, 67, 210, 152, 29, 1.13%, 1, 1, 7, 538.39
1587344071, 100, 67, 211, 153, 29, 1.13%, 1, 1, 7, 528.20
1587344076, 100, 67, 214, 156, 29, 1.13%, 1, 1, 7, 492.53
1587344081, 100, 78, 225, 166, 27, 1.13%, 1, 1, 8, 459.44
1587344086, 100, 78, 227, 168, 27, 1.13%, 1, 1, 8, 467.51
1587344091, 100, 78, 233, 174, 27, 1.13%, 1, 1, 8, 465.99
1587344111, 100, 78, 233, 174, 27, 1.13%, 1, 2, 8, 42.24
1587344127, 100, 78, 234, 175, 27, 1.13%, 1, 2, 8, 524.86
1587344152, 100, 78, 236, 177, 27, 1.13%, 1, 2, 8, 276.13
1587344158, 100, 78, 237, 178, 27, 1.13%, 1, 2, 8, 489.63
1587344178, 100, 78, 238, 179, 27, 1.13%, 1, 2, 8, 332.73
1587344188, 100, 78, 239, 180, 27, 1.13%, 1, 2, 8, 507.67
1587344193, 100, 83, 242, 182, 27, 1.13%, 1, 2, 8, 71.23
1587344214, 100, 83, 243, 183, 27, 1.13%, 1, 2, 8, 222.33
1587344239, 100, 83, 244, 184, 27, 1.13%, 1, 2, 8, 275.92
1587344249, 100, 83, 245, 185, 27, 1.13%, 1, 2, 8, 252.98
1587344260, 100, 83, 246, 186, 27, 1.14%, 1, 2, 8, 515.34
1587344265, 100, 83, 247, 187, 27, 1.14%, 1, 2, 8, 511.92
1587344306, 100, 83, 250, 190, 27, 1.14%, 1, 2, 8, 550.74
1587344311, 100, 89, 251, 190, 30, 1.14%, 1, 2, 8, 354.92
1587344331, 100, 89, 252, 191, 30, 1.14%, 1, 2, 8, 214.07
1587344357, 100, 89, 254, 193, 30, 1.14%, 1, 2, 8, 266.02
1587344362, 100, 89, 255, 194, 30, 1.14%, 1, 2, 8, 252.72
1587344387, 100, 93, 255, 193, 29, 1.14%, 1, 2, 8, 502.66
1587344464, 100, 93, 259, 197, 29, 1.14%, 1, 2, 8, 503.58
1587344469, 100, 93, 262, 200, 29, 1.15%, 1, 2, 8, 491.46
1587344474, 100, 94, 264, 201, 29, 1.15%, 1, 2, 8, 309.22
1587344514, 100, 94, 266, 203, 29, 1.15%, 1, 2, 8, 325.61
1587344520, 100, 94, 268, 205, 29, 1.15%, 1, 2, 8, 262.28
1587344535, 100, 94, 270, 207, 29, 1.15%, 1, 2, 8, 366.74
1587344545, 100, 94, 271, 208, 29, 1.15%, 1, 2, 8, 405.62
1587344561, 100, 94, 272, 209, 29, 1.15%, 1, 2, 8, 499.44
1587344566, 100, 94, 273, 210, 29, 1.15%, 1, 2, 8, 511.22
1587344576, 100, 94, 274, 211, 29, 1.15%, 1, 2, 8, 500.83
1587344581, 100, 94, 275, 212, 29, 1.15%, 1, 2, 8, 443.87
1587344586, 100, 94, 277, 214, 29, 1.15%, 1, 2, 8, 457.26
1587344607, 100, 94, 278, 215, 29, 1.15%, 1, 2, 8, 26.58
1587344612, 100, 115, 280, 216, 29, 1.15%, 1, 2, 8, 285.62
1587344683, 100, 115, 281, 217, 29, 1.15%, 1, 2, 8, 466.73
1587344703, 100, 115, 283, 219, 29, 1.15%, 1, 2, 8, 413.96
1587344708, 100, 128, 285, 220, 29, 1.15%, 1, 2, 8, 472.92
1587344744, 100, 128, 286, 221, 29, 1.15%, 1, 2, 8, 511.32
1587344795, 100, 128, 287, 222, 29, 1.22%, 1, 2, 8, 516.57
1587344800, 100, 146, 291, 225, 28, 1.23%, 1, 2, 8, 529.48
1587344820, 100, 146, 295, 229, 28, 1.23%, 1, 2, 8, 517.96
1587344826, 100, 146, 305, 239, 28, 1.23%, 1, 2, 8, 517.10
1587344856, 100, 146, 308, 242, 28, 1.23%, 1, 2, 8, 555.11
1587344861, 100, 146, 309, 243, 28, 1.23%, 1, 2, 8, 570.32
1587344882, 100, 149, 309, 242, 26, 1.23%, 1, 2, 8, 431.77
1587344887, 100, 149, 310, 243, 26, 1.23%, 1, 2, 8, 512.39
1587344948, 100, 166, 310, 242, 25, 1.23%, 1, 2, 8, 544.73
1587344999, 100, 166, 311, 243, 25, 1.23%, 1, 2, 8, 566.88
1587345004, 100, 193, 311, 242, 24, 1.23%, 1, 2, 8, 557.57
1587345050, 100, 193, 312, 243, 24, 1.23%, 1, 2, 8, 549.44
1587345081, 100, 193, 313, 244, 24, 1.23%, 1, 2, 8, 484.62
1587345086, 100, 193, 314, 245, 24, 1.23%, 1, 2, 8, 453.29
1587345091, 100, 198, 315, 245, 24, 1.23%, 1, 2, 8, 500.73
1587345111, 100, 198, 316, 246, 24, 1.23%, 1, 2, 8, 531.25
1587345152, 100, 200, 316, 245, 23, 1.23%, 1, 2, 8, 308.63
1587345223, 100, 200, 317, 246, 23, 1.23%, 1, 2, 8, 196.44
1587345244, 100, 205, 318, 246, 22, 1.23%, 1, 2, 8, 483.66
1587345249, 100, 205, 319, 247, 22, 1.23%, 1, 2, 8, 509.46
1587345295, 100, 208, 322, 249, 21, 1.23%, 1, 2, 8, 468.37
1587345305, 100, 208, 323, 250, 21, 1.23%, 1, 2, 8, 488.47
1587345341, 100, 208, 324, 251, 21, 1.23%, 1, 2, 8, 539.37
1587345346, 100, 208, 326, 253, 21, 1.23%, 1, 2, 8, 512.18
1587345351, 100, 209, 329, 255, 21, 1.23%, 1, 2, 8, 466.12
1587345356, 100, 209, 330, 256, 21, 1.23%, 1, 2, 8, 502.08
1587345402, 100, 209, 332, 258, 21, 1.23%, 1, 2, 8, 515.00
1587345407, 100, 220, 332, 257, 21, 1.23%, 1, 2, 8, 488.19
1587345469, 100, 234, 332, 256, 20, 1.23%, 1, 2, 8, 497.57
1587345529, 100, 234, 334, 258, 20, 1.27%, 1, 2, 9, 541.98
1587345534, 100, 237, 335, 258, 22, 1.27%, 2, 2, 9, 134.83
1587345565, 100, 237, 338, 261, 22, 1.27%, 2, 2, 9, 431.35
1587345601, 100, 241, 339, 261, 23, 1.27%, 2, 2, 9, 503.20
1587345661, 100, 245, 339, 260, 23, 1.27%, 2, 2, 9, 517.20
1587345667, 100, 245, 345, 266, 23, 1.28%, 2, 2, 9, 347.01
1587345672, 100, 245, 346, 267, 23, 1.28%, 2, 2, 9, 319.45
1587345677, 100, 245, 361, 282, 23, 1.30%, 2, 2, 9, 318.51
1587345702, 100, 245, 362, 283, 23, 1.30%, 2, 2, 9, 361.30
1587345732, 100, 245, 363, 284, 23, 1.30%, 2, 2, 9, 517.50
1587345737, 100, 245, 364, 285, 23, 1.30%, 2, 2, 9, 537.59
1587345768, 100, 245, 365, 286, 23, 1.30%, 2, 2, 9, 536.10
1587345778, 100, 245, 367, 288, 23, 1.30%, 2, 2, 9, 545.17
1587345783, 100, 254, 367, 287, 26, 1.30%, 2, 2, 9, 489.53
1587345849, 100, 255, 369, 288, 25, 1.30%, 2, 2, 9, 452.19
1587345854, 100, 255, 370, 289, 25, 1.30%, 2, 2, 9, 439.95
1587345915, 100, 264, 371, 289, 24, 1.30%, 2, 2, 9, 494.97
1587345925, 100, 264, 373, 291, 24, 1.30%, 2, 2, 9, 537.19
1587345991, 100, 286, 376, 293, 22, 1.30%, 2, 2, 9, 462.77
1587345996, 100, 286, 388, 305, 22, 1.33%, 2, 2, 9, 198.36
1587346001, 100, 286, 390, 307, 22, 1.33%, 2, 2, 9, 258.48
1587346011, 100, 286, 402, 319, 22, 1.33%, 2, 2, 9, 250.92
1587346052, 100, 286, 403, 320, 22, 1.33%, 2, 2, 9, 525.32
1587346057, 100, 286, 404, 321, 22, 1.33%, 2, 2, 9, 528.77
1587346067, 100, 286, 406, 323, 22, 1.33%, 2, 2, 9, 529.81
1587346098, 100, 286, 408, 325, 22, 1.33%, 2, 2, 9, 498.02
1587346103, 100, 286, 410, 327, 22, 1.35%, 2, 2, 9, 401.00
1587346108, 100, 290, 410, 326, 28, 1.35%, 2, 2, 9, 511.06
1587346174, 100, 296, 410, 325, 27, 1.35%, 2, 2, 9, 549.19
1587346179, 100, 296, 412, 327, 27, 1.35%, 2, 2, 9, 553.98
1587346199, 100, 296, 415, 330, 27, 1.35%, 2, 2, 9, 508.09
1587346235, 100, 296, 416, 331, 27, 1.35%, 2, 2, 9, 571.42
1587346245, 100, 304, 422, 336, 28, 1.35%, 2, 2, 9, 560.01
1587346250, 100, 304, 423, 337, 28, 1.35%, 2, 2, 9, 564.81
1587346255, 100, 304, 424, 338, 28, 1.35%, 2, 2, 9, 549.15
1587346296, 100, 304, 425, 339, 28, 1.35%, 2, 2, 9, 587.95
1587346301, 100, 304, 426, 340, 28, 1.35%, 2, 2, 9, 570.36
1587346306, 100, 304, 427, 341, 28, 1.35%, 2, 2, 9, 577.81
1587346341, 100, 305, 429, 342, 29, 1.36%, 2, 2, 9, 564.77
1587346346, 100, 305, 430, 343, 29, 1.36%, 2, 2, 9, 551.32
1587346377, 100, 305, 431, 344, 29, 1.36%, 2, 2, 9, 558.26
1587346417, 100, 305, 433, 346, 29, 1.36%, 2, 2, 9, 539.69
1587346427, 100, 311, 435, 347, 29, 1.36%, 2, 2, 9, 541.32
1587346463, 100, 311, 437, 349, 29, 1.36%, 2, 2, 9, 504.43
1587346509, 100, 320, 437, 348, 29, 1.36%, 2, 2, 9, 525.01
1587346575, 100, 326, 438, 348, 28, 1.36%, 2, 2, 9, 459.56
1587346636, 100, 329, 440, 349, 27, 1.36%, 2, 2, 9, 504.41
1587346697, 100, 329, 442, 351, 27, 1.36%, 2, 2, 9, 512.42
1587346707, 100, 330, 442, 350, 27, 1.36%, 2, 2, 9, 301.83
1587346773, 100, 332, 446, 353, 26, 1.36%, 2, 2, 10, 516.76
1587346778, 100, 332, 447, 354, 26, 1.37%, 2, 2, 10, 516.75
1587346834, 100, 333, 448, 354, 31, 1.37%, 2, 2, 10, 547.32
1587346895, 100, 334, 448, 353, 30, 1.37%, 2, 2, 10, 575.78
1587346961, 100, 336, 452, 356, 29, 1.37%, 2, 2, 10, 499.79
1587346971, 100, 336, 455, 359, 29, 1.37%, 2, 2, 10, 536.35
1587346991, 100, 336, 456, 360, 29, 1.37%, 2, 2, 10, 482.53
1587347052, 100, 336, 458, 362, 29, 1.37%, 2, 2, 10, 510.31
1587347068, 100, 338, 458, 361, 29, 1.37%, 2, 2, 10, 522.27
1587347073, 100, 338, 459, 362, 29, 1.37%, 2, 2, 10, 510.40
1587347129, 100, 358, 461, 363, 28, 1.37%, 2, 2, 10, 424.04
1587347139, 100, 358, 464, 366, 28, 1.37%, 2, 2, 10, 363.85
1587347205, 100, 362, 464, 365, 27, 1.37%, 2, 2, 10, 528.92
1587347210, 100, 362, 465, 366, 27, 1.37%, 2, 2, 10, 498.11
1587347246, 100, 362, 466, 367, 27, 1.37%, 2, 2, 10, 544.39
1587347266, 100, 362, 467, 368, 27, 1.37%, 2, 2, 10, 551.98
1587347286, 100, 362, 468, 369, 27, 1.37%, 2, 2, 10, 489.10
1587347312, 100, 370, 470, 370, 26, 1.37%, 2, 2, 10, 514.95
1587347373, 100, 370, 471, 371, 26, 1.37%, 2, 2, 10, 562.31
1587347383, 100, 377, 472, 371, 25, 1.37%, 2, 2, 10, 126.32
1587347434, 100, 377, 473, 372, 25, 1.37%, 2, 2, 10, 390.68
1587347465, 100, 377, 474, 373, 25, 1.37%, 2, 2, 10, 526.72
1587347470, 100, 377, 475, 374, 25, 1.37%, 2, 2, 10, 519.15
1587347490, 100, 378, 475, 373, 27, 1.37%, 2, 2, 10, 56.11
1587347495, 100, 378, 478, 376, 27, 1.37%, 2, 2, 10, 75.64
1587347500, 100, 378, 480, 378, 27, 1.38%, 2, 2, 10, 94.26
1587347505, 100, 378, 481, 379, 27, 1.38%, 2, 2, 10, 77.18
1587347541, 100, 378, 483, 381, 27, 1.38%, 2, 2, 10, 111.09
1587347653, 100, 379, 490, 387, 28, 1.38%, 2, 2, 10, 491.41
1587347699, 100, 379, 491, 388, 28, 1.38%, 2, 2, 10, 556.62
1587347755, 100, 384, 491, 387, 26, 1.38%, 2, 2, 10, 468.53
1587347760, 100, 384, 493, 389, 26, 1.38%, 2, 2, 10, 275.36
1587347765, 100, 384, 495, 391, 26, 1.38%, 2, 2, 10, 262.89
1587347775, 100, 384, 502, 398, 26, 1.38%, 2, 2, 10, 276.08
1587347836, 100, 384, 503, 399, 26, 1.38%, 2, 2, 10, 515.01
1587347841, 100, 389, 504, 399, 25, 1.38%, 2, 2, 10, 497.32
1587347928, 100, 395, 504, 398, 24, 1.38%, 2, 2, 10, 476.62
1587347933, 100, 395, 505, 399, 24, 1.38%, 2, 2, 10, 432.41
1587347999, 100, 401, 510, 403, 24, 1.38%, 2, 2, 10, 516.45
1587348055, 100, 401, 511, 404, 24, 1.38%, 2, 2, 10, 566.02
1587348090, 100, 401, 512, 405, 24, 1.38%, 2, 2, 10, 103.19
1587348101, 100, 411, 512, 404, 24, 1.38%, 2, 2, 10, 549.73
1587348167, 100, 422, 512, 403, 23, 1.38%, 2, 2, 10, 567.61
1587348192, 100, 422, 513, 404, 23, 1.38%, 2, 2, 10, 526.63
1587348238, 100, 423, 513, 403, 22, 1.38%, 2, 2, 10, 567.21
1587348299, 100, 423, 514, 404, 22, 1.38%, 2, 2, 10, 552.31
1587348309, 100, 429, 514, 403, 21, 1.38%, 2, 2, 10, 455.78
1587348370, 100, 429, 515, 404, 21, 1.38%, 2, 2, 10, 522.13
1587348381, 100, 435, 516, 404, 20, 1.38%, 2, 2, 10, 552.60
1587348447, 100, 435, 517, 405, 20, 1.38%, 2, 2, 10, 527.96
1587348462, 100, 439, 517, 404, 20, 1.38%, 2, 2, 10, 511.79
1587348538, 100, 443, 517, 403, 19, 1.38%, 2, 2, 10, 537.81
1587348604, 100, 444, 517, 402, 18, 1.38%, 2, 2, 10, 533.44
1587348650, 100, 444, 518, 403, 18, 1.38%, 2, 2, 11, 573.17
1587348706, 100, 445, 518, 402, 18, 1.38%, 2, 2, 11, 558.85
1587348772, 100, 446, 518, 401, 17, 1.38%, 2, 2, 11, 574.15
1587348848, 100, 447, 518, 400, 16, 1.38%, 2, 2, 11, 555.25
1587348909, 100, 449, 518, 399, 15, 1.38%, 2, 2, 11, 544.18
1587348975, 100, 458, 519, 399, 14, 1.38%, 2, 2, 11, 532.21
1587348985, 100, 458, 522, 402, 14, 1.38%, 2, 2, 11, 535.84
1587349046, 100, 474, 522, 401, 15, 1.38%, 2, 2, 11, 502.10
1587349108, 100, 474, 523, 402, 15, 1.38%, 2, 2, 11, 548.03
1587349153, 100, 474, 524, 403, 15, 1.38%, 2, 2, 11, 521.15
1587349163, 100, 486, 524, 402, 15, 1.38%, 2, 2, 11, 522.44
1587349169, 100, 486, 528, 406, 15, 1.38%, 2, 2, 11, 509.34
1587349235, 100, 486, 529, 407, 15, 1.38%, 2, 2, 11, 541.61
1587349240, 100, 487, 532, 409, 17, 1.38%, 2, 2, 11, 498.26
1587349301, 100, 487, 534, 411, 17, 1.38%, 2, 2, 11, 548.98
1587349316, 100, 489, 536, 412, 16, 1.38%, 3, 2, 11, 484.13
1587349388, 100, 501, 536, 411, 16, 1.38%, 3, 2, 11, 437.20
1587349393, 100, 501, 538, 413, 16, 1.39%, 3, 2, 11, 469.70
1587349454, 100, 505, 539, 413, 17, 1.39%, 3, 2, 11, 470.66
1587349525, 100, 506, 539, 412, 16, 1.39%, 3, 2, 11, 485.52
1587349602, 100, 507, 539, 411, 15, 1.39%, 3, 2, 11, 483.57
1587349674, 100, 509, 541, 412, 14, 1.39%, 3, 2, 11, 484.00
1587349750, 100, 516, 548, 418, 13, 1.39%, 3, 2, 11, 496.30
1587349755, 100, 516, 549, 419, 13, 1.39%, 3, 2, 11, 541.23
1587349760, 100, 516, 550, 420, 13, 1.39%, 3, 2, 11, 538.26
1587349786, 100, 516, 552, 422, 13, 1.39%, 3, 2, 11, 65.18
1587349801, 100, 516, 553, 423, 13, 1.39%, 3, 2, 11, 548.92
1587349862, 100, 518, 553, 422, 15, 1.39%, 3, 2, 11, 543.81
1587349867, 100, 518, 554, 423, 15, 1.39%, 3, 2, 12, 505.22
1587349872, 100, 518, 555, 424, 15, 1.39%, 3, 2, 12, 497.88
1587349933, 100, 520, 558, 426, 15, 1.39%, 3, 2, 12, 532.88
1587349939, 100, 520, 559, 427, 15, 1.39%, 3, 2, 12, 515.44
1587349944, 100, 520, 560, 428, 15, 1.39%, 3, 2, 12, 519.91
1587350011, 100, 524, 565, 432, 17, 1.39%, 3, 2, 12, 464.29
1587350082, 100, 524, 566, 433, 17, 1.39%, 3, 2, 12, 538.58
1587350088, 100, 525, 569, 435, 16, 1.39%, 3, 2, 12, 508.13
1587350144, 100, 525, 570, 436, 16, 1.39%, 3, 2, 12, 556.79
1587350194, 100, 526, 572, 437, 15, 1.39%, 3, 2, 12, 496.18
1587350251, 100, 526, 572, 437, 15, 1.39%, 3, 3, 12, 570.39
1587350256, 100, 527, 573, 437, 14, 1.39%, 3, 3, 12, 517.22
1587350261, 100, 527, 575, 439, 14, 1.39%, 3, 3, 12, 487.55
1587350332, 100, 534, 575, 438, 13, 1.39%, 3, 3, 12, 549.88
1587350373, 100, 534, 575, 438, 13, 1.39%, 4, 3, 12, 567.69
1587350403, 100, 536, 575, 437, 12, 1.39%, 4, 3, 12, 483.84
1587350465, 100, 544, 575, 436, 11, 1.39%, 4, 3, 12, 548.27
1587350470, 100, 544, 576, 437, 11, 1.39%, 4, 3, 12, 540.09
1587350475, 100, 544, 577, 438, 11, 1.39%, 4, 3, 12, 562.29
1587350546, 100, 550, 577, 437, 10, 1.39%, 4, 3, 12, 532.09
1587350556, 100, 550, 578, 438, 10, 1.39%, 4, 3, 12, 384.19
1587350617, 100, 550, 579, 439, 10, 1.39%, 4, 3, 12, 510.32
1587350668, 100, 552, 582, 441, 9, 1.39%, 4, 3, 12, 544.85
1587350673, 100, 552, 583, 442, 9, 1.39%, 4, 3, 12, 545.40
1587350703, 100, 552, 584, 443, 9, 1.39%, 4, 3, 12, 512.98
1587350754, 100, 554, 585, 443, 8, 1.39%, 4, 3, 13, 534.20
1587350759, 100, 554, 586, 444, 8, 1.39%, 4, 3, 13, 521.22
1587350825, 100, 555, 586, 443, 7, 1.39%, 4, 3, 13, 525.44
1587350845, 100, 555, 586, 443, 7, 1.39%, 5, 3, 13, 524.43
1587350901, 100, 558, 586, 442, 6, 1.39%, 5, 3, 13, 532.57
1587350906, 100, 558, 587, 443, 6, 1.39%, 5, 3, 13, 527.75
1587350957, 100, 576, 588, 443, 5, 1.39%, 5, 3, 13, 540.50
1587350977, 100, 576, 589, 444, 5, 1.39%, 5, 3, 13, 533.79
1587351038, 100, 588, 589, 443, 5, 1.39%, 5, 3, 13, 583.85
1587351125, 101, 212, 589, 442, 4, 1.39%, 5, 3, 13, 436.38
1587351181, 101, 273, 589, 441, 4, 1.39%, 5, 3, 13, 489.00
1587351257, 101, 279, 589, 440, 3, 1.39%, 5, 3, 13, 287.24
1587351349, 101, 288, 589, 439, 3, 1.39%, 5, 3, 13, 519.60
1587351354, 101, 288, 590, 440, 3, 1.39%, 5, 3, 13, 550.77
1587351420, 101, 339, 590, 439, 2, 1.39%, 5, 3, 13, 367.16
1587351506, 101, 357, 591, 439, 1, 1.39%, 5, 3, 13, 455.87
1587351588, 101, 502, 591, 438, 1, 1.39%, 5, 3, 13, 427.33
1587351639, 101, 502, 592, 439, 1, 1.39%, 5, 3, 13, 541.08
1587351680, 101, 543, 592, 438, 1, 1.39%, 5, 3, 13, 545.40
1587351731, 101, 543, 593, 439, 1, 1.40%, 5, 3, 13, 563.91
1587351791, 101, 591, 593, 438, 2, 1.40%, 5, 3, 13, 499.48
1587351797, 101, 591, 596, 441, 2, 1.40%, 5, 3, 13, 294.78
1587351868, 101, 592, 601, 445, 2, 1.41%, 5, 3, 13, 480.81
1587351873, 101, 592, 603, 447, 2, 1.41%, 5, 3, 13, 488.92
1587351878, 101, 592, 604, 448, 2, 1.41%, 5, 3, 13, 482.41
1587351883, 101, 592, 605, 449, 2, 1.41%, 5, 3, 13, 500.35
1587351898, 101, 592, 607, 451, 2, 1.41%, 5, 3, 13, 447.43
1587351903, 101, 592, 609, 453, 2, 1.41%, 5, 3, 13, 458.70
1587351908, 101, 592, 611, 455, 2, 1.41%, 5, 3, 13, 517.29
1587351918, 101, 592, 612, 456, 2, 1.41%, 5, 3, 13, 518.63
1587351924, 101, 592, 613, 457, 2, 1.41%, 5, 3, 13, 532.17
1587351979, 101, 595, 613, 456, 5, 1.41%, 5, 3, 13, 482.69
1587352051, 101, 596, 613, 455, 4, 1.41%, 5, 3, 13, 534.64
1587352056, 101, 596, 614, 456, 4, 1.41%, 5, 3, 14, 526.30
1587352061, 101, 596, 615, 457, 4, 1.42%, 5, 3, 14, 513.57
1587352076, 101, 596, 618, 460, 4, 1.42%, 5, 3, 14, 83.80
1587352102, 101, 596, 619, 461, 4, 1.42%, 5, 3, 14, 530.48
1587352137, 101, 596, 620, 462, 4, 1.42%, 5, 3, 14, 544.43
1587352158, 101, 598, 625, 466, 5, 1.42%, 5, 3, 14, 513.21
1587352163, 101, 598, 626, 467, 5, 1.42%, 5, 3, 14, 502.94
1587352168, 101, 598, 627, 468, 5, 1.42%, 5, 3, 14, 489.46
1587352173, 101, 598, 628, 469, 5, 1.42%, 5, 3, 14, 499.25
1587352188, 101, 598, 629, 470, 5, 1.42%, 5, 3, 14, 426.83
1587352193, 101, 598, 633, 474, 5, 1.42%, 5, 3, 14, 491.44
1587352198, 101, 598, 634, 475, 5, 1.42%, 5, 3, 14, 516.85
1587352203, 101, 598, 635, 476, 5, 1.42%, 5, 3, 14, 504.34
1587352209, 101, 598, 636, 477, 5, 1.42%, 5, 3, 14, 518.20
1587352214, 101, 598, 637, 478, 5, 1.42%, 5, 3, 14, 526.31
1587352224, 101, 598, 639, 480, 5, 1.42%, 5, 3, 14, 526.27
1587352269, 101, 604, 641, 481, 6, 1.42%, 5, 3, 14, 500.58
1587352290, 101, 604, 641, 481, 6, 1.42%, 6, 3, 14, 514.17
1587352295, 101, 604, 642, 482, 6, 1.42%, 6, 3, 14, 495.27
1587352300, 101, 604, 643, 483, 6, 1.42%, 6, 3, 14, 361.13
1587352345, 101, 604, 644, 484, 6, 1.42%, 6, 3, 14, 542.83
1587352355, 101, 614, 646, 485, 6, 1.42%, 6, 3, 15, 539.01
1587352360, 101, 614, 647, 486, 6, 1.42%, 6, 3, 15, 519.64
1587352432, 101, 619, 647, 485, 6, 1.42%, 6, 3, 15, 433.78
1587352437, 101, 619, 653, 491, 6, 1.43%, 6, 3, 15, 368.77
1587352457, 101, 619, 654, 492, 6, 1.43%, 6, 3, 15, 355.09
1587352508, 101, 619, 655, 493, 6, 1.43%, 6, 3, 15, 348.30
1587352533, 101, 619, 658, 496, 6, 1.44%, 6, 4, 15, 179.64
1587352554, 101, 619, 659, 497, 6, 1.44%, 6, 4, 15, 410.14
1587352559, 101, 619, 660, 498, 6, 1.44%, 6, 4, 15, 398.40
1587352579, 101, 619, 661, 499, 6, 1.44%, 6, 4, 15, 397.56
1587352584, 101, 619, 662, 500, 6, 1.44%, 6, 4, 15, 410.33
1587352630, 101, 626, 664, 501, 12, 1.44%, 6, 4, 15, 503.05
1587352635, 101, 626, 666, 503, 12, 1.44%, 6, 4, 15, 502.09
1587352676, 101, 626, 667, 504, 12, 1.44%, 6, 4, 15, 531.31
1587352742, 101, 627, 670, 506, 13, 1.44%, 6, 4, 15, 513.23
1587352747, 101, 627, 671, 507, 13, 1.44%, 6, 4, 15, 489.14
1587352793, 101, 627, 671, 507, 13, 1.44%, 7, 4, 15, 529.69
1587352818, 101, 635, 671, 506, 12, 1.44%, 7, 4, 15, 517.75
1587352864, 101, 635, 672, 507, 12, 1.44%, 7, 4, 15, 555.19
1587352895, 101, 635, 673, 508, 12, 1.44%, 7, 4, 15, 526.26
1587352925, 101, 638, 674, 508, 11, 1.44%, 7, 4, 15, 516.66
1587353007, 101, 646, 674, 507, 10, 1.44%, 7, 4, 15, 526.12
1587353073, 101, 648, 674, 506, 9, 1.44%, 7, 4, 15, 518.21
1587353078, 101, 648, 681, 513, 9, 1.44%, 7, 4, 16, 390.41
1587353098, 101, 648, 682, 514, 9, 1.44%, 7, 4, 16, 354.86
1587353124, 101, 648, 683, 515, 9, 1.44%, 7, 4, 16, 355.82
1587353154, 101, 648, 684, 516, 9, 1.44%, 7, 4, 16, 381.56
1587353169, 101, 648, 686, 518, 9, 1.44%, 7, 4, 16, 364.67
1587353174, 101, 648, 690, 522, 9, 1.44%, 7, 4, 16, 225.93
1587353179, 101, 648, 693, 525, 9, 1.44%, 7, 4, 16, 373.72
1587353185, 101, 648, 694, 526, 9, 1.44%, 7, 4, 16, 383.84
1587353190, 101, 648, 698, 530, 9, 1.44%, 7, 4, 16, 413.33
1587353195, 101, 648, 699, 531, 9, 1.44%, 7, 4, 16, 417.80
1587353200, 101, 648, 700, 532, 9, 1.44%, 7, 4, 16, 406.42
1587353210, 101, 648, 701, 533, 9, 1.44%, 7, 4, 16, 406.22
1587353215, 101, 648, 703, 535, 9, 1.45%, 7, 4, 16, 402.85
1587353220, 101, 648, 704, 536, 9, 1.45%, 7, 4, 16, 405.68
1587353230, 101, 648, 705, 537, 9, 1.45%, 7, 4, 16, 408.74
1587353235, 101, 648, 706, 538, 9, 1.45%, 7, 4, 16, 394.48
1587353255, 101, 648, 707, 539, 9, 1.45%, 7, 4, 16, 470.33
1587353271, 101, 657, 707, 538, 9, 1.45%, 7, 4, 16, 454.74
1587353372, 101, 657, 708, 539, 9, 1.45%, 7, 4, 16, 154.79
1587353428, 101, 660, 708, 538, 8, 1.45%, 7, 4, 16, 499.87
1587353580, 101, 663, 708, 537, 7, 1.45%, 7, 4, 16, 545.87
1587353662, 101, 669, 708, 536, 6, 1.45%, 7, 4, 16, 508.18
1587353737, 101, 680, 708, 535, 5, 1.45%, 7, 4, 16, 476.97
1587353763, 101, 680, 710, 537, 5, 1.45%, 7, 4, 17, 346.97
1587353814, 101, 680, 711, 538, 5, 1.45%, 7, 4, 17, 364.60
1587353855, 101, 680, 713, 540, 5, 1.45%, 7, 4, 17, 406.50
1587353865, 101, 680, 714, 541, 5, 1.45%, 7, 4, 17, 415.82
1587353870, 101, 680, 715, 542, 5, 1.45%, 7, 4, 17, 417.72
1587353875, 101, 680, 716, 543, 5, 1.45%, 7, 4, 17, 418.04
1587353885, 101, 680, 717, 544, 5, 1.45%, 7, 4, 17, 397.91
1587353891, 101, 680, 718, 545, 5, 1.45%, 7, 4, 17, 7.85
1587353937, 101, 697, 718, 544, 6, 1.45%, 7, 4, 17, 456.23
1587353942, 101, 697, 719, 545, 6, 1.45%, 7, 4, 17, 375.87
1587353962, 101, 697, 720, 546, 6, 1.45%, 7, 4, 17, 347.26
1587354043, 101, 697, 722, 548, 6, 1.45%, 7, 4, 17, 328.53
1587354049, 101, 697, 723, 549, 6, 1.45%, 7, 4, 17, 385.49
1587354079, 101, 697, 724, 550, 6, 1.45%, 7, 4, 17, 415.61
1587354136, 101, 702, 724, 549, 6, 1.45%, 7, 4, 17, 472.00
1587354253, 101, 702, 725, 550, 6, 1.45%, 7, 4, 17, 421.47
1587354288, 101, 702, 726, 551, 6, 1.45%, 7, 4, 17, 419.95
1587354334, 101, 703, 726, 550, 5, 1.45%, 7, 4, 17, 389.10
1587354359, 101, 703, 727, 551, 5, 1.45%, 7, 4, 17, 363.97
1587354436, 101, 703, 728, 552, 5, 1.45%, 7, 4, 17, 256.43
1587354492, 101, 709, 729, 552, 5, 1.45%, 7, 4, 18, 419.24
1587354599, 101, 709, 730, 553, 5, 1.45%, 7, 4, 18, 432.45
1587354680, 101, 716, 731, 553, 4, 1.45%, 7, 4, 18, 350.57
1587354685, 101, 716, 739, 561, 4, 1.45%, 7, 4, 18, 296.70
1587354736, 101, 716, 740, 562, 4, 1.45%, 7, 4, 18, 286.44
1587354870, 101, 716, 741, 563, 4, 1.45%, 7, 4, 18, 243.96
1587354936, 101, 719, 741, 562, 4, 1.45%, 7, 4, 18, 454.89
1587354941, 101, 719, 742, 563, 4, 1.45%, 7, 4, 18, 386.28
1587355043, 101, 719, 743, 564, 4, 1.45%, 7, 4, 18, 406.97
1587355135, 101, 720, 743, 563, 4, 1.45%, 7, 4, 18, 464.93
1587355140, 101, 720, 744, 564, 4, 1.45%, 7, 4, 18, 370.31
1587355309, 101, 727, 744, 563, 4, 1.45%, 7, 4, 18, 372.96
1587355334, 101, 727, 745, 564, 4, 1.45%, 7, 4, 18, 324.63
1587355395, 101, 727, 746, 565, 4, 1.45%, 7, 4, 18, 304.89
1587355476, 101, 732, 746, 564, 3, 1.45%, 7, 4, 18, 514.78
1587355761, 101, 741, 746, 563, 2, 1.45%, 7, 4, 18, 395.23
1587355939, 101, 743, 746, 562, 1, 1.45%, 7, 4, 18, 411.64
1587356116, 102, 4, 746, 561, 0, 1.45%, 7, 4, 18, 380.52
1587356121, 102, 32, 746, 561, 0, 1.45%, 7, 4, 18, 363.01
1587356126, 102, 39, 746, 561, 0, 1.45%, 7, 4, 18, 421.49
1587356132, 102, 43, 746, 561, 0, 1.45%, 7, 4, 18, 474.39
1587356137, 102, 47, 746, 561, 0, 1.45%, 7, 4, 18, 508.43
1587356142, 102, 48, 746, 561, 0, 1.45%, 7, 4, 18, 523.67
1587356152, 102, 49, 746, 561, 0, 1.45%, 7, 4, 18, 484.08
1587356157, 102, 53, 746, 561, 0, 1.45%, 7, 4, 18, 469.11
1587356172, 102, 54, 746, 561, 0, 1.45%, 7, 4, 18, 535.80
1587356182, 102, 55, 746, 561, 0, 1.45%, 7, 4, 18, 473.38
1587356187, 102, 55, 747, 562, 0, 1.45%, 7, 4, 18, 489.74
1587356197, 102, 77, 747, 562, 0, 1.45%, 7, 4, 18, 498.57
1587356259, 102, 81, 747, 561, 0, 1.45%, 7, 4, 18, 298.88
1587356376, 102, 86, 747, 560, 0, 1.45%, 7, 4, 18, 225.16
1587356457, 102, 86, 748, 561, 0, 1.45%, 7, 4, 18, 80.12
1587356462, 102, 95, 748, 560, 0, 1.45%, 7, 4, 18, 282.11
1587356544, 102, 101, 748, 559, 0, 1.45%, 7, 4, 18, 57.73
1587356727, 102, 105, 748, 558, 0, 1.45%, 7, 4, 18, 279.78
1587356813, 102, 109, 748, 557, 0, 1.45%, 7, 4, 18, 393.37
1587356895, 102, 111, 748, 556, 0, 1.45%, 7, 4, 18, 460.69
1587356977, 102, 116, 748, 555, 0, 1.45%, 7, 4, 18, 340.04
1587357058, 102, 118, 748, 554, 0, 1.45%, 7, 4, 18, 475.24
1587357150, 102, 120, 748, 553, 0, 1.45%, 7, 4, 18, 448.55
1587357241, 102, 124, 748, 552, 0, 1.45%, 7, 4, 18, 447.57
1587357302, 102, 127, 748, 551, 0, 1.45%, 7, 4, 18, 462.79
1587357348, 102, 127, 749, 552, 0, 1.45%, 7, 4, 18, 506.74
1587357353, 102, 138, 749, 551, 0, 1.45%, 7, 4, 18, 525.46
1587357414, 102, 158, 749, 550, 0, 1.45%, 7, 4, 18, 559.46
1587357475, 102, 162, 749, 549, 0, 1.45%, 7, 4, 18, 530.35
1587357536, 102, 166, 749, 548, 0, 1.45%, 7, 4, 18, 587.87
1587357552, 102, 174, 749, 548, 0, 1.45%, 7, 4, 18, 562.31
1587357597, 102, 180, 749, 547, 0, 1.45%, 7, 4, 18, 573.31
1587357648, 102, 184, 749, 546, 0, 1.45%, 7, 4, 18, 531.88
1587357694, 102, 186, 749, 545, 0, 1.45%, 7, 4, 18, 571.45
1587357750, 102, 191, 749, 544, 0, 1.45%, 7, 4, 18, 539.53
1587357801, 102, 192, 749, 543, 0, 1.45%, 7, 4, 18, 521.45
1587357852, 102, 192, 750, 544, 0, 1.45%, 7, 4, 18, 502.71
1587357862, 102, 193, 750, 543, 0, 1.45%, 7, 4, 18, 549.36
1587357877, 102, 198, 750, 543, 0, 1.45%, 7, 4, 18, 527.51
1587357898, 102, 199, 750, 543, 0, 1.45%, 7, 4, 18, 273.84
1587357989, 102, 204, 750, 542, 0, 1.45%, 7, 4, 18, 438.70
1587358050, 102, 205, 750, 541, 0, 1.45%, 7, 4, 18, 572.35
1587358066, 102, 214, 750, 541, 0, 1.45%, 7, 4, 18, 477.34
1587358121, 102, 215, 750, 540, 0, 1.45%, 7, 4, 18, 491.27
1587358182, 102, 222, 750, 539, 0, 1.45%, 7, 4, 18, 511.32
1587358248, 102, 235, 750, 538, 0, 1.45%, 7, 4, 18, 478.67
1587358315, 102, 241, 750, 537, 0, 1.45%, 7, 4, 18, 556.87
1587358330, 102, 248, 750, 537, 0, 1.45%, 7, 4, 18, 85.57
1587358479, 102, 254, 750, 536, 0, 1.45%, 7, 4, 18, 518.04
1587358499, 102, 257, 750, 536, 0, 1.45%, 7, 4, 18, 572.86
1587358570, 102, 262, 750, 535, 0, 1.45%, 7, 4, 18, 103.22
1587358703, 102, 264, 750, 534, 0, 1.45%, 7, 4, 18, 547.85
1587358724, 102, 266, 750, 534, 0, 1.45%, 7, 4, 18, 466.26
1587358785, 102, 271, 750, 533, 0, 1.45%, 7, 4, 18, 533.00
1587358790, 102, 271, 751, 534, 0, 1.45%, 7, 4, 18, 110.91
1587358892, 102, 273, 751, 533, 0, 1.45%, 7, 4, 18, 563.48
1587358913, 102, 274, 751, 533, 0, 1.45%, 7, 4, 18, 490.41
1587358978, 102, 276, 751, 532, 0, 1.45%, 7, 4, 18, 430.56
1587359060, 102, 277, 751, 531, 0, 1.45%, 7, 4, 18, 312.14
1587359146, 102, 278, 751, 530, 0, 1.45%, 7, 4, 18, 516.65
1587359238, 102, 280, 751, 529, 0, 1.45%, 7, 4, 18, 539.06
1587359305, 102, 280, 752, 530, 0, 1.45%, 7, 4, 18, 85.02
1587359315, 102, 281, 752, 529, 0, 1.45%, 7, 4, 18, 540.21
1587359386, 102, 282, 752, 528, 0, 1.45%, 7, 4, 18, 533.95
1587359458, 102, 284, 752, 527, 0, 1.45%, 7, 4, 18, 524.85
1587359534, 102, 288, 752, 526, 0, 1.45%, 7, 4, 18, 550.88
1587359555, 102, 291, 752, 526, 0, 1.45%, 7, 4, 18, 577.81
1587359615, 102, 294, 752, 525, 0, 1.45%, 7, 4, 18, 536.54
1587359677, 102, 303, 752, 524, 0, 1.45%, 7, 4, 18, 383.89
1587359748, 102, 306, 752, 523, 0, 1.45%, 7, 4, 18, 472.11
1587359819, 102, 308, 752, 522, 0, 1.45%, 7, 4, 18, 549.06
1587359879, 102, 309, 752, 521, 0, 1.45%, 7, 4, 18, 556.77
1587359945, 102, 315, 752, 520, 0, 1.45%, 7, 4, 18, 541.80
1587360017, 102, 317, 752, 519, 0, 1.45%, 7, 4, 18, 492.82
1587360093, 102, 320, 752, 518, 0, 1.45%, 7, 4, 18, 545.62
1587360108, 102, 325, 752, 518, 0, 1.45%, 7, 4, 18, 83.85
1587360261, 102, 326, 752, 517, 0, 1.45%, 7, 4, 18, 504.16
1587360277, 102, 334, 752, 517, 0, 1.45%, 7, 4, 18, 521.87
1587360297, 102, 339, 752, 517, 0, 1.45%, 7, 4, 18, 565.14
1587360317, 102, 344, 752, 517, 0, 1.45%, 7, 4, 18, 287.43
1587360424, 102, 345, 752, 516, 0, 1.45%, 7, 4, 18, 76.69
1587360587, 102, 355, 752, 515, 0, 1.45%, 7, 4, 18, 389.80
1587360669, 102, 362, 752, 514, 0, 1.45%, 7, 4, 18, 520.47
1587360695, 102, 369, 752, 514, 0, 1.45%, 7, 4, 18, 424.33
1587360761, 102, 370, 752, 513, 0, 1.45%, 7, 4, 18, 556.24
1587360782, 102, 371, 752, 513, 0, 1.45%, 7, 4, 18, 486.32
1587360848, 102, 376, 752, 512, 0, 1.45%, 7, 4, 18, 344.14
1587360934, 102, 382, 752, 511, 0, 1.45%, 7, 4, 18, 145.69
1587361027, 102, 383, 752, 510, 0, 1.45%, 7, 4, 18, 355.51
1587361119, 102, 385, 752, 509, 0, 1.45%, 7, 4, 18, 317.50
1587361200, 102, 387, 752, 508, 0, 1.45%, 7, 4, 18, 508.93
1587361287, 102, 389, 752, 507, 0, 1.45%, 7, 4, 18, 527.99
1587361307, 102, 393, 752, 507, 0, 1.45%, 7, 4, 18, 380.96
1587361378, 102, 396, 752, 506, 0, 1.45%, 7, 4, 18, 132.48
1587361475, 102, 403, 752, 505, 0, 1.45%, 7, 4, 18, 371.29
1587361572, 102, 409, 752, 504, 0, 1.45%, 7, 4, 18, 278.20
1587361730, 102, 411, 752, 503, 0, 1.45%, 7, 4, 18, 517.17
1587361750, 102, 415, 752, 503, 0, 1.45%, 7, 4, 18, 533.45
1587361821, 102, 417, 752, 502, 0, 1.45%, 7, 4, 18, 508.60
1587361888, 102, 421, 752, 501, 0, 1.45%, 7, 4, 18, 534.95
1587361954, 102, 422, 752, 500, 0, 1.45%, 7, 4, 18, 538.36
1587361974, 102, 423, 752, 500, 0, 1.45%, 7, 4, 18, 525.42
1587362000, 102, 425, 752, 500, 0, 1.45%, 7, 4, 18, 489.42
1587362066, 102, 428, 752, 499, 0, 1.45%, 7, 4, 18, 461.70
1587362117, 102, 428, 753, 500, 0, 1.45%, 7, 4, 18, 537.63
1587362152, 102, 429, 753, 499, 0, 1.45%, 7, 4, 18, 538.81
1587362178, 102, 436, 753, 499, 0, 1.45%, 7, 4, 18, 526.48
1587362259, 102, 438, 753, 498, 0, 1.45%, 7, 4, 18, 457.16
1587362371, 102, 439, 753, 497, 0, 1.45%, 7, 4, 18, 558.05
1587362391, 102, 440, 753, 497, 0, 1.45%, 7, 4, 18, 402.76
1587362483, 102, 444, 753, 496, 0, 1.45%, 7, 4, 18, 417.50
1587362509, 102, 445, 753, 496, 0, 1.45%, 7, 4, 18, 468.64
1587362540, 102, 446, 753, 496, 0, 1.45%, 7, 4, 18, 479.92
1587362566, 102, 447, 753, 496, 0, 1.45%, 7, 4, 18, 452.86
1587362591, 102, 448, 753, 496, 0, 1.45%, 7, 4, 18, 380.22
1587362683, 102, 449, 753, 495, 0, 1.45%, 7, 4, 18, 468.72
1587362714, 102, 452, 753, 495, 0, 1.45%, 7, 4, 18, 73.67
1587362905, 102, 453, 753, 494, 0, 1.45%, 7, 4, 18, 73.29
1587363068, 102, 457, 753, 493, 0, 1.45%, 7, 4, 18, 328.87
1587363226, 102, 458, 753, 492, 0, 1.45%, 7, 4, 18, 534.79
1587363246, 102, 467, 753, 492, 0, 1.45%, 7, 4, 18, 109.43
1587363374, 102, 472, 753, 491, 0, 1.45%, 7, 4, 18, 414.02
1587363456, 102, 474, 753, 490, 0, 1.45%, 7, 4, 18, 534.59
1587363466, 102, 474, 754, 491, 0, 1.45%, 7, 4, 18, 505.01
1587363481, 102, 476, 754, 491, 1, 1.45%, 7, 4, 18, 339.15
1587363589, 102, 481, 754, 490, 1, 1.45%, 7, 4, 18, 76.59
1587363635, 102, 481, 755, 491, 1, 1.45%, 7, 4, 18, 74.23
1587363742, 102, 506, 755, 490, 1, 1.45%, 7, 4, 18, 527.05
1587363763, 102, 675, 755, 490, 1, 1.45%, 7, 4, 18, 476.15
1587363920, 102, 685, 755, 489, 1, 1.45%, 7, 4, 18, 394.88
1587364002, 102, 685, 756, 490, 1, 1.45%, 7, 4, 18, 340.90
1587364073, 102, 753, 756, 489, 1, 1.45%, 7, 4, 18, 495.02
1587364098, 102, 753, 757, 490, 1, 1.45%, 7, 4, 18, 166.67
1587364149, 102, 753, 758, 491, 1, 1.45%, 7, 4, 18, 541.49
1587364180, 102, 756, 758, 490, 1, 1.45%, 7, 4, 18, 292.08
1587364266, 103, 20, 758, 489, 0, 1.45%, 7, 4, 18, 541.75
1587364271, 103, 32, 758, 489, 0, 1.45%, 7, 4, 18, 539.59
1587364277, 103, 41, 758, 489, 0, 1.45%, 7, 4, 18, 544.29
1587364282, 103, 47, 758, 489, 0, 1.45%, 7, 4, 18, 549.26
1587364287, 103, 48, 758, 489, 0, 1.45%, 7, 4, 18, 564.28
1587364297, 103, 49, 758, 489, 0, 1.45%, 7, 4, 18, 589.27
1587364302, 103, 53, 758, 489, 0, 1.45%, 7, 4, 18, 579.13
1587364312, 103, 54, 758, 489, 0, 1.45%, 7, 4, 18, 565.78
1587364327, 103, 55, 758, 489, 0, 1.45%, 7, 4, 18, 566.97
1587364337, 103, 56, 758, 489, 0, 1.45%, 7, 4, 18, 413.58
1587364424, 103, 61, 758, 488, 0, 1.45%, 7, 4, 18, 347.72
1587364500, 103, 62, 758, 487, 0, 1.45%, 7, 4, 18, 509.28
1587364561, 103, 70, 758, 486, 0, 1.45%, 7, 4, 18, 510.15
1587364663, 103, 72, 758, 485, 0, 1.45%, 7, 4, 18, 405.41
1587364770, 103, 75, 758, 484, 0, 1.45%, 7, 4, 18, 345.24
1587364872, 103, 79, 758, 483, 0, 1.45%, 7, 4, 18, 242.82
1587364958, 103, 80, 758, 482, 0, 1.45%, 7, 4, 18, 273.39
1587365040, 103, 80, 760, 484, 0, 1.45%, 7, 4, 18, 429.58
1587365045, 103, 88, 760, 483, 0, 1.45%, 7, 4, 18, 339.04
1587365117, 103, 90, 760, 482, 0, 1.45%, 7, 4, 18, 377.84
1587365193, 103, 112, 760, 481, 0, 1.45%, 7, 4, 18, 426.51
1587365279, 103, 121, 760, 480, 0, 1.45%, 7, 4, 18, 391.73
1587365340, 103, 123, 760, 479, 0, 1.45%, 7, 4, 18, 516.74
1587365406, 103, 129, 760, 478, 0, 1.45%, 7, 4, 18, 267.94
1587365504, 103, 138, 760, 477, 0, 1.45%, 7, 4, 18, 549.77
1587365524, 103, 139, 760, 477, 0, 1.45%, 7, 4, 18, 279.47
1587365611, 103, 142, 760, 476, 0, 1.45%, 7, 4, 18, 489.45
1587365671, 103, 155, 760, 475, 0, 1.45%, 7, 4, 18, 522.48
1587365722, 103, 156, 760, 474, 0, 1.45%, 7, 4, 18, 545.51
1587365773, 103, 156, 763, 477, 0, 1.45%, 7, 4, 18, 476.40
1587365783, 103, 160, 763, 476, 0, 1.45%, 7, 4, 18, 565.31
1587365844, 103, 163, 763, 475, 0, 1.45%, 7, 4, 18, 578.48
1587365890, 103, 166, 763, 474, 0, 1.45%, 7, 4, 18, 579.60
1587365906, 103, 168, 763, 474, 0, 1.45%, 7, 4, 18, 560.04
1587365967, 103, 181, 763, 473, 0, 1.45%, 7, 4, 18, 568.49
1587366012, 103, 187, 763, 472, 0, 1.45%, 7, 4, 18, 522.66
1587366063, 103, 188, 763, 471, 0, 1.45%, 7, 4, 18, 538.43
1587366109, 103, 190, 763, 470, 0, 1.45%, 7, 4, 18, 520.79
1587366170, 103, 193, 763, 469, 0, 1.45%, 7, 4, 18, 549.80
1587366185, 103, 198, 763, 469, 0, 1.45%, 7, 4, 18, 485.70
1587366207, 103, 205, 763, 469, 0, 1.45%, 7, 4, 18, 464.89
1587366227, 103, 219, 763, 469, 0, 1.45%, 7, 4, 18, 479.72
1587366288, 103, 226, 763, 468, 0, 1.45%, 7, 4, 18, 520.16
1587366354, 103, 238, 763, 467, 0, 1.45%, 7, 4, 18, 320.91
1587366461, 103, 241, 763, 466, 0, 1.45%, 7, 4, 18, 551.33
1587366482, 103, 242, 763, 466, 0, 1.45%, 7, 4, 18, 381.13
1587366574, 103, 254, 763, 465, 0, 1.45%, 7, 4, 18, 557.67
1587366594, 103, 256, 763, 465, 0, 1.45%, 7, 4, 18, 471.50
1587366660, 103, 262, 763, 464, 0, 1.45%, 7, 4, 18, 484.94
1587366665, 103, 263, 763, 464, 0, 1.45%, 7, 4, 18, 502.59
1587366741, 103, 264, 763, 463, 0, 1.45%, 7, 4, 18, 433.62
1587366766, 103, 269, 763, 463, 0, 1.45%, 7, 4, 18, 312.07
1587366878, 103, 273, 763, 462, 0, 1.45%, 7, 4, 18, 547.83
1587366899, 103, 288, 763, 462, 0, 1.45%, 7, 4, 18, 564.25
1587366919, 103, 291, 763, 462, 0, 1.45%, 7, 4, 18, 550.31
1587366934, 103, 298, 763, 462, 0, 1.45%, 7, 4, 18, 555.64
1587367006, 103, 300, 763, 461, 0, 1.45%, 7, 4, 18, 567.16
1587367077, 103, 320, 763, 460, 0, 1.45%, 7, 4, 18, 549.82
1587367093, 103, 323, 763, 460, 0, 1.45%, 7, 4, 18, 534.17
1587367164, 103, 326, 763, 459, 0, 1.45%, 7, 4, 18, 580.41
1587367179, 103, 334, 763, 459, 0, 1.45%, 7, 4, 18, 490.71
1587367204, 103, 339, 763, 459, 0, 1.45%, 7, 4, 18, 545.35
1587367220, 103, 342, 763, 459, 0, 1.45%, 7, 4, 18, 386.06
1587367301, 103, 349, 763, 458, 0, 1.45%, 7, 4, 18, 383.51
1587367388, 103, 353, 763, 457, 0, 1.45%, 7, 4, 18, 407.63
1587367469, 103, 354, 763, 456, 0, 1.45%, 7, 4, 18, 394.20
1587367561, 103, 356, 763, 455, 0, 1.45%, 7, 4, 18, 462.69
1587367647, 103, 362, 763, 454, 0, 1.45%, 7, 4, 18, 515.46
1587367667, 103, 363, 763, 454, 0, 1.45%, 7, 4, 18, 190.40
1587367739, 103, 370, 763, 453, 0, 1.45%, 7, 4, 18, 552.11
1587367759, 103, 381, 763, 453, 0, 1.45%, 7, 4, 18, 341.00
1587367846, 103, 389, 763, 452, 0, 1.45%, 7, 4, 18, 472.79
1587367861, 103, 392, 763, 452, 0, 1.45%, 7, 4, 18, 457.77
1587367937, 103, 397, 763, 451, 0, 1.45%, 7, 4, 18, 390.60
1587368003, 103, 407, 763, 450, 0, 1.45%, 7, 4, 18, 401.52
1587368090, 103, 408, 763, 449, 0, 1.45%, 7, 4, 18, 102.72
1587368212, 103, 411, 763, 448, 0, 1.45%, 7, 4, 18, 530.74
1587368232, 103, 422, 763, 448, 0, 1.45%, 7, 4, 18, 569.84
1587368264, 103, 423, 763, 448, 0, 1.45%, 7, 4, 18, 560.65
1587368284, 103, 429, 763, 448, 0, 1.45%, 7, 4, 18, 573.57
1587368309, 103, 430, 764, 449, 0, 1.45%, 7, 4, 18, 564.85
1587368381, 103, 432, 764, 448, 0, 1.45%, 7, 4, 18, 275.87
1587368488, 103, 434, 764, 447, 0, 1.45%, 7, 4, 18, 496.25
1587368579, 103, 437, 764, 446, 0, 1.45%, 7, 4, 18, 447.29
1587368650, 103, 439, 764, 445, 0, 1.45%, 7, 4, 18, 413.11
1587368676, 103, 444, 764, 445, 0, 1.45%, 7, 4, 18, 568.58
1587368701, 103, 445, 764, 445, 0, 1.45%, 7, 4, 18, 455.52
1587368721, 103, 446, 764, 445, 0, 1.45%, 7, 4, 18, 541.43
1587368746, 103, 447, 764, 445, 0, 1.45%, 7, 4, 18, 534.71
1587368761, 103, 449, 764, 445, 0, 1.45%, 7, 4, 18, 541.66
1587368782, 103, 450, 764, 445, 0, 1.45%, 7, 4, 18, 465.24
1587368913, 103, 451, 764, 444, 0, 1.45%, 7, 4, 18, 76.55
1587369077, 103, 457, 764, 443, 0, 1.45%, 7, 4, 18, 462.49
1587369092, 103, 458, 764, 443, 0, 1.45%, 7, 4, 18, 395.52
1587369118, 103, 459, 764, 443, 0, 1.45%, 7, 4, 18, 409.18
1587369195, 103, 464, 764, 442, 0, 1.45%, 7, 4, 18, 85.01
1587369353, 103, 465, 764, 441, 0, 1.45%, 7, 4, 18, 266.04
1587369475, 103, 466, 764, 440, 0, 1.45%, 7, 4, 18, 399.03
1587369586, 103, 469, 764, 439, 0, 1.45%, 7, 4, 18, 516.41
1587369658, 103, 470, 764, 438, 0, 1.45%, 7, 4, 18, 405.01
1587369772, 103, 471, 764, 437, 0, 1.45%, 7, 4, 18, 68.41
1587369936, 103, 474, 764, 436, 0, 1.45%, 7, 4, 18, 435.48
1587369967, 103, 479, 764, 436, 0, 1.45%, 7, 4, 18, 74.42
1587370130, 103, 485, 764, 435, 0, 1.45%, 7, 4, 18, 462.93
1587370206, 103, 487, 764, 434, 0, 1.45%, 7, 4, 18, 496.17
1587370237, 103, 489, 764, 434, 0, 1.45%, 7, 4, 18, 309.34
1587370268, 103, 491, 764, 434, 0, 1.45%, 7, 4, 18, 416.01
1587370359, 103, 499, 764, 433, 0, 1.45%, 7, 4, 18, 413.37
1587370431, 103, 500, 764, 432, 0, 1.45%, 7, 4, 18, 451.28
1587370492, 103, 502, 764, 431, 0, 1.45%, 7, 4, 18, 503.71
1587370512, 103, 503, 764, 431, 0, 1.45%, 7, 4, 18, 365.71
1587370599, 103, 505, 764, 430, 0, 1.45%, 7, 4, 18, 496.98
1587370624, 103, 506, 764, 430, 0, 1.45%, 7, 4, 18, 549.45
1587370644, 103, 507, 764, 430, 0, 1.45%, 7, 4, 18, 465.71
1587370670, 103, 509, 764, 430, 0, 1.45%, 7, 4, 18, 520.03
1587370690, 103, 510, 765, 431, 0, 1.45%, 7, 4, 18, 481.38
1587370766, 103, 510, 766, 432, 0, 1.45%, 7, 4, 18, 520.43
1587370776, 103, 683, 766, 431, 1, 1.45%, 7, 4, 18, 425.11
1587370950, 103, 692, 766, 430, 1, 1.45%, 7, 4, 18, 314.26
1587371107, 103, 764, 767, 430, 1, 1.45%, 7, 4, 18, 479.39
1587371112, 103, 764, 768, 431, 1, 1.45%, 7, 4, 18, 432.74
1587371199, 103, 767, 768, 430, 1, 1.45%, 7, 4, 18, 483.92
1587371219, 103, 767, 768, 430, 1, 1.45%, 8, 4, 18, 513.54
1587371245, 103, 767, 769, 431, 1, 1.45%, 8, 4, 18, 483.16
1587371322, 103, 768, 771, 432, 0, 1.45%, 8, 4, 18, 525.03
1587371342, 103, 768, 771, 432, 0, 1.45%, 9, 4, 18, 482.70
1587371362, 103, 768, 774, 435, 0, 1.45%, 9, 4, 18, 469.77
1587371398, 103, 773, 776, 436, 1, 1.45%, 9, 4, 18, 481.10
1587371495, 104, 3, 776, 435, 0, 1.45%, 9, 4, 18, 515.21
1587371500, 104, 32, 776, 435, 0, 1.45%, 9, 4, 18, 498.03
1587371505, 104, 40, 776, 435, 0, 1.45%, 9, 4, 18, 465.30
1587371510, 104, 47, 777, 436, 0, 1.45%, 9, 4, 18, 520.22
1587371515, 104, 48, 777, 436, 0, 1.45%, 9, 4, 18, 517.87
1587371530, 104, 49, 777, 436, 0, 1.45%, 9, 4, 18, 505.19
1587371535, 104, 53, 777, 436, 0, 1.45%, 9, 4, 18, 505.68
1587371550, 104, 54, 777, 436, 0, 1.45%, 9, 4, 18, 496.47
1587371560, 104, 55, 777, 436, 0, 1.45%, 9, 4, 18, 491.57
1587371576, 104, 69, 777, 436, 0, 1.45%, 9, 4, 18, 358.05
1587371657, 104, 73, 777, 435, 0, 1.45%, 9, 4, 18, 350.74
1587371759, 104, 84, 777, 434, 0, 1.45%, 9, 4, 18, 297.33
1587371835, 104, 89, 777, 433, 0, 1.45%, 9, 4, 18, 476.43
1587371845, 104, 96, 777, 433, 0, 1.45%, 9, 4, 18, 433.40
1587371912, 104, 102, 777, 432, 0, 1.45%, 9, 4, 18, 530.79
1587371973, 104, 122, 777, 431, 0, 1.45%, 9, 4, 18, 90.99
1587372121, 104, 133, 777, 430, 0, 1.45%, 9, 4, 18, 358.61
1587372218, 104, 135, 777, 429, 0, 1.45%, 9, 4, 18, 271.00
1587372310, 104, 141, 777, 428, 0, 1.45%, 9, 4, 18, 491.63
1587372371, 104, 148, 777, 427, 0, 1.45%, 9, 4, 18, 530.22
1587372432, 104, 151, 777, 426, 0, 1.45%, 9, 4, 18, 522.92
1587372493, 104, 152, 777, 425, 0, 1.45%, 9, 4, 18, 546.50
1587372554, 104, 157, 777, 424, 0, 1.45%, 9, 4, 18, 546.91
1587372615, 104, 165, 777, 423, 0, 1.45%, 9, 4, 18, 552.24
1587372676, 104, 166, 777, 422, 0, 1.45%, 9, 4, 18, 537.46
1587372691, 104, 169, 777, 422, 0, 1.45%, 9, 4, 18, 542.55
1587372757, 104, 171, 777, 421, 0, 1.45%, 9, 4, 18, 523.54
1587372808, 104, 178, 777, 420, 0, 1.45%, 9, 4, 18, 530.81
1587372859, 104, 179, 777, 419, 0, 1.45%, 9, 4, 18, 547.18
1587372905, 104, 193, 777, 418, 0, 1.45%, 9, 4, 18, 501.64
1587372925, 104, 196, 777, 418, 0, 1.45%, 9, 4, 18, 540.86
1587372976, 104, 198, 777, 417, 0, 1.45%, 9, 4, 18, 529.69
1587372991, 104, 206, 777, 417, 0, 1.45%, 9, 4, 18, 509.33
1587373057, 104, 208, 777, 416, 0, 1.45%, 9, 4, 18, 450.36
1587373067, 104, 213, 777, 416, 0, 1.45%, 9, 4, 18, 512.50
1587373128, 104, 217, 777, 415, 0, 1.45%, 9, 4, 18, 463.45
1587373200, 104, 221, 777, 414, 0, 1.45%, 9, 4, 18, 458.27
1587373270, 104, 239, 777, 413, 0, 1.45%, 9, 4, 18, 530.71
1587373331, 104, 241, 777, 412, 0, 1.45%, 9, 4, 18, 537.99
1587373357, 104, 247, 777, 412, 0, 1.45%, 9, 4, 18, 468.47
1587373424, 104, 251, 777, 411, 0, 1.45%, 9, 4, 18, 425.34
1587373521, 104, 254, 777, 410, 0, 1.45%, 9, 4, 18, 450.25
1587373546, 104, 264, 777, 410, 0, 1.45%, 9, 4, 18, 507.44
1587373567, 104, 270, 777, 410, 0, 1.45%, 9, 4, 18, 501.48
1587373684, 104, 273, 777, 409, 0, 1.45%, 9, 4, 18, 514.40
1587373709, 104, 285, 777, 409, 0, 1.45%, 9, 4, 18, 454.79
1587373729, 104, 285, 777, 409, 0, 1.45%, 10, 4, 18, 555.50
1587373775, 104, 288, 777, 408, 0, 1.45%, 10, 4, 18, 493.60
1587373795, 104, 291, 777, 408, 0, 1.45%, 10, 4, 18, 488.34
1587373816, 104, 295, 777, 408, 0, 1.45%, 10, 4, 18, 554.66
1587373876, 104, 299, 777, 407, 0, 1.45%, 10, 4, 18, 489.95
1587373947, 104, 301, 777, 406, 0, 1.45%, 10, 4, 18, 513.78
1587374023, 104, 310, 777, 405, 0, 1.45%, 10, 4, 18, 427.17
1587374099, 104, 320, 777, 404, 0, 1.45%, 10, 4, 18, 487.60
1587374120, 104, 322, 777, 404, 0, 1.45%, 10, 4, 18, 370.90
1587374201, 104, 326, 777, 403, 0, 1.45%, 10, 4, 18, 437.36
1587374221, 104, 327, 777, 403, 0, 1.45%, 10, 4, 18, 419.96
1587374288, 104, 328, 777, 402, 0, 1.45%, 10, 4, 18, 482.03
1587374369, 104, 334, 777, 401, 0, 1.45%, 10, 4, 18, 536.31
1587374389, 104, 338, 777, 401, 0, 1.45%, 10, 4, 18, 444.25
1587374415, 104, 358, 777, 401, 0, 1.45%, 10, 4, 18, 509.83
1587374435, 104, 362, 777, 401, 0, 1.45%, 10, 4, 18, 524.89
1587374455, 104, 366, 777, 401, 0, 1.45%, 10, 4, 18, 496.36
1587374573, 104, 367, 777, 400, 0, 1.45%, 10, 4, 18, 248.03
1587374691, 104, 368, 777, 399, 0, 1.45%, 10, 4, 18, 188.83
1587374828, 104, 370, 777, 398, 0, 1.45%, 10, 4, 18, 490.10
1587374854, 104, 372, 777, 398, 0, 1.45%, 10, 4, 18, 457.60
1587374919, 104, 381, 777, 397, 0, 1.45%, 10, 4, 18, 507.51
1587374935, 104, 388, 777, 397, 0, 1.45%, 10, 4, 18, 285.43
1587375021, 104, 389, 777, 396, 0, 1.45%, 10, 4, 18, 521.18
1587375042, 104, 404, 777, 396, 0, 1.45%, 10, 4, 18, 466.21
1587375118, 104, 411, 777, 395, 0, 1.45%, 10, 4, 18, 496.91
1587375143, 104, 413, 777, 395, 0, 1.45%, 10, 4, 18, 477.14
1587375220, 104, 414, 777, 394, 0, 1.45%, 10, 4, 18, 515.50
1587375291, 104, 418, 777, 393, 0, 1.45%, 10, 4, 18, 504.05
1587375362, 104, 422, 777, 392, 0, 1.45%, 10, 4, 18, 507.93
1587375382, 104, 423, 777, 392, 0, 1.45%, 10, 4, 18, 483.31
1587375407, 104, 429, 777, 392, 0, 1.45%, 10, 4, 18, 507.18
1587375432, 104, 431, 777, 392, 0, 1.45%, 10, 4, 18, 377.61
1587375508, 104, 432, 777, 391, 0, 1.45%, 10, 4, 18, 445.95
1587375518, 104, 439, 777, 391, 0, 1.45%, 10, 4, 18, 511.71
1587375538, 104, 444, 777, 391, 0, 1.45%, 10, 4, 18, 524.57
1587375564, 104, 445, 777, 391, 0, 1.45%, 10, 4, 18, 510.71
1587375584, 104, 446, 777, 391, 0, 1.45%, 10, 4, 18, 536.66
1587375609, 104, 449, 777, 391, 0, 1.45%, 10, 4, 18, 529.03
1587375630, 104, 455, 777, 391, 0, 1.45%, 10, 4, 18, 93.18
1587375773, 104, 458, 777, 390, 0, 1.45%, 10, 4, 18, 436.62
1587375798, 104, 459, 777, 390, 0, 1.45%, 10, 4, 18, 437.81
1587375814, 104, 461, 777, 390, 0, 1.45%, 10, 4, 18, 488.30
1587375890, 104, 466, 777, 389, 0, 1.45%, 10, 4, 18, 477.81
1587375910, 104, 468, 777, 389, 0, 1.45%, 10, 4, 18, 387.77
1587376023, 104, 483, 777, 388, 0, 1.45%, 10, 4, 18, 470.21
1587376105, 104, 484, 777, 387, 0, 1.45%, 10, 4, 18, 480.37
1587376181, 104, 487, 777, 386, 0, 1.45%, 10, 4, 18, 451.37
1587376211, 104, 489, 777, 386, 0, 1.45%, 10, 4, 18, 390.49
1587376236, 104, 502, 777, 386, 0, 1.45%, 10, 4, 18, 510.51
1587376257, 104, 505, 777, 386, 0, 1.45%, 10, 4, 18, 463.86
1587376282, 104, 506, 777, 386, 0, 1.45%, 10, 4, 18, 491.49
1587376308, 104, 507, 777, 386, 0, 1.45%, 10, 4, 18, 492.21
1587376328, 104, 509, 777, 386, 0, 1.45%, 10, 4, 18, 516.87
1587376359, 104, 511, 777, 386, 0, 1.45%, 10, 4, 18, 296.75
1587376471, 104, 520, 777, 385, 0, 1.45%, 10, 4, 18, 468.04
1587376496, 104, 525, 777, 385, 0, 1.45%, 10, 4, 18, 494.32
1587376522, 104, 526, 777, 385, 0, 1.45%, 10, 4, 18, 480.25
1587376537, 104, 527, 777, 385, 0, 1.45%, 10, 4, 18, 501.61
1587376562, 104, 529, 777, 385, 0, 1.45%, 10, 4, 18, 449.56
1587376639, 104, 534, 777, 384, 0, 1.45%, 10, 4, 18, 550.38
1587376664, 104, 544, 777, 384, 0, 1.45%, 10, 4, 18, 534.73
1587376690, 104, 546, 777, 384, 0, 1.45%, 10, 4, 18, 530.91
1587376776, 104, 554, 777, 383, 0, 1.45%, 10, 4, 18, 543.23
1587376796, 104, 555, 777, 383, 0, 1.45%, 10, 4, 18, 491.78
1587376822, 104, 558, 777, 383, 0, 1.45%, 10, 4, 18, 492.97
1587376847, 104, 561, 777, 383, 0, 1.45%, 10, 4, 18, 342.99
1587376929, 104, 569, 777, 382, 0, 1.45%, 10, 4, 18, 432.27
1587377020, 104, 572, 777, 381, 0, 1.45%, 10, 4, 18, 423.79
1587377107, 104, 577, 777, 380, 0, 1.45%, 10, 4, 18, 331.16
1587377204, 104, 588, 777, 379, 0, 1.45%, 10, 4, 18, 521.83
1587377224, 104, 593, 777, 379, 0, 1.45%, 10, 4, 18, 54.38
1587377403, 104, 595, 777, 378, 0, 1.45%, 10, 4, 18, 510.51
1587377419, 104, 600, 777, 378, 0, 1.45%, 10, 4, 18, 62.54
1587377608, 104, 601, 777, 377, 0, 1.45%, 10, 4, 18, 351.70
1587377685, 104, 605, 777, 376, 0, 1.45%, 10, 4, 18, 497.69
1587377766, 104, 610, 777, 375, 0, 1.45%, 10, 4, 18, 476.40
1587377854, 104, 633, 777, 374, 0, 1.45%, 10, 4, 18, 470.67
1587377940, 104, 635, 777, 373, 0, 1.45%, 10, 4, 18, 516.94
1587377960, 104, 638, 777, 373, 0, 1.45%, 10, 4, 18, 524.15
1587377986, 104, 640, 777, 373, 0, 1.45%, 10, 4, 18, 393.24
1587378072, 104, 646, 777, 372, 0, 1.45%, 10, 4, 18, 526.74
1587378087, 104, 646, 778, 373, 0, 1.45%, 10, 4, 18, 523.60
1587378092, 104, 650, 778, 373, 0, 1.45%, 10, 4, 18, 516.91
1587378255, 104, 661, 778, 372, 0, 1.45%, 10, 4, 18, 389.91
1587378423, 104, 662, 779, 372, 0, 1.45%, 10, 4, 18, 504.79
1587378500, 104, 663, 779, 371, 0, 1.45%, 10, 4, 18, 513.54
1587378526, 104, 667, 779, 371, 0, 1.45%, 10, 4, 18, 495.05
1587378602, 104, 669, 779, 370, 0, 1.45%, 10, 4, 18, 536.59
1587378627, 104, 670, 779, 370, 0, 1.45%, 10, 4, 18, 520.31
1587378703, 104, 671, 779, 369, 0, 1.45%, 10, 4, 18, 477.36
1587378799, 104, 676, 779, 368, 0, 1.45%, 10, 4, 18, 392.02
1587378963, 104, 677, 779, 367, 0, 1.45%, 10, 4, 18, 367.02
1587379110, 104, 677, 780, 368, 0, 1.45%, 10, 4, 18, 468.89
1587379120, 104, 680, 780, 367, 0, 1.45%, 10, 4, 18, 457.84
1587379145, 104, 681, 780, 367, 0, 1.45%, 10, 4, 18, 432.61
1587379303, 104, 686, 780, 366, 0, 1.45%, 10, 4, 18, 433.72
1587379456, 104, 698, 780, 365, 0, 1.45%, 10, 4, 18, 380.15
1587379619, 104, 702, 780, 364, 0, 1.45%, 10, 4, 18, 381.70
1587379639, 104, 707, 780, 364, 0, 1.45%, 10, 4, 18, 491.93
1587379946, 104, 709, 780, 363, 0, 1.45%, 10, 4, 18, 61.10
1587379972, 104, 711, 780, 363, 0, 1.45%, 10, 4, 18, 448.67
1587380129, 104, 713, 780, 362, 0, 1.45%, 10, 4, 18, 450.13
1587380134, 104, 713, 781, 363, 0, 1.45%, 10, 4, 18, 368.72
1587380236, 104, 713, 782, 364, 0, 1.45%, 10, 4, 18, 401.96
1587380329, 104, 715, 782, 363, 0, 1.45%, 10, 4, 18, 504.41
1587380493, 104, 719, 782, 362, 0, 1.45%, 10, 4, 18, 457.44
1587380524, 104, 720, 782, 362, 0, 1.45%, 10, 4, 18, 350.22
1587380550, 104, 724, 782, 362, 0, 1.45%, 10, 4, 18, 361.32
1587380734, 104, 727, 782, 361, 0, 1.45%, 10, 4, 18, 421.24
1587380759, 104, 728, 782, 361, 0, 1.45%, 10, 4, 18, 370.21
1587380845, 104, 728, 783, 362, 0, 1.45%, 10, 4, 19, 326.26
1587380917, 104, 732, 783, 361, 0, 1.45%, 10, 4, 19, 421.86
1587380942, 104, 737, 783, 361, 0, 1.45%, 10, 4, 19, 499.35
1587381212, 104, 739, 783, 360, 0, 1.45%, 10, 4, 19, 311.77
1587381473, 104, 740, 783, 359, 0, 1.45%, 10, 4, 19, 445.10
1587381528, 104, 740, 784, 360, 0, 1.45%, 10, 4, 19, 276.34
1587381738, 104, 741, 784, 359, 0, 1.45%, 10, 4, 19, 480.96
1587381768, 104, 743, 784, 359, 0, 1.45%, 10, 4, 19, 379.48
1587381794, 104, 747, 784, 359, 0, 1.45%, 10, 4, 19, 63.53
1587381988, 104, 749, 784, 358, 0, 1.45%, 10, 4, 19, 49.74
1587382192, 104, 750, 784, 357, 0, 1.45%, 10, 4, 19, 47.85
1587382407, 104, 751, 784, 356, 0, 1.45%, 10, 4, 19, 70.36
1587382755, 104, 751, 785, 357, 0, 1.45%, 10, 4, 19, 71.40
1587386791, 104, 751, 786, 358, 0, 1.45%, 10, 4, 19, 70.15
1587386934, 104, 760, 786, 357, 0, 1.45%, 10, 4, 19, 476.38
1587387011, 104, 761, 786, 356, 0, 1.45%, 10, 4, 19, 509.67
1587387087, 104, 762, 786, 355, 0, 1.45%, 10, 4, 19, 375.88
1587387169, 104, 764, 786, 354, 0, 1.45%, 10, 4, 19, 480.22
1587387194, 104, 765, 787, 355, 0, 1.45%, 10, 4, 19, 272.26
1587387255, 104, 765, 788, 356, 0, 1.45%, 10, 4, 19, 265.59
1587387311, 104, 767, 788, 355, 0, 1.45%, 10, 4, 19, 432.19
1587387336, 104, 769, 788, 355, 0, 1.45%, 10, 4, 19, 468.76
1587387427, 104, 770, 788, 354, 0, 1.45%, 10, 4, 19, 434.50
1587387524, 104, 771, 788, 353, 0, 1.45%, 10, 4, 19, 345.01
1587387646, 104, 772, 788, 352, 0, 1.45%, 10, 4, 19, 373.19
1587387789, 104, 773, 788, 351, 0, 1.45%, 10, 4, 19, 455.65
1587387814, 104, 774, 789, 352, 0, 1.45%, 10, 4, 19, 445.15
1587387921, 104, 776, 790, 352, 0, 1.45%, 10, 4, 19, 230.75
1587387951, 104, 776, 791, 353, 0, 1.45%, 10, 4, 19, 175.21
1587387972, 104, 776, 792, 354, 0, 1.45%, 10, 4, 19, 257.93
1587388013, 104, 776, 793, 355, 0, 1.45%, 10, 4, 19, 449.70
1587388018, 104, 780, 793, 354, 0, 1.45%, 10, 4, 19, 376.69
1587388175, 104, 781, 793, 353, 0, 1.45%, 10, 4, 19, 408.57
1587388338, 104, 783, 793, 352, 0, 1.45%, 10, 4, 19, 352.16
1587388525, 104, 783, 794, 353, 0, 1.45%, 10, 4, 20, 267.63
1587388608, 104, 784, 794, 352, 0, 1.45%, 10, 4, 20, 70.88
1587388633, 104, 784, 795, 353, 0, 1.45%, 10, 4, 20, 70.23
1587393061, 104, 786, 795, 352, 0, 1.45%, 10, 4, 20, 465.14
1587393276, 104, 788, 804, 360, 0, 1.45%, 10, 4, 20, 430.35
1587393286, 104, 788, 806, 362, 0, 1.45%, 10, 4, 20, 448.41
1587393296, 104, 788, 806, 362, 0, 1.45%, 11, 4, 20, 490.44
1587393342, 104, 788, 807, 363, 0, 1.45%, 11, 4, 20, 540.00
1587393398, 104, 789, 807, 362, 0, 1.45%, 11, 4, 20, 69.15
1587393463, 104, 789, 808, 363, 0, 1.45%, 11, 4, 20, 52.93
1587393520, 104, 789, 809, 364, 0, 1.45%, 11, 4, 20, 56.31
1587393540, 104, 791, 809, 363, 0, 1.45%, 11, 4, 20, 312.25
1587393545, 104, 791, 810, 364, 0, 1.45%, 11, 4, 20, 311.39
1587393555, 104, 791, 811, 365, 0, 1.45%, 11, 4, 20, 252.08
1587393601, 104, 793, 811, 364, 0, 1.45%, 11, 4, 20, 459.06
1587393646, 104, 793, 811, 364, 0, 1.45%, 12, 4, 20, 449.45
1587393677, 104, 794, 811, 363, 0, 1.45%, 12, 4, 20, 76.19
1587394057, 104, 794, 812, 364, 0, 1.45%, 12, 4, 20, 72.20
1587398152, 104, 794, 813, 365, 0, 1.45%, 12, 4, 20, 73.80
1587398291, 104, 798, 814, 365, 0, 1.45%, 12, 4, 20, 432.31
1587398301, 104, 798, 815, 366, 0, 1.45%, 12, 4, 20, 479.64
1587398311, 104, 798, 815, 366, 0, 1.45%, 13, 4, 20, 481.54
1587398387, 104, 802, 815, 365, 0, 1.45%, 13, 4, 20, 543.53
1587398407, 104, 802, 815, 365, 0, 1.45%, 14, 4, 20, 488.17
1587398478, 105, 29, 815, 364, 0, 1.45%, 14, 4, 20, 495.78
1587398483, 105, 39, 815, 364, 0, 1.45%, 14, 4, 20, 480.32
1587398488, 105, 44, 815, 364, 0, 1.45%, 14, 4, 20, 468.17
1587398493, 105, 48, 815, 364, 0, 1.45%, 14, 4, 20, 520.83
1587398508, 105, 49, 815, 364, 0, 1.45%, 14, 4, 20, 518.29
1587398513, 105, 50, 815, 364, 0, 1.45%, 14, 4, 20, 499.90
1587398559, 105, 53, 815, 363, 0, 1.45%, 14, 4, 20, 163.51
1587398575, 105, 54, 815, 363, 0, 1.45%, 14, 4, 20, 496.04
1587398585, 105, 55, 815, 363, 0, 1.45%, 14, 4, 20, 501.56
1587398600, 105, 60, 815, 363, 0, 1.45%, 14, 4, 20, 314.68
1587398682, 105, 81, 815, 362, 0, 1.45%, 14, 4, 20, 476.56
1587398697, 105, 82, 815, 362, 0, 1.45%, 14, 4, 20, 276.51
1587398784, 105, 89, 815, 361, 0, 1.45%, 14, 4, 20, 425.62
1587398789, 105, 104, 815, 361, 0, 1.45%, 14, 4, 20, 460.88
1587398890, 105, 119, 815, 360, 0, 1.45%, 14, 4, 20, 349.69
1587398982, 105, 122, 815, 359, 0, 1.45%, 14, 4, 20, 466.34
1587398992, 105, 132, 815, 359, 0, 1.45%, 14, 4, 20, 438.70
1587399048, 105, 138, 815, 358, 0, 1.45%, 14, 4, 20, 542.86
1587399063, 105, 148, 815, 358, 0, 1.45%, 14, 4, 20, 74.53
1587399084, 105, 153, 815, 358, 0, 1.45%, 14, 4, 20, 489.01
1587399150, 105, 166, 815, 357, 0, 1.45%, 14, 4, 20, 433.04
1587399165, 105, 173, 815, 357, 0, 1.45%, 14, 4, 20, 469.82
1587399221, 105, 182, 815, 356, 0, 1.45%, 14, 4, 20, 499.40
1587399292, 105, 193, 815, 355, 0, 1.45%, 14, 4, 20, 522.39
1587399308, 105, 198, 815, 355, 0, 1.45%, 14, 4, 20, 486.38
1587399328, 105, 201, 815, 355, 0, 1.45%, 14, 4, 20, 468.44
1587399400, 105, 202, 815, 354, 0, 1.45%, 14, 4, 20, 458.09
1587399456, 105, 206, 815, 353, 0, 1.45%, 14, 4, 20, 441.02
1587399476, 105, 210, 815, 353, 0, 1.45%, 14, 4, 20, 320.24
1587399573, 105, 219, 815, 352, 0, 1.45%, 14, 4, 20, 511.10
1587399588, 105, 227, 815, 352, 0, 1.45%, 14, 4, 20, 69.92
1587399751, 105, 228, 815, 351, 0, 1.45%, 14, 4, 20, 81.60
1587399905, 105, 237, 815, 350, 0, 1.45%, 14, 4, 20, 478.72
1587399925, 105, 241, 815, 350, 0, 1.45%, 14, 4, 20, 448.41
1587399950, 105, 250, 815, 350, 0, 1.45%, 14, 4, 20, 92.67
1587400099, 105, 253, 815, 349, 0, 1.45%, 14, 4, 20, 256.24
1587400201, 105, 254, 815, 348, 0, 1.45%, 14, 4, 20, 538.25
1587400226, 105, 258, 815, 348, 0, 1.45%, 14, 4, 20, 528.50
1587400303, 105, 260, 815, 347, 0, 1.45%, 14, 4, 20, 544.47
1587400379, 105, 264, 815, 346, 0, 1.45%, 14, 4, 20, 572.14
1587400405, 105, 265, 815, 346, 0, 1.45%, 14, 4, 20, 448.43
1587400476, 105, 273, 815, 345, 0, 1.45%, 14, 4, 20, 511.96
1587400496, 105, 288, 815, 345, 0, 1.45%, 14, 4, 20, 522.94
1587400517, 105, 289, 815, 345, 0, 1.45%, 14, 4, 20, 572.33
1587400593, 105, 312, 815, 344, 0, 1.45%, 14, 4, 20, 512.64
1587400680, 105, 313, 815, 343, 0, 1.45%, 14, 4, 20, 470.82
1587400746, 105, 318, 815, 342, 0, 1.45%, 14, 4, 20, 478.13
1587400828, 105, 324, 815, 341, 0, 1.45%, 14, 4, 20, 286.87
1587400925, 105, 326, 815, 340, 0, 1.45%, 14, 4, 20, 447.99
1587400940, 105, 334, 815, 340, 0, 1.45%, 14, 4, 20, 528.66
1587400965, 105, 337, 815, 340, 0, 1.45%, 14, 4, 20, 525.01
1587401031, 105, 346, 815, 339, 0, 1.45%, 14, 4, 20, 385.76
1587401113, 105, 351, 815, 338, 0, 1.45%, 14, 4, 20, 462.06
1587401194, 105, 358, 815, 337, 0, 1.45%, 14, 4, 20, 547.87
1587401209, 105, 362, 815, 337, 0, 1.45%, 14, 4, 20, 533.53
1587401235, 105, 365, 815, 337, 0, 1.45%, 14, 4, 20, 283.44
1587401326, 105, 367, 815, 336, 0, 1.45%, 14, 4, 20, 494.09
1587401331, 105, 370, 815, 336, 0, 1.45%, 14, 4, 20, 499.35
1587401356, 105, 375, 815, 336, 0, 1.45%, 14, 4, 20, 337.28
1587401361, 105, 375, 816, 337, 0, 1.45%, 14, 4, 20, 321.88
1587401443, 105, 389, 816, 336, 0, 1.45%, 14, 4, 20, 536.99
1587401458, 105, 391, 816, 336, 0, 1.45%, 14, 4, 20, 367.36
1587401545, 105, 400, 816, 335, 0, 1.45%, 14, 4, 20, 457.34
1587401626, 105, 402, 816, 334, 0, 1.45%, 14, 4, 20, 263.26
1587401708, 105, 410, 816, 333, 0, 1.45%, 14, 4, 20, 418.52
1587401779, 105, 411, 816, 332, 0, 1.45%, 14, 4, 20, 558.67
1587401799, 105, 412, 816, 332, 0, 1.45%, 14, 4, 20, 555.43
1587401871, 105, 422, 816, 331, 0, 1.45%, 14, 4, 20, 494.27
1587401896, 105, 423, 816, 331, 0, 1.45%, 14, 4, 20, 602.80
1587401916, 105, 424, 817, 332, 0, 1.45%, 14, 4, 20, 586.71
1587401982, 105, 549, 817, 331, 1, 1.45%, 14, 4, 20, 566.55
1587402063, 105, 550, 817, 330, 1, 1.45%, 14, 4, 20, 536.01
1587402079, 105, 621, 817, 330, 1, 1.45%, 14, 4, 20, 506.10
1587402154, 105, 756, 817, 329, 1, 1.45%, 14, 4, 20, 563.42
1587402170, 105, 810, 817, 329, 1, 1.45%, 14, 4, 20, 397.17
1587402226, 105, 816, 817, 328, 1, 1.45%, 14, 4, 20, 520.66
1587402297, 106, 4, 817, 327, 0, 1.45%, 14, 4, 20, 362.67
1587402302, 106, 36, 817, 327, 0, 1.45%, 14, 4, 20, 418.48
1587402308, 106, 43, 817, 327, 0, 1.45%, 14, 4, 20, 489.72
1587402313, 106, 47, 817, 327, 0, 1.45%, 14, 4, 20, 544.35
1587402318, 106, 48, 817, 327, 0, 1.45%, 14, 4, 20, 575.69
1587402328, 106, 49, 817, 327, 0, 1.45%, 14, 4, 20, 554.72
1587402333, 106, 53, 817, 327, 0, 1.45%, 14, 4, 20, 579.45
1587402343, 106, 54, 817, 327, 0, 1.45%, 14, 4, 20, 512.81
1587402358, 106, 55, 817, 327, 0, 1.45%, 14, 4, 20, 553.28
1587402368, 106, 57, 817, 327, 0, 1.45%, 14, 4, 20, 99.53
1587404455, 106, 68, 817, 326, 0, 1.45%, 14, 4, 20, 264.39
1587404532, 106, 85, 817, 325, 0, 1.45%, 14, 4, 20, 408.22
1587404618, 106, 92, 817, 324, 0, 1.45%, 14, 4, 20, 311.38
1587404694, 106, 93, 817, 323, 0, 1.45%, 14, 4, 20, 551.02
1587404704, 106, 100, 817, 323, 0, 1.45%, 14, 4, 20, 367.43
1587404781, 106, 103, 817, 322, 0, 1.45%, 14, 4, 20, 361.87
1587404847, 106, 112, 817, 321, 0, 1.45%, 14, 4, 20, 502.83
1587404852, 106, 113, 817, 321, 0, 1.45%, 14, 4, 20, 420.03
1587404924, 106, 114, 817, 320, 0, 1.45%, 14, 4, 20, 441.99
1587405005, 106, 137, 817, 319, 0, 1.45%, 14, 4, 20, 301.00
1587405103, 106, 141, 817, 318, 0, 1.45%, 14, 4, 20, 390.60
1587405118, 106, 143, 817, 318, 0, 1.45%, 14, 4, 20, 531.10
1587405179, 106, 144, 817, 317, 0, 1.45%, 14, 4, 20, 556.56
1587405240, 106, 145, 817, 316, 0, 1.45%, 14, 4, 20, 555.77
1587405296, 106, 154, 817, 315, 0, 1.45%, 14, 4, 20, 494.48
1587405358, 106, 162, 817, 314, 0, 1.45%, 14, 4, 20, 569.93
1587405373, 106, 165, 817, 314, 0, 1.45%, 14, 4, 20, 564.39
1587405388, 106, 166, 817, 314, 0, 1.45%, 14, 4, 20, 558.78
1587405403, 106, 167, 817, 314, 0, 1.45%, 14, 4, 20, 569.46
1587405459, 106, 172, 817, 313, 0, 1.45%, 14, 4, 20, 556.38
1587405510, 106, 189, 817, 312, 0, 1.45%, 14, 4, 20, 567.59
1587405570, 106, 193, 817, 311, 0, 1.45%, 14, 4, 20, 569.78
1587405586, 106, 194, 817, 311, 0, 1.45%, 14, 4, 20, 580.44
1587405631, 106, 195, 817, 310, 0, 1.45%, 14, 4, 20, 561.30
1587405688, 106, 198, 817, 309, 0, 1.45%, 14, 4, 20, 573.99
1587405703, 106, 207, 817, 309, 0, 1.45%, 14, 4, 20, 550.79
1587405754, 106, 225, 817, 308, 0, 1.45%, 14, 4, 20, 534.59
1587405820, 106, 229, 817, 307, 0, 1.45%, 14, 4, 20, 93.66
1587405968, 106, 230, 817, 306, 0, 1.45%, 14, 4, 20, 455.93
1587406044, 106, 241, 817, 305, 0, 1.45%, 14, 4, 20, 530.93
1587406070, 106, 243, 817, 305, 0, 1.45%, 14, 4, 20, 410.25
1587406136, 106, 254, 817, 304, 0, 1.45%, 14, 4, 20, 557.00
1587406156, 106, 259, 817, 304, 0, 1.45%, 14, 4, 20, 524.46
1587406217, 106, 264, 817, 303, 0, 1.45%, 14, 4, 20, 554.81
1587406238, 106, 273, 817, 303, 0, 1.45%, 14, 4, 20, 577.05
1587406258, 106, 275, 817, 303, 0, 1.45%, 14, 4, 20, 373.08
1587406365, 106, 288, 817, 302, 0, 1.45%, 14, 4, 20, 522.92
1587406390, 106, 293, 817, 302, 0, 1.45%, 14, 4, 20, 574.63
1587406456, 106, 295, 817, 301, 0, 1.45%, 14, 4, 20, 580.79
1587406471, 106, 297, 817, 301, 0, 1.45%, 14, 4, 20, 579.13
1587406537, 106, 304, 817, 300, 0, 1.45%, 14, 4, 20, 544.57
1587406558, 106, 318, 817, 300, 0, 1.45%, 14, 4, 20, 572.67
1587406583, 106, 321, 817, 300, 0, 1.45%, 14, 4, 20, 479.86
1587406644, 106, 326, 817, 299, 0, 1.45%, 14, 4, 20, 584.07
1587406659, 106, 334, 817, 299, 0, 1.45%, 14, 4, 20, 569.68
1587406685, 106, 349, 817, 299, 0, 1.45%, 14, 4, 20, 483.36
1587406700, 106, 351, 817, 299, 0, 1.45%, 14, 4, 20, 539.71
1587406715, 106, 358, 817, 299, 0, 1.45%, 14, 4, 20, 539.90
1587406730, 106, 359, 817, 299, 0, 1.45%, 14, 4, 20, 424.89
1587406822, 106, 362, 817, 298, 0, 1.45%, 14, 4, 20, 549.49
1587406843, 106, 364, 817, 298, 0, 1.45%, 14, 4, 20, 450.93
1587406909, 106, 370, 817, 297, 0, 1.45%, 14, 4, 20, 616.10
1587406929, 106, 373, 817, 297, 0, 1.45%, 14, 4, 20, 94.03
1587406965, 106, 373, 818, 298, 0, 1.45%, 14, 4, 20, 116.07
1587407052, 106, 389, 818, 297, 0, 1.45%, 14, 4, 20, 549.84
1587407067, 106, 399, 818, 297, 0, 1.45%, 14, 4, 20, 513.49
1587407128, 106, 404, 818, 296, 0, 1.45%, 14, 4, 20, 573.97
1587407154, 106, 406, 818, 296, 0, 1.45%, 14, 4, 20, 358.60
1587407230, 106, 411, 818, 295, 0, 1.45%, 14, 4, 20, 571.65
1587407251, 106, 415, 818, 295, 0, 1.45%, 14, 4, 20, 578.01
1587407271, 106, 416, 818, 295, 0, 1.45%, 14, 4, 20, 501.07
1587407342, 106, 420, 818, 294, 0, 1.45%, 14, 4, 20, 587.62
1587407408, 106, 422, 818, 293, 0, 1.45%, 14, 4, 20, 593.54
1587407429, 106, 423, 818, 293, 0, 1.45%, 14, 4, 20, 596.72
1587407449, 106, 427, 818, 293, 0, 1.45%, 14, 4, 20, 363.39
1587407526, 106, 433, 818, 292, 0, 1.45%, 14, 4, 20, 576.63
1587407608, 106, 439, 818, 291, 0, 1.45%, 14, 4, 20, 595.67
1587407628, 106, 444, 818, 291, 0, 1.45%, 14, 4, 20, 582.82
1587407648, 106, 445, 818, 291, 0, 1.45%, 14, 4, 20, 565.92
1587407669, 106, 446, 818, 291, 0, 1.45%, 14, 4, 20, 593.72
1587407689, 106, 449, 818, 291, 0, 1.45%, 14, 4, 20, 531.25
1587407709, 106, 458, 818, 291, 0, 1.45%, 14, 4, 20, 587.88
1587407730, 106, 482, 818, 291, 0, 1.45%, 14, 4, 20, 79.68
1587407903, 106, 487, 818, 290, 0, 1.45%, 14, 4, 20, 551.25
1587407923, 106, 489, 818, 290, 0, 1.45%, 14, 4, 20, 587.31
1587407939, 106, 493, 818, 290, 0, 1.45%, 14, 4, 20, 523.17
1587408016, 106, 497, 818, 289, 0, 1.45%, 14, 4, 20, 561.45
1587408082, 106, 500, 818, 288, 0, 1.45%, 14, 4, 20, 527.68
1587408102, 106, 501, 818, 288, 0, 1.45%, 14, 4, 20, 574.39
1587408118, 106, 502, 818, 288, 0, 1.45%, 14, 4, 20, 564.59
1587408133, 106, 503, 818, 288, 0, 1.45%, 14, 4, 20, 522.60
1587408148, 106, 505, 818, 288, 0, 1.45%, 14, 4, 20, 575.24
1587408168, 106, 506, 818, 288, 0, 1.45%, 14, 4, 20, 556.57
1587408194, 106, 507, 818, 288, 0, 1.45%, 14, 4, 20, 550.99
1587408215, 106, 509, 818, 288, 0, 1.45%, 14, 4, 20, 544.57
1587408235, 106, 512, 818, 288, 0, 1.45%, 14, 4, 20, 545.99
1587408296, 106, 512, 819, 289, 0, 1.45%, 14, 4, 20, 549.97
1587408306, 106, 517, 819, 288, 0, 1.45%, 14, 4, 20, 543.86
1587408367, 106, 519, 819, 287, 0, 1.45%, 14, 4, 20, 566.70
1587408438, 106, 520, 819, 286, 0, 1.45%, 14, 4, 20, 560.42
1587408458, 106, 525, 819, 286, 0, 1.45%, 14, 4, 20, 553.61
1587408480, 106, 526, 819, 286, 0, 1.45%, 14, 4, 20, 536.04
1587408495, 106, 527, 819, 286, 0, 1.45%, 14, 4, 20, 546.50
1587408516, 106, 530, 819, 286, 0, 1.45%, 14, 4, 20, 544.10
1587408582, 106, 533, 819, 285, 0, 1.45%, 14, 4, 20, 502.50
1587408643, 106, 534, 819, 284, 0, 1.45%, 14, 4, 20, 595.04
1587408663, 106, 537, 819, 284, 0, 1.45%, 14, 4, 20, 472.98
1587408735, 106, 538, 819, 283, 0, 1.45%, 14, 4, 20, 522.87
1587408819, 106, 544, 819, 282, 0, 1.45%, 14, 4, 20, 548.75
1587408847, 106, 547, 819, 282, 0, 1.45%, 14, 4, 20, 326.81
1587409002, 106, 554, 819, 281, 0, 1.45%, 14, 4, 20, 106.27
1587409027, 106, 555, 819, 281, 0, 1.45%, 14, 4, 20, 6.10
1587409063, 106, 556, 819, 281, 0, 1.45%, 14, 4, 20, 515.61
1587409177, 106, 557, 819, 280, 0, 1.45%, 14, 4, 20, 528.23
1587409238, 106, 558, 819, 279, 0, 1.45%, 14, 4, 20, 550.23
1587409264, 106, 560, 819, 279, 0, 1.45%, 14, 4, 20, 498.61
1587409340, 106, 579, 819, 278, 0, 1.45%, 14, 4, 20, 549.85
1587409422, 106, 588, 819, 277, 0, 1.45%, 14, 4, 20, 566.72
1587409447, 106, 595, 819, 277, 0, 1.45%, 14, 4, 20, 548.14
1587409463, 106, 606, 819, 277, 0, 1.45%, 14, 4, 20, 334.34
1587409559, 106, 607, 819, 276, 0, 1.45%, 14, 4, 20, 502.74
1587409641, 106, 612, 819, 275, 0, 1.45%, 14, 4, 20, 454.57
1587409723, 106, 617, 819, 274, 0, 1.45%, 14, 4, 20, 50.08
1587409947, 106, 618, 819, 273, 0, 1.45%, 14, 4, 20, 287.48
1587410080, 106, 629, 820, 273, 0, 1.45%, 14, 4, 20, 514.05
1587410177, 106, 632, 820, 272, 0, 1.45%, 14, 4, 20, 497.70
1587410263, 106, 635, 820, 271, 0, 1.45%, 14, 4, 20, 476.40
1587410291, 106, 638, 820, 271, 0, 1.45%, 14, 4, 20, 80.86
1587410311, 106, 641, 820, 271, 0, 1.45%, 14, 4, 20, 518.34
1587410408, 106, 642, 820, 270, 0, 1.45%, 14, 4, 20, 381.20
1587410504, 106, 644, 820, 269, 0, 1.45%, 14, 4, 20, 540.36
1587410575, 106, 646, 820, 268, 0, 1.45%, 14, 4, 20, 554.46
1587410596, 106, 649, 820, 268, 0, 1.45%, 14, 4, 20, 480.96
1587410744, 106, 658, 820, 267, 0, 1.45%, 14, 4, 20, 487.35
1587410902, 106, 663, 820, 266, 0, 1.45%, 14, 4, 20, 555.72
1587410922, 106, 669, 820, 266, 0, 1.45%, 14, 4, 20, 567.57
1587410942, 106, 680, 820, 266, 0, 1.45%, 14, 4, 20, 455.13
1587410963, 106, 682, 820, 266, 0, 1.45%, 14, 4, 20, 527.84
1587411111, 106, 683, 820, 265, 0, 1.45%, 14, 4, 20, 479.55
1587411131, 106, 687, 820, 265, 0, 1.45%, 14, 4, 20, 534.74
1587411285, 106, 694, 820, 264, 0, 1.45%, 14, 4, 20, 509.30
1587411438, 106, 696, 820, 263, 0, 1.45%, 14, 4, 20, 487.99
1587411592, 106, 700, 820, 262, 0, 1.45%, 14, 4, 20, 564.55
1587411945, 106, 702, 820, 261, 0, 1.45%, 14, 4, 20, 475.67
1587411971, 106, 706, 820, 261, 0, 1.45%, 14, 4, 20, 424.25
1587412130, 106, 709, 820, 260, 0, 1.45%, 14, 4, 20, 505.48
1587412155, 106, 714, 820, 260, 0, 1.45%, 14, 4, 20, 433.55
1587412303, 106, 719, 820, 259, 0, 1.45%, 14, 4, 20, 495.06
1587412324, 106, 727, 820, 259, 0, 1.45%, 14, 4, 20, 545.24
1587412349, 106, 732, 820, 259, 0, 1.45%, 14, 4, 20, 431.75
1587412375, 106, 733, 820, 259, 0, 1.45%, 14, 4, 20, 401.35
1587412626, 106, 734, 820, 258, 0, 1.45%, 14, 4, 20, 410.86
1587412877, 106, 736, 820, 257, 0, 1.45%, 14, 4, 20, 460.38
1587413142, 106, 741, 820, 256, 0, 1.45%, 14, 4, 20, 413.25
1587413173, 106, 742, 820, 256, 0, 1.45%, 14, 4, 20, 367.62
1587413326, 106, 743, 820, 255, 0, 1.45%, 14, 4, 20, 439.10
1587413347, 106, 745, 820, 255, 0, 1.45%, 14, 4, 20, 542.35
1587413490, 106, 748, 820, 254, 0, 1.45%, 14, 4, 20, 327.17
1587413597, 106, 757, 820, 253, 0, 1.45%, 14, 4, 20, 51.36
1587413679, 106, 759, 820, 252, 0, 1.45%, 14, 4, 20, 497.33
1587413740, 106, 764, 820, 251, 0, 1.45%, 14, 4, 20, 539.43
1587413761, 106, 766, 820, 251, 0, 1.45%, 14, 4, 20, 388.21
1587413862, 106, 767, 820, 250, 0, 1.45%, 14, 4, 20, 585.65
1587413883, 106, 771, 820, 250, 0, 1.45%, 14, 4, 20, 594.19
1587413908, 106, 772, 820, 250, 0, 1.45%, 14, 4, 20, 530.19
1587413923, 106, 773, 820, 250, 0, 1.45%, 14, 4, 20, 555.50
1587413944, 106, 781, 820, 250, 0, 1.45%, 14, 4, 20, 501.81
1587413969, 106, 785, 820, 250, 0, 1.45%, 14, 4, 20, 76.69
1587418239, 106, 785, 821, 251, 0, 1.45%, 14, 4, 20, 75.18
1587418367, 106, 795, 821, 250, 0, 1.45%, 14, 4, 20, 475.62
1587418387, 106, 795, 821, 250, 0, 1.45%, 15, 4, 20, 536.76
1587418454, 106, 796, 821, 249, 0, 1.45%, 15, 4, 20, 496.63
1587418535, 106, 796, 822, 250, 0, 1.45%, 15, 4, 20, 506.52
1587418546, 106, 797, 824, 251, 0, 1.45%, 15, 4, 20, 506.64
1587418632, 106, 800, 824, 250, 0, 1.45%, 15, 4, 20, 527.98
1587418652, 106, 800, 824, 250, 0, 1.45%, 16, 4, 20, 505.02
1587418718, 106, 801, 824, 249, 0, 1.45%, 16, 4, 20, 540.52
1587418794, 106, 801, 825, 250, 0, 1.45%, 16, 4, 20, 577.49
1587418799, 106, 803, 825, 249, 0, 1.45%, 16, 4, 20, 505.52
1587418880, 106, 804, 825, 248, 0, 1.45%, 16, 4, 20, 545.50
1587418901, 106, 804, 825, 248, 0, 1.45%, 17, 4, 20, 507.59
1587418962, 106, 812, 825, 247, 0, 1.45%, 17, 4, 20, 80.35
1587418988, 106, 812, 825, 247, 0, 1.45%, 17, 5, 20, 68.63
1587423123, 106, 812, 826, 248, 0, 1.46%, 17, 5, 20, 76.99
1587423287, 106, 812, 826, 248, 0, 1.46%, 17, 6, 20, 67.76
1587423374, 106, 825, 826, 247, 1, 1.46%, 17, 6, 20, 72.66
