# unix_time, cycles_done, cur_path, paths_total, pending_total, pending_favs, map_size, unique_crashes, unique_hangs, max_depth, execs_per_sec
1587688264, 0, 0, 20, 20, 11, 0.38%, 0, 0, 1, 290.91
1587688269, 0, 0, 38, 38, 11, 0.40%, 0, 0, 2, 379.54
1587688275, 0, 0, 39, 39, 11, 0.40%, 0, 0, 2, 383.34
1587688280, 0, 0, 41, 41, 11, 0.40%, 0, 0, 2, 398.34
1587688285, 0, 0, 83, 83, 11, 0.41%, 0, 0, 2, 405.03
1587688290, 0, 0, 92, 92, 11, 0.41%, 0, 0, 2, 419.24
1587688295, 0, 0, 101, 101, 11, 0.41%, 0, 0, 2, 403.08
1587688300, 0, 0, 105, 105, 11, 0.41%, 0, 0, 2, 429.03
1587688305, 0, 0, 108, 108, 11, 0.44%, 0, 0, 2, 438.99
1587688310, 0, 0, 110, 110, 11, 0.44%, 0, 0, 2, 433.14
1587688315, 0, 0, 114, 114, 11, 0.44%, 0, 0, 2, 421.63
1587688320, 0, 0, 116, 116, 11, 0.44%, 0, 0, 2, 410.40
1587688336, 0, 0, 117, 117, 11, 0.44%, 0, 0, 2, 411.06
1587688341, 0, 0, 118, 118, 11, 0.44%, 0, 0, 2, 396.47
1587688361, 0, 10, 119, 118, 15, 0.44%, 0, 0, 2, 408.01
1587688366, 0, 10, 120, 119, 15, 0.44%, 0, 0, 2, 427.67
1587688371, 0, 14, 120, 118, 14, 0.44%, 0, 0, 2, 396.64
1587688401, 0, 16, 120, 117, 13, 0.44%, 0, 0, 2, 393.20
1587688422, 0, 18, 120, 116, 12, 0.44%, 0, 0, 2, 425.50
1587688432, 0, 27, 120, 115, 11, 0.44%, 0, 0, 2, 375.14
1587688447, 0, 39, 120, 114, 10, 0.44%, 0, 0, 2, 411.20
1587688468, 0, 47, 120, 112, 8, 0.44%, 0, 0, 2, 466.77
1587688473, 0, 51, 120, 110, 6, 0.44%, 0, 0, 2, 463.14
1587688488, 0, 51, 121, 111, 6, 0.44%, 0, 0, 3, 426.45
1587688493, 0, 84, 121, 110, 5, 0.44%, 0, 0, 3, 442.27
1587688503, 0, 88, 121, 109, 4, 0.44%, 0, 0, 3, 386.94
1587688513, 0, 96, 122, 109, 3, 0.44%, 0, 0, 3, 477.71
1587688534, 0, 104, 122, 108, 2, 0.44%, 0, 0, 3, 416.12
1587688539, 0, 105, 126, 111, 1, 0.46%, 0, 0, 3, 369.84
1587688549, 0, 105, 127, 112, 1, 0.46%, 0, 0, 3, 359.45
1587688569, 0, 105, 128, 113, 1, 0.46%, 0, 0, 3, 313.67
1587688575, 0, 105, 141, 126, 1, 0.47%, 0, 0, 3, 333.85
1587688580, 0, 105, 143, 128, 1, 0.47%, 0, 0, 3, 373.49
1587688585, 0, 105, 144, 129, 1, 0.47%, 0, 0, 3, 389.44
1587688600, 0, 105, 145, 130, 1, 0.47%, 0, 0, 3, 350.42
1587688615, 0, 105, 146, 131, 1, 0.47%, 0, 0, 3, 231.52
1587688625, 0, 105, 147, 132, 1, 0.47%, 0, 0, 3, 380.70
1587688666, 0, 125, 147, 131, 9, 0.47%, 0, 0, 3, 345.76
1587688706, 0, 126, 147, 130, 8, 0.47%, 0, 0, 3, 350.20
1587688742, 0, 127, 147, 129, 7, 0.47%, 0, 0, 3, 323.18
1587688783, 0, 130, 147, 128, 6, 0.47%, 0, 0, 3, 316.79
1587688813, 0, 133, 147, 127, 5, 0.47%, 0, 0, 3, 346.46
1587688834, 0, 134, 148, 127, 4, 0.47%, 0, 0, 4, 383.91
1587688859, 0, 136, 148, 126, 3, 0.47%, 0, 0, 4, 299.05
1587688899, 0, 136, 149, 127, 3, 0.47%, 0, 0, 4, 396.73
1587688909, 0, 136, 150, 128, 3, 0.47%, 0, 0, 4, 411.54
1587688915, 0, 138, 151, 128, 2, 0.47%, 0, 0, 4, 421.46
1587688935, 0, 140, 151, 127, 1, 0.47%, 0, 0, 4, 373.52
1587688970, 0, 147, 152, 127, 0, 0.47%, 0, 0, 5, 285.19
1587689077, 0, 147, 153, 128, 0, 0.47%, 0, 0, 5, 265.57
1587689092, 0, 152, 153, 127, 0, 0.47%, 0, 0, 5, 251.64
1587689250, 0, 152, 155, 129, 0, 0.47%, 0, 0, 6, 255.03
1587689270, 1, 4, 155, 128, 0, 0.47%, 0, 0, 6, 335.74
1587689275, 1, 4, 157, 130, 0, 0.47%, 0, 0, 6, 422.91
1587689280, 1, 4, 159, 132, 0, 0.47%, 0, 0, 6, 415.82
1587689285, 1, 4, 160, 133, 0, 0.47%, 0, 0, 6, 374.24
1587689290, 1, 4, 163, 136, 0, 0.47%, 0, 0, 6, 389.11
1587689295, 1, 4, 165, 138, 0, 0.47%, 0, 0, 6, 438.04
1587689306, 1, 4, 166, 139, 0, 0.47%, 0, 0, 6, 449.87
1587689316, 1, 4, 167, 140, 0, 0.47%, 0, 0, 6, 442.78
1587689321, 1, 4, 169, 142, 0, 0.47%, 0, 0, 6, 428.67
1587689341, 1, 4, 170, 143, 0, 0.47%, 0, 0, 6, 469.49
1587689351, 1, 18, 170, 142, 0, 0.47%, 0, 0, 6, 460.17
1587689356, 1, 20, 170, 142, 0, 0.47%, 0, 0, 6, 453.30
1587689371, 1, 23, 170, 141, 0, 0.47%, 0, 0, 6, 455.39
1587689387, 1, 28, 170, 140, 0, 0.47%, 0, 0, 6, 457.51
1587689402, 1, 30, 170, 139, 0, 0.47%, 0, 0, 6, 433.69
1587689417, 1, 34, 170, 138, 0, 0.47%, 0, 0, 6, 437.15
1587689433, 1, 37, 171, 138, 0, 0.47%, 0, 0, 6, 451.25
1587689448, 1, 37, 172, 139, 0, 0.47%, 0, 0, 6, 451.28
1587689453, 1, 38, 172, 138, 0, 0.47%, 0, 0, 6, 466.11
1587689468, 1, 44, 172, 137, 0, 0.47%, 0, 0, 6, 464.73
1587689489, 1, 46, 172, 136, 0, 0.47%, 0, 0, 6, 493.51
1587689494, 1, 57, 172, 135, 0, 0.47%, 0, 0, 6, 491.27
1587689504, 1, 59, 172, 134, 0, 0.47%, 0, 0, 6, 460.60
1587689539, 1, 60, 173, 134, 0, 0.47%, 0, 0, 6, 412.27
1587689570, 1, 62, 173, 133, 0, 0.47%, 0, 0, 6, 359.56
1587689605, 1, 69, 173, 132, 0, 0.47%, 0, 0, 6, 284.78
1587689676, 1, 73, 173, 131, 0, 0.47%, 0, 0, 6, 304.01
1587689773, 1, 73, 175, 133, 0, 0.47%, 0, 0, 6, 289.98
1587689788, 1, 74, 175, 132, 0, 0.47%, 0, 0, 6, 350.07
1587689814, 1, 76, 175, 131, 0, 0.47%, 0, 0, 6, 447.08
1587689834, 1, 78, 175, 130, 0, 0.47%, 0, 0, 6, 448.90
1587689910, 1, 80, 175, 129, 0, 0.47%, 0, 0, 6, 368.74
1587689987, 1, 82, 175, 128, 0, 0.47%, 0, 0, 6, 383.02
1587690028, 1, 86, 175, 127, 0, 0.47%, 0, 0, 6, 410.94
1587690048, 1, 86, 177, 129, 0, 0.47%, 0, 0, 6, 432.35
1587690058, 1, 97, 177, 128, 0, 0.47%, 0, 0, 6, 438.69
1587690084, 1, 97, 179, 130, 0, 0.47%, 0, 0, 6, 434.06
1587690089, 1, 100, 179, 129, 0, 0.47%, 0, 0, 6, 479.59
1587690099, 1, 103, 179, 128, 0, 0.47%, 0, 0, 6, 489.20
1587690160, 1, 106, 179, 127, 0, 0.47%, 0, 0, 6, 382.08
1587690190, 1, 116, 179, 126, 0, 0.47%, 0, 0, 6, 371.54
1587690206, 1, 116, 180, 127, 0, 0.47%, 0, 0, 6, 417.60
1587690211, 1, 116, 182, 129, 0, 0.47%, 0, 0, 6, 443.17
1587690216, 1, 117, 182, 128, 0, 0.47%, 0, 0, 6, 453.00
1587690277, 1, 118, 182, 127, 0, 0.47%, 0, 0, 6, 444.84
1587690337, 1, 118, 183, 128, 0, 0.47%, 0, 0, 6, 437.54
1587690342, 1, 122, 183, 127, 0, 0.47%, 0, 0, 6, 433.70
1587690373, 1, 123, 183, 126, 0, 0.47%, 0, 0, 6, 415.37
1587690403, 1, 123, 187, 130, 0, 0.47%, 0, 0, 6, 416.38
1587690408, 1, 123, 188, 131, 0, 0.47%, 0, 0, 6, 436.27
1587690413, 1, 123, 189, 132, 0, 0.47%, 0, 0, 6, 449.68
1587690418, 1, 123, 191, 134, 0, 0.47%, 0, 0, 6, 459.88
1587690474, 1, 125, 191, 133, 0, 0.47%, 0, 0, 6, 450.84
1587690479, 1, 128, 191, 133, 0, 0.47%, 0, 0, 6, 393.07
1587690530, 1, 132, 191, 132, 0, 0.47%, 0, 0, 6, 311.08
1587690575, 1, 132, 192, 133, 0, 0.47%, 0, 0, 6, 411.57
1587690580, 1, 135, 192, 132, 0, 0.47%, 0, 0, 6, 437.29
1587690616, 1, 137, 192, 131, 0, 0.47%, 0, 0, 6, 440.79
1587690646, 1, 148, 192, 130, 0, 0.47%, 0, 0, 6, 446.58
1587690692, 1, 149, 192, 129, 0, 0.47%, 0, 0, 6, 463.34
1587690732, 1, 151, 192, 128, 0, 0.47%, 0, 0, 6, 421.72
1587690824, 1, 151, 194, 130, 0, 0.47%, 0, 0, 6, 296.90
1587690830, 1, 151, 196, 132, 0, 0.47%, 0, 0, 6, 344.43
1587690840, 1, 151, 197, 133, 0, 0.47%, 0, 0, 6, 360.51
1587690890, 1, 151, 198, 134, 0, 0.47%, 0, 0, 6, 345.10
1587690921, 1, 157, 198, 133, 0, 0.47%, 0, 0, 6, 226.29
1587691188, 1, 158, 198, 132, 0, 0.47%, 0, 0, 6, 147.67
1587691491, 1, 159, 198, 131, 0, 0.47%, 0, 0, 6, 356.21
1587691506, 1, 159, 199, 132, 0, 0.47%, 0, 0, 6, 441.45
1587691531, 1, 159, 200, 133, 0, 0.47%, 0, 0, 6, 432.31
1587691536, 1, 159, 202, 135, 0, 0.47%, 0, 0, 6, 449.33
1587691547, 1, 159, 203, 136, 0, 0.47%, 0, 0, 6, 449.70
1587691602, 1, 161, 203, 135, 0, 0.47%, 0, 0, 6, 301.50
1587691879, 1, 169, 203, 134, 0, 0.47%, 0, 0, 6, 181.93
1587692108, 1, 172, 203, 133, 0, 0.47%, 0, 0, 6, 250.46
1587692240, 1, 172, 204, 134, 0, 0.47%, 0, 0, 6, 281.96
1587692256, 1, 173, 204, 133, 0, 0.47%, 0, 0, 6, 196.34
1587692605, 1, 174, 204, 132, 0, 0.47%, 0, 0, 6, 214.07
1587692852, 1, 174, 205, 133, 0, 0.47%, 0, 0, 6, 239.83
1587692857, 1, 174, 207, 135, 0, 0.47%, 0, 0, 6, 253.73
1587692862, 1, 174, 208, 136, 0, 0.47%, 0, 0, 6, 264.00
1587692903, 1, 174, 209, 137, 0, 0.47%, 0, 0, 6, 8.90
1587692923, 1, 174, 210, 138, 0, 0.47%, 0, 0, 6, 276.84
1587692949, 1, 175, 210, 137, 0, 0.47%, 0, 0, 6, 309.97
1587693046, 1, 175, 212, 139, 0, 0.47%, 0, 0, 6, 344.39
1587693067, 1, 177, 212, 138, 0, 0.47%, 0, 0, 6, 299.41
1587693305, 1, 177, 214, 140, 0, 0.47%, 0, 0, 6, 232.40
1587693315, 1, 177, 215, 141, 0, 0.47%, 0, 0, 6, 287.15
1587693362, 1, 189, 215, 140, 0, 0.47%, 0, 0, 6, 282.21
1587693863, 1, 190, 215, 139, 0, 0.47%, 0, 0, 6, 329.59
1587693934, 1, 190, 216, 140, 0, 0.47%, 0, 0, 6, 419.86
1587693954, 1, 191, 217, 140, 0, 0.47%, 0, 0, 6, 294.87
1587694159, 1, 191, 219, 142, 0, 0.47%, 0, 0, 6, 283.49
1587694164, 1, 191, 221, 144, 0, 0.47%, 0, 0, 6, 291.14
1587694185, 1, 191, 223, 146, 0, 0.47%, 0, 0, 6, 289.05
1587694241, 1, 191, 224, 147, 0, 0.47%, 0, 0, 6, 287.29
1587694261, 1, 191, 225, 148, 0, 0.47%, 0, 0, 6, 289.54
1587694271, 1, 214, 225, 147, 1, 0.47%, 0, 0, 6, 214.70
1587695207, 1, 214, 226, 148, 1, 0.47%, 0, 0, 6, 149.20
1587695222, 1, 214, 228, 150, 1, 0.47%, 0, 0, 6, 165.59
1587695233, 1, 214, 229, 151, 1, 0.47%, 0, 0, 6, 166.44
1587695258, 1, 214, 230, 152, 1, 0.47%, 0, 0, 6, 163.66
1587695324, 1, 214, 231, 153, 1, 0.47%, 0, 0, 6, 166.91
1587695406, 1, 220, 231, 152, 1, 0.47%, 0, 0, 6, 191.41
1587695703, 2, 3, 231, 151, 0, 0.47%, 0, 0, 6, 379.52
1587695719, 2, 3, 234, 154, 0, 0.47%, 0, 1, 6, 448.13
1587695734, 2, 3, 235, 155, 0, 0.47%, 0, 1, 6, 383.23
1587695739, 2, 3, 236, 156, 0, 0.47%, 0, 1, 6, 394.70
1587695749, 2, 3, 237, 157, 0, 0.47%, 0, 1, 6, 384.26
1587695754, 2, 3, 238, 158, 0, 0.47%, 0, 1, 6, 378.09
1587695800, 2, 6, 238, 157, 0, 0.47%, 0, 1, 6, 480.22
1587695805, 2, 7, 238, 156, 0, 0.47%, 0, 1, 6, 475.10
1587695810, 2, 13, 238, 155, 0, 0.47%, 0, 1, 6, 452.66
1587695846, 2, 15, 238, 154, 0, 0.47%, 0, 1, 6, 449.67
1587695856, 2, 17, 238, 153, 0, 0.47%, 0, 1, 6, 477.41
1587695866, 2, 19, 238, 152, 0, 0.47%, 0, 1, 6, 466.12
1587695877, 2, 21, 238, 151, 0, 0.47%, 0, 1, 6, 442.41
1587695892, 2, 26, 238, 150, 0, 0.47%, 0, 1, 6, 448.59
1587695907, 2, 32, 238, 149, 0, 0.47%, 0, 1, 6, 454.23
1587695923, 2, 35, 238, 148, 0, 0.47%, 0, 1, 6, 432.20
1587695938, 2, 37, 238, 147, 0, 0.47%, 0, 1, 6, 413.13
1587695943, 2, 41, 238, 147, 0, 0.47%, 0, 1, 6, 473.61
1587695953, 2, 50, 238, 146, 0, 0.47%, 0, 1, 6, 451.38
1587695958, 2, 54, 238, 146, 0, 0.47%, 0, 1, 6, 410.00
1587695984, 2, 55, 238, 145, 0, 0.47%, 0, 1, 6, 391.07
1587696014, 2, 61, 238, 144, 0, 0.47%, 0, 1, 6, 425.86
1587696050, 2, 65, 238, 143, 0, 0.47%, 0, 1, 6, 391.42
1587696111, 2, 66, 238, 142, 0, 0.47%, 0, 1, 6, 375.59
1587696132, 2, 70, 238, 141, 0, 0.47%, 0, 1, 6, 458.58
1587696157, 2, 81, 238, 140, 0, 0.47%, 0, 1, 6, 446.21
1587696177, 2, 90, 238, 139, 0, 0.47%, 0, 1, 6, 454.03
1587696198, 2, 111, 238, 138, 0, 0.47%, 0, 1, 6, 370.86
1587696229, 2, 112, 238, 137, 0, 0.47%, 0, 1, 6, 323.92
1587696345, 2, 113, 238, 136, 0, 0.47%, 0, 1, 6, 337.59
1587696401, 2, 121, 238, 135, 0, 0.47%, 0, 1, 6, 403.65
1587696422, 2, 129, 238, 134, 0, 0.47%, 1, 1, 6, 442.74
1587696452, 2, 136, 239, 134, 0, 0.47%, 3, 1, 6, 391.65
1587696457, 2, 144, 239, 134, 0, 0.47%, 3, 1, 6, 373.35
1587696509, 2, 153, 239, 133, 0, 0.47%, 3, 1, 6, 281.65
1587696805, 2, 154, 239, 132, 0, 0.47%, 3, 1, 6, 217.67
1587697303, 2, 156, 239, 131, 0, 0.47%, 3, 1, 6, 365.20
1587697349, 2, 165, 239, 130, 0, 0.47%, 3, 1, 6, 361.09
1587697471, 2, 167, 239, 129, 0, 0.47%, 3, 1, 6, 259.47
1587697614, 2, 178, 239, 128, 0, 0.47%, 3, 1, 6, 233.25
1587697802, 2, 178, 240, 129, 0, 0.47%, 3, 1, 6, 226.41
1587697817, 2, 184, 240, 128, 0, 0.47%, 3, 1, 6, 300.41
1587697863, 2, 184, 240, 128, 0, 0.47%, 4, 1, 6, 371.29
1587697873, 2, 185, 240, 127, 0, 0.47%, 4, 1, 6, 318.64
1587697997, 2, 185, 240, 127, 0, 0.47%, 5, 1, 6, 294.24
1587698002, 2, 185, 240, 127, 0, 0.47%, 6, 1, 6, 303.47
1587698007, 2, 188, 240, 126, 0, 0.47%, 6, 1, 6, 277.07
1587698196, 2, 188, 241, 127, 0, 0.47%, 6, 1, 6, 245.98
1587698201, 2, 188, 242, 128, 0, 0.47%, 6, 1, 6, 262.96
1587698237, 2, 188, 243, 129, 0, 0.47%, 6, 1, 6, 281.61
1587698272, 2, 188, 244, 130, 0, 0.47%, 6, 1, 6, 292.78
1587698287, 2, 188, 244, 130, 0, 0.47%, 7, 1, 6, 286.54
1587698302, 2, 188, 244, 130, 0, 0.47%, 9, 1, 6, 282.17
1587698313, 2, 193, 244, 129, 0, 0.47%, 9, 1, 6, 254.05
1587698608, 2, 193, 245, 130, 0, 0.47%, 9, 1, 7, 245.23
1587698623, 2, 193, 246, 131, 0, 0.47%, 9, 1, 7, 241.63
1587698663, 2, 195, 246, 130, 0, 0.47%, 9, 1, 7, 231.02
1587698916, 2, 200, 246, 129, 0, 0.47%, 9, 1, 7, 401.78
1587698976, 2, 200, 247, 130, 0, 0.47%, 9, 1, 7, 435.44
1587698986, 2, 204, 247, 129, 0, 0.47%, 9, 1, 7, 323.15
1587699464, 2, 212, 247, 128, 0, 0.47%, 9, 1, 7, 199.53
1587699870, 2, 212, 248, 129, 0, 0.47%, 9, 1, 7, 227.75
1587699900, 2, 219, 248, 128, 0, 0.47%, 9, 1, 7, 237.93
1587700174, 2, 219, 248, 128, 0, 0.47%, 10, 1, 7, 286.96
1587700184, 2, 221, 248, 127, 0, 0.47%, 10, 1, 7, 241.59
1587700479, 2, 221, 248, 127, 0, 0.47%, 11, 1, 7, 243.38
1587700489, 2, 221, 248, 127, 0, 0.47%, 12, 1, 7, 260.98
1587700494, 2, 221, 250, 129, 0, 0.47%, 13, 1, 7, 260.36
1587700509, 2, 221, 251, 130, 0, 0.47%, 13, 1, 7, 238.04
1587700545, 2, 221, 252, 131, 0, 0.47%, 13, 1, 7, 269.26
1587700565, 2, 221, 253, 132, 0, 0.47%, 13, 1, 7, 251.01
1587700601, 2, 221, 254, 133, 0, 0.47%, 13, 1, 7, 256.21
1587700606, 2, 228, 254, 132, 1, 0.47%, 13, 1, 7, 137.79
1587702626, 2, 228, 255, 133, 1, 0.47%, 13, 1, 7, 111.06
1587702636, 2, 228, 256, 134, 1, 0.47%, 13, 1, 7, 119.99
1587702641, 2, 228, 257, 135, 1, 0.47%, 13, 1, 7, 120.73
1587702713, 2, 228, 258, 136, 1, 0.47%, 13, 1, 7, 118.93
1587702738, 2, 228, 259, 137, 1, 0.47%, 13, 1, 7, 123.21
1587702753, 2, 228, 260, 138, 1, 0.47%, 13, 1, 7, 120.03
1587702773, 2, 228, 261, 139, 1, 0.47%, 13, 1, 7, 115.46
1587702824, 2, 228, 262, 140, 1, 0.47%, 13, 1, 7, 117.73
1587702850, 2, 228, 263, 141, 1, 0.47%, 13, 1, 7, 116.52
1587702900, 2, 247, 264, 141, 1, 0.47%, 13, 1, 7, 97.98
1587722601, 2, 247, 265, 142, 1, 0.47%, 13, 1, 7, 66.46
1587722627, 2, 252, 265, 141, 1, 0.47%, 13, 1, 7, 56.85
1587722923, 2, 252, 265, 141, 1, 0.47%, 14, 1, 7, 56.40
1587727777, 2, 252, 266, 142, 1, 0.47%, 14, 1, 7, 70.78
1587736546, 2, 252, 268, 144, 1, 0.48%, 14, 1, 7, 69.67
1587737106, 2, 265, 268, 143, 3, 0.48%, 14, 1, 7, 54.44
1587737364, 2, 265, 268, 143, 3, 0.48%, 15, 1, 7, 59.47
1587737400, 2, 265, 269, 144, 3, 0.48%, 18, 1, 8, 58.30
1587739012, 2, 265, 270, 145, 3, 0.48%, 19, 1, 8, 57.69
1587740610, 2, 265, 271, 146, 3, 0.48%, 21, 1, 8, 54.54
1587742316, 2, 265, 271, 146, 3, 0.48%, 22, 1, 8, 62.57
1587751890, 2, 266, 271, 145, 5, 0.48%, 22, 1, 8, 59.20
1587753840, 2, 266, 271, 145, 5, 0.48%, 23, 1, 8, 50.44
1587755471, 2, 266, 272, 146, 5, 0.48%, 23, 1, 8, 54.31
1587757516, 2, 266, 272, 146, 5, 0.48%, 24, 1, 8, 64.77
1587769666, 2, 267, 272, 145, 5, 0.48%, 24, 1, 8, 62.93
