# unix_time, cycles_done, cur_path, paths_total, pending_total, pending_favs, map_size, unique_crashes, unique_hangs, max_depth, execs_per_sec
1586019233, 0, 0, 2, 2, 2, 0.34%, 0, 0, 1, 432.43
1586019236, 0, 0, 11, 11, 2, 0.38%, 0, 0, 2, 383.71
1586019242, 0, 0, 17, 17, 2, 0.53%, 1, 0, 2, 391.89
1586019252, 0, 0, 18, 18, 2, 0.54%, 1, 0, 2, 396.11
1586019257, 0, 1, 22, 21, 11, 0.58%, 2, 0, 2, 388.41
1586019262, 0, 1, 27, 26, 11, 0.58%, 4, 0, 2, 385.41
1586019267, 0, 1, 31, 30, 11, 0.58%, 4, 0, 2, 396.35
1586019272, 0, 1, 36, 35, 11, 0.60%, 4, 0, 2, 423.59
1586019277, 0, 1, 43, 42, 11, 0.61%, 5, 0, 2, 340.03
1586019282, 0, 5, 46, 43, 26, 0.61%, 6, 0, 2, 303.73
1586019287, 0, 14, 47, 40, 22, 0.61%, 6, 0, 3, 341.02
1586019293, 0, 21, 49, 38, 19, 0.62%, 11, 0, 3, 434.41
1586019298, 0, 28, 50, 36, 17, 0.63%, 14, 0, 3, 433.92
1586019303, 0, 32, 53, 36, 14, 0.63%, 15, 0, 3, 441.23
1586019308, 0, 35, 56, 37, 13, 0.68%, 17, 0, 3, 399.96
1586019313, 0, 40, 56, 34, 10, 0.68%, 19, 0, 3, 440.60
1586019318, 0, 42, 64, 40, 10, 0.68%, 19, 0, 3, 439.46
1586019323, 0, 48, 71, 45, 8, 0.70%, 20, 0, 4, 435.34
1586019328, 0, 48, 73, 47, 8, 0.70%, 21, 0, 4, 467.15
1586019333, 0, 48, 73, 47, 8, 0.70%, 22, 0, 4, 456.30
1586019343, 0, 52, 80, 52, 9, 0.70%, 25, 0, 4, 453.55
1586019349, 0, 52, 82, 54, 9, 0.70%, 25, 0, 4, 435.79
1586019354, 0, 55, 86, 55, 7, 0.70%, 27, 0, 4, 445.18
1586019359, 0, 60, 92, 59, 5, 0.70%, 29, 0, 4, 445.92
1586019364, 0, 69, 93, 58, 3, 0.70%, 29, 0, 5, 444.99
1586019369, 0, 70, 95, 59, 2, 0.71%, 31, 0, 5, 454.00
1586019374, 0, 81, 98, 61, 2, 0.71%, 33, 0, 5, 450.93
1586019379, 0, 81, 99, 62, 2, 0.71%, 34, 0, 5, 452.31
1586019384, 0, 81, 100, 63, 2, 0.71%, 34, 0, 5, 445.59
1586019389, 0, 81, 101, 64, 2, 0.71%, 34, 0, 5, 457.58
1586019394, 0, 94, 103, 65, 1, 0.71%, 38, 0, 6, 452.81
1586019399, 1, 2, 104, 65, 0, 0.71%, 38, 0, 6, 456.29
1586019404, 1, 14, 106, 66, 0, 0.71%, 38, 0, 6, 436.65
1586019409, 1, 20, 108, 68, 0, 0.71%, 38, 0, 6, 431.57
1586019414, 1, 25, 108, 67, 0, 0.71%, 39, 0, 6, 449.65
1586019419, 1, 29, 112, 70, 0, 0.71%, 41, 0, 6, 429.21
1586019424, 1, 32, 114, 72, 0, 0.71%, 41, 0, 6, 430.76
1586019429, 1, 37, 114, 72, 0, 0.71%, 41, 0, 6, 455.81
1586019435, 1, 42, 115, 73, 0, 0.71%, 41, 0, 6, 455.73
1586019440, 1, 45, 116, 73, 0, 0.71%, 42, 0, 6, 454.42
1586019445, 1, 53, 116, 71, 0, 0.71%, 42, 0, 6, 457.03
1586019450, 1, 116, 118, 73, 1, 0.72%, 42, 0, 6, 453.88
1586019455, 1, 116, 119, 74, 1, 0.72%, 43, 0, 6, 449.96
1586019460, 1, 116, 120, 75, 1, 0.72%, 43, 0, 6, 414.15
1586019465, 1, 117, 123, 77, 1, 0.72%, 43, 0, 6, 370.65
1586019475, 1, 117, 123, 77, 1, 0.72%, 44, 0, 6, 445.71
1586019481, 1, 117, 123, 77, 1, 0.72%, 45, 0, 6, 441.69
1586019486, 1, 119, 125, 78, 0, 0.72%, 46, 0, 6, 442.31
1586019496, 2, 7, 127, 78, 0, 0.72%, 47, 0, 6, 448.63
1586019501, 2, 11, 129, 78, 0, 0.72%, 47, 0, 6, 457.10
1586019506, 2, 17, 129, 76, 0, 0.72%, 47, 0, 6, 462.84
1586019511, 2, 26, 129, 76, 0, 0.72%, 47, 0, 6, 429.06
1586019516, 2, 29, 129, 75, 0, 0.72%, 47, 0, 6, 437.63
1586019521, 2, 33, 130, 76, 0, 0.72%, 47, 0, 6, 433.41
1586019526, 2, 37, 130, 76, 0, 0.72%, 47, 0, 6, 446.86
1586019532, 2, 42, 131, 76, 0, 0.72%, 47, 0, 6, 441.50
1586019537, 2, 53, 131, 76, 0, 0.72%, 48, 0, 6, 454.23
1586019542, 2, 89, 133, 78, 1, 0.72%, 50, 0, 6, 445.37
1586019547, 2, 132, 133, 77, 1, 0.72%, 51, 0, 6, 423.07
1586019557, 3, 9, 133, 76, 0, 0.72%, 51, 0, 6, 435.63
1586019562, 3, 17, 133, 76, 0, 0.72%, 51, 0, 6, 451.13
1586019568, 3, 25, 134, 76, 0, 0.72%, 51, 0, 6, 434.47
1586019573, 3, 29, 135, 77, 0, 0.72%, 52, 0, 6, 432.85
1586019578, 3, 33, 135, 77, 0, 0.72%, 53, 0, 6, 456.95
1586019583, 3, 37, 136, 78, 0, 0.72%, 53, 0, 6, 453.93
1586019588, 3, 43, 136, 78, 0, 0.72%, 53, 0, 6, 464.95
1586019593, 3, 53, 136, 77, 0, 0.72%, 53, 0, 6, 452.55
1586019598, 3, 58, 136, 77, 0, 0.72%, 54, 0, 6, 435.45
1586019603, 3, 67, 138, 79, 0, 0.72%, 54, 0, 6, 421.43
1586019608, 3, 69, 138, 78, 0, 0.72%, 54, 0, 6, 374.93
1586019613, 3, 70, 138, 78, 0, 0.72%, 54, 0, 6, 406.72
1586019618, 3, 75, 138, 77, 0, 0.72%, 54, 0, 6, 422.81
1586019623, 3, 76, 138, 76, 0, 0.72%, 54, 0, 6, 427.55
1586019628, 3, 78, 138, 75, 0, 0.72%, 54, 0, 6, 433.79
1586019633, 3, 87, 138, 74, 0, 0.72%, 55, 0, 6, 429.66
1586019639, 3, 92, 138, 73, 0, 0.72%, 56, 0, 6, 429.43
1586019644, 3, 96, 138, 72, 0, 0.72%, 58, 0, 6, 429.69
1586019649, 3, 97, 138, 71, 0, 0.72%, 58, 0, 6, 438.46
1586019654, 3, 101, 138, 69, 0, 0.72%, 60, 0, 6, 445.63
1586019659, 3, 102, 138, 68, 0, 0.72%, 61, 0, 6, 411.62
1586019664, 3, 103, 139, 68, 0, 0.73%, 61, 0, 6, 426.88
1586019669, 3, 139, 142, 69, 0, 0.73%, 62, 0, 6, 447.69
1586019674, 3, 139, 143, 70, 0, 0.73%, 63, 0, 6, 426.30
1586019679, 4, 6, 144, 70, 0, 0.73%, 64, 0, 6, 441.21
1586019684, 4, 12, 145, 71, 0, 0.73%, 65, 0, 6, 443.53
1586019689, 4, 19, 145, 70, 0, 0.73%, 65, 0, 6, 449.90
1586019694, 4, 28, 146, 71, 0, 0.73%, 65, 0, 6, 461.24
1586019700, 4, 32, 146, 71, 0, 0.73%, 65, 0, 6, 463.94
1586019705, 4, 36, 146, 71, 0, 0.73%, 65, 0, 6, 458.57
1586019710, 4, 42, 146, 71, 0, 0.73%, 65, 0, 6, 445.75
1586019715, 4, 49, 146, 71, 0, 0.73%, 65, 0, 6, 440.47
1586019720, 4, 53, 150, 74, 0, 0.73%, 65, 0, 6, 446.97
1586019725, 4, 55, 153, 77, 0, 0.73%, 66, 0, 6, 420.51
1586019730, 4, 59, 153, 76, 0, 0.73%, 66, 0, 6, 432.76
1586019735, 4, 66, 154, 76, 0, 0.73%, 66, 0, 6, 439.97
1586019740, 4, 67, 154, 75, 0, 0.73%, 66, 0, 6, 411.68
1586019745, 4, 70, 154, 75, 0, 0.73%, 66, 0, 6, 440.05
1586019750, 4, 77, 154, 75, 0, 0.73%, 66, 0, 6, 436.14
1586019755, 4, 84, 154, 73, 0, 0.73%, 66, 0, 6, 423.37
1586019760, 4, 93, 154, 72, 0, 0.73%, 66, 0, 6, 438.57
1586019765, 4, 94, 154, 71, 0, 0.73%, 66, 0, 6, 348.87
1586019770, 4, 97, 154, 71, 0, 0.73%, 66, 0, 6, 347.99
1586019776, 4, 107, 154, 70, 0, 0.73%, 66, 0, 6, 399.63
1586019781, 4, 108, 154, 69, 0, 0.73%, 66, 0, 6, 402.70
1586019786, 4, 114, 155, 69, 0, 0.73%, 69, 0, 6, 417.63
1586019791, 4, 124, 155, 68, 0, 0.73%, 69, 0, 6, 426.09
1586019801, 4, 128, 155, 66, 0, 0.73%, 69, 0, 6, 429.79
1586019806, 4, 131, 155, 65, 0, 0.73%, 69, 0, 6, 452.54
1586019811, 4, 132, 156, 65, 0, 0.73%, 69, 0, 6, 441.93
1586019816, 4, 132, 156, 65, 0, 0.73%, 70, 0, 6, 446.21
1586019821, 4, 134, 157, 65, 0, 0.73%, 70, 0, 6, 426.90
1586019826, 4, 138, 158, 65, 0, 0.73%, 70, 0, 6, 440.99
1586019831, 4, 143, 159, 66, 0, 0.73%, 72, 0, 6, 415.28
1586019836, 4, 143, 164, 71, 0, 0.73%, 73, 0, 6, 403.80
1586019842, 4, 143, 165, 72, 0, 0.73%, 76, 0, 6, 412.67
1586019852, 4, 143, 166, 73, 0, 0.73%, 76, 0, 6, 415.61
1586019857, 4, 154, 170, 76, 0, 0.73%, 76, 0, 6, 439.17
1586019862, 4, 154, 171, 77, 0, 0.73%, 76, 0, 6, 442.36
1586019872, 4, 154, 172, 78, 0, 0.73%, 76, 0, 6, 432.96
1586019882, 4, 154, 174, 80, 0, 0.73%, 77, 0, 6, 419.83
1586019887, 4, 155, 174, 79, 0, 0.73%, 77, 0, 6, 434.64
1586019892, 4, 155, 175, 80, 0, 0.73%, 77, 0, 6, 434.19
1586019902, 4, 156, 175, 79, 0, 0.73%, 78, 0, 6, 417.28
1586019912, 4, 171, 175, 78, 0, 0.73%, 78, 0, 6, 443.07
1586019917, 4, 171, 178, 81, 0, 0.73%, 78, 0, 6, 425.05
1586019927, 4, 171, 179, 82, 0, 0.73%, 78, 0, 6, 417.47
1586019938, 4, 171, 181, 84, 0, 0.73%, 79, 0, 6, 384.18
1586019948, 4, 174, 181, 83, 0, 0.73%, 79, 0, 6, 423.03
1586019963, 5, 11, 183, 84, 0, 0.73%, 79, 0, 6, 421.72
1586019968, 5, 19, 183, 84, 0, 0.73%, 80, 0, 6, 402.66
1586019973, 5, 25, 188, 88, 0, 0.73%, 80, 0, 6, 432.39
1586019978, 5, 29, 191, 91, 0, 0.73%, 80, 0, 6, 430.11
1586019983, 5, 33, 193, 93, 0, 0.73%, 80, 0, 6, 416.73
1586019989, 5, 41, 195, 95, 0, 0.73%, 80, 0, 6, 435.88
1586019994, 5, 49, 196, 96, 0, 0.73%, 80, 0, 6, 429.38
1586019999, 5, 53, 204, 104, 0, 0.73%, 80, 0, 6, 433.05
1586020004, 5, 58, 209, 109, 0, 0.73%, 80, 0, 6, 434.92
1586020009, 5, 64, 214, 114, 0, 0.73%, 80, 0, 6, 418.30
1586020014, 5, 67, 216, 115, 0, 0.73%, 80, 0, 6, 438.72
1586020019, 5, 70, 216, 115, 0, 0.73%, 80, 0, 6, 439.96
1586020024, 5, 85, 217, 116, 0, 0.73%, 80, 0, 6, 447.37
1586020029, 5, 88, 222, 120, 0, 0.74%, 80, 0, 6, 436.38
1586020034, 5, 136, 223, 120, 1, 0.74%, 80, 0, 6, 422.47
1586020039, 5, 221, 223, 119, 1, 0.74%, 82, 0, 6, 427.67
1586020045, 5, 221, 228, 124, 1, 0.74%, 83, 0, 6, 432.13
1586020050, 5, 221, 229, 125, 1, 0.74%, 83, 0, 6, 443.93
1586020055, 5, 221, 229, 125, 1, 0.74%, 84, 0, 6, 451.24
1586020070, 5, 225, 230, 125, 0, 0.74%, 84, 0, 6, 340.60
1586020080, 5, 225, 233, 128, 0, 0.74%, 84, 0, 7, 428.51
1586020085, 5, 225, 234, 129, 0, 0.74%, 84, 0, 7, 378.91
1586020090, 5, 232, 235, 129, 0, 0.74%, 85, 0, 8, 372.11
1586020106, 5, 232, 238, 132, 0, 0.74%, 85, 0, 8, 430.53
1586020111, 5, 237, 239, 132, 0, 0.74%, 85, 0, 9, 407.49
1586020116, 5, 237, 245, 138, 0, 0.74%, 87, 0, 9, 429.23
1586020121, 5, 237, 248, 141, 0, 0.74%, 87, 0, 9, 413.92
1586020126, 5, 237, 249, 142, 0, 0.74%, 88, 0, 9, 419.44
1586020136, 5, 237, 254, 147, 0, 0.74%, 89, 0, 9, 411.58
1586020141, 5, 238, 254, 146, 0, 0.74%, 89, 0, 9, 414.77
1586020156, 5, 238, 255, 147, 0, 0.74%, 89, 0, 10, 415.88
1586020166, 5, 241, 255, 146, 0, 0.74%, 89, 0, 10, 371.25
1586020172, 5, 241, 258, 149, 0, 0.74%, 89, 0, 10, 382.11
1586020177, 5, 241, 260, 151, 0, 0.74%, 89, 0, 10, 406.16
1586020182, 5, 241, 262, 153, 0, 0.74%, 89, 0, 10, 406.82
1586020202, 5, 243, 262, 152, 0, 0.74%, 89, 0, 10, 416.38
1586020222, 5, 248, 263, 152, 0, 0.74%, 89, 0, 10, 378.78
1586020227, 5, 248, 265, 154, 0, 0.74%, 89, 0, 10, 371.37
1586020237, 5, 248, 266, 155, 0, 0.74%, 89, 0, 10, 409.23
1586020253, 5, 248, 267, 156, 0, 0.74%, 90, 0, 10, 389.18
1586020258, 5, 249, 269, 157, 0, 0.74%, 90, 0, 10, 346.19
1586020263, 5, 249, 270, 158, 0, 0.74%, 90, 0, 10, 352.95
1586020273, 5, 249, 272, 160, 0, 0.74%, 90, 0, 10, 391.46
1586020293, 5, 255, 272, 159, 0, 0.74%, 90, 0, 10, 431.24
1586020308, 5, 255, 273, 160, 0, 0.74%, 90, 0, 11, 392.58
1586020313, 5, 255, 274, 161, 0, 0.74%, 90, 0, 11, 397.00
1586020318, 5, 262, 276, 162, 0, 0.74%, 90, 0, 11, 426.17
1586020344, 5, 262, 277, 163, 0, 0.74%, 90, 0, 11, 415.14
1586020349, 5, 263, 277, 162, 0, 0.74%, 90, 0, 11, 414.93
1586020369, 5, 263, 280, 165, 0, 0.74%, 90, 0, 11, 330.15
1586020375, 5, 263, 281, 166, 0, 0.74%, 91, 0, 11, 417.23
1586020380, 5, 264, 281, 165, 0, 0.74%, 91, 0, 11, 391.45
