# unix_time, cycles_done, cur_path, paths_total, pending_total, pending_favs, map_size, unique_crashes, unique_hangs, max_depth, execs_per_sec
1587588974, 0, 0, 1, 1, 1, 0.56%, 0, 0, 1, 400.00
1587588979, 0, 0, 29, 29, 1, 0.79%, 0, 0, 2, 532.22
1587588984, 0, 0, 35, 35, 1, 0.80%, 0, 0, 2, 569.39
1587588990, 0, 0, 96, 96, 1, 0.89%, 0, 0, 2, 565.88
1587588995, 0, 0, 115, 115, 1, 0.91%, 0, 0, 2, 553.86
1587589000, 0, 0, 124, 124, 1, 0.91%, 0, 0, 2, 549.89
1587589005, 0, 0, 131, 131, 1, 0.93%, 0, 0, 2, 567.64
1587589010, 0, 0, 136, 136, 1, 0.93%, 0, 0, 2, 550.01
1587589015, 0, 0, 140, 140, 1, 0.93%, 0, 0, 2, 548.07
1587589020, 0, 0, 142, 142, 1, 0.94%, 0, 0, 2, 551.87
1587589025, 0, 0, 148, 148, 1, 0.96%, 0, 0, 2, 544.93
1587589030, 0, 0, 151, 151, 1, 1.03%, 0, 0, 2, 552.13
1587589035, 0, 0, 153, 153, 1, 1.03%, 0, 0, 2, 530.81
1587589040, 0, 0, 155, 155, 1, 1.03%, 0, 0, 2, 528.01
1587589050, 0, 12, 156, 155, 25, 1.04%, 0, 0, 2, 495.88
1587589055, 0, 12, 157, 156, 25, 1.04%, 0, 0, 3, 515.58
1587589066, 0, 14, 157, 155, 24, 1.04%, 0, 0, 3, 500.71
1587589081, 0, 24, 157, 154, 23, 1.04%, 0, 0, 3, 454.29
1587589091, 0, 24, 158, 155, 23, 1.04%, 0, 0, 3, 477.74
1587589096, 0, 31, 159, 155, 22, 1.08%, 0, 0, 3, 491.35
1587589101, 0, 31, 160, 156, 22, 1.08%, 0, 0, 3, 475.49
1587589106, 0, 31, 161, 157, 22, 1.09%, 0, 0, 3, 493.88
1587589111, 0, 33, 162, 157, 22, 1.12%, 0, 0, 3, 493.86
1587589121, 0, 33, 164, 159, 22, 1.12%, 0, 0, 3, 486.45
1587589127, 0, 33, 166, 161, 22, 1.12%, 0, 0, 3, 493.24
1587589137, 0, 33, 167, 162, 22, 1.12%, 0, 0, 3, 496.97
1587589142, 0, 33, 169, 164, 22, 1.12%, 0, 0, 3, 489.52
1587589157, 0, 33, 172, 167, 22, 1.12%, 0, 0, 3, 492.97
1587589162, 0, 33, 174, 169, 22, 1.12%, 0, 0, 3, 494.73
1587589167, 0, 33, 175, 170, 22, 1.12%, 0, 0, 3, 491.03
1587589172, 0, 33, 177, 172, 22, 1.12%, 0, 0, 3, 482.28
1587589182, 0, 33, 178, 173, 22, 1.12%, 0, 0, 3, 489.24
1587589193, 0, 35, 178, 172, 22, 1.12%, 0, 0, 3, 487.82
1587589203, 0, 35, 179, 173, 22, 1.12%, 0, 0, 3, 476.80
1587589208, 0, 36, 179, 172, 21, 1.12%, 0, 0, 3, 477.38
1587589223, 0, 36, 181, 174, 21, 1.13%, 0, 0, 3, 476.99
1587589228, 0, 36, 186, 179, 21, 1.13%, 0, 0, 3, 490.24
1587589233, 0, 36, 188, 181, 21, 1.14%, 0, 0, 3, 480.31
1587589238, 0, 36, 191, 184, 21, 1.14%, 0, 0, 3, 471.71
1587589253, 0, 36, 194, 187, 21, 1.14%, 0, 0, 3, 500.20
1587589258, 0, 36, 196, 189, 21, 1.15%, 0, 0, 3, 496.13
1587589264, 0, 36, 198, 191, 21, 1.15%, 0, 0, 3, 473.80
1587589269, 0, 36, 199, 192, 21, 1.15%, 0, 0, 3, 473.30
1587589284, 0, 36, 200, 193, 21, 1.15%, 0, 0, 3, 504.16
1587589289, 0, 65, 200, 191, 25, 1.15%, 0, 0, 3, 497.91
1587589314, 0, 65, 201, 192, 25, 1.16%, 0, 0, 3, 465.33
1587589319, 0, 80, 201, 191, 24, 1.16%, 0, 0, 3, 498.36
1587589324, 0, 80, 202, 192, 24, 1.16%, 0, 0, 3, 514.30
1587589329, 0, 84, 202, 191, 23, 1.16%, 0, 0, 3, 497.93
1587589345, 0, 87, 202, 190, 22, 1.16%, 0, 0, 3, 483.79
1587589365, 0, 101, 203, 190, 21, 1.18%, 0, 0, 3, 487.37
1587589385, 0, 101, 212, 199, 21, 1.19%, 0, 0, 3, 460.23
1587589390, 0, 101, 217, 204, 21, 1.19%, 0, 0, 3, 458.81
1587589400, 0, 101, 218, 205, 21, 1.19%, 0, 0, 3, 487.05
1587589406, 0, 101, 219, 206, 21, 1.20%, 0, 0, 3, 484.59
1587589411, 0, 101, 220, 207, 21, 1.20%, 0, 0, 3, 484.23
1587589416, 0, 101, 222, 209, 21, 1.20%, 0, 0, 3, 486.09
1587589426, 0, 101, 226, 213, 21, 1.20%, 0, 0, 3, 481.54
1587589431, 0, 101, 227, 214, 21, 1.20%, 0, 0, 3, 483.58
1587589436, 0, 101, 228, 215, 21, 1.20%, 0, 0, 3, 489.79
1587589441, 0, 101, 231, 218, 21, 1.21%, 0, 0, 3, 476.34
1587589451, 0, 122, 232, 218, 33, 1.21%, 0, 0, 3, 476.74
1587589482, 0, 125, 233, 218, 32, 1.21%, 0, 0, 3, 470.39
1587589497, 0, 130, 233, 217, 31, 1.21%, 0, 0, 3, 483.28
1587589518, 0, 130, 235, 219, 31, 1.21%, 0, 0, 3, 483.18
1587589523, 0, 130, 237, 221, 31, 1.22%, 0, 0, 3, 474.17
1587589533, 0, 130, 239, 223, 31, 1.23%, 0, 0, 3, 494.93
1587589579, 0, 130, 241, 225, 31, 1.23%, 0, 0, 3, 484.45
1587589589, 0, 141, 241, 224, 32, 1.23%, 0, 0, 3, 470.75
1587589615, 0, 141, 242, 225, 32, 1.23%, 0, 0, 3, 476.75
1587589620, 0, 141, 243, 226, 32, 1.23%, 0, 0, 3, 484.83
1587589625, 0, 147, 243, 225, 32, 1.23%, 0, 0, 3, 473.47
1587589645, 0, 147, 244, 226, 32, 1.23%, 0, 0, 3, 473.58
1587589651, 0, 147, 248, 230, 32, 1.24%, 0, 0, 3, 482.28
1587589656, 0, 147, 249, 231, 32, 1.24%, 0, 0, 3, 492.40
1587589661, 0, 147, 250, 232, 32, 1.24%, 0, 0, 3, 496.66
1587589686, 0, 147, 251, 233, 32, 1.24%, 0, 0, 3, 493.55
1587589701, 0, 147, 252, 234, 32, 1.24%, 0, 0, 3, 493.85
1587589717, 0, 152, 252, 233, 35, 1.24%, 0, 0, 3, 461.98
1587589762, 0, 155, 253, 233, 35, 1.24%, 0, 0, 3, 460.32
1587589777, 0, 155, 254, 234, 35, 1.24%, 0, 0, 3, 495.83
1587589782, 0, 158, 254, 233, 35, 1.24%, 0, 0, 3, 445.94
1587589798, 0, 158, 255, 234, 35, 1.24%, 0, 0, 4, 455.90
1587589803, 0, 160, 255, 233, 34, 1.24%, 0, 0, 4, 473.40
1587589818, 0, 160, 256, 234, 34, 1.27%, 0, 0, 4, 491.74
1587589823, 0, 161, 256, 233, 34, 1.27%, 0, 0, 4, 478.06
1587589833, 0, 161, 257, 234, 34, 1.27%, 0, 0, 4, 462.56
1587589838, 0, 165, 257, 233, 33, 1.27%, 0, 0, 4, 486.26
1587589859, 0, 165, 259, 235, 33, 1.27%, 0, 0, 4, 493.16
1587589864, 0, 165, 260, 236, 33, 1.27%, 0, 0, 4, 464.54
1587589874, 0, 165, 261, 237, 33, 1.27%, 0, 0, 4, 484.41
1587589879, 0, 165, 262, 238, 33, 1.27%, 0, 0, 4, 492.13
1587589894, 0, 165, 263, 239, 33, 1.27%, 0, 0, 4, 481.74
1587589899, 0, 165, 264, 240, 33, 1.27%, 0, 0, 4, 486.88
1587589914, 0, 165, 265, 241, 33, 1.27%, 0, 0, 4, 489.16
1587589919, 0, 165, 266, 242, 33, 1.28%, 0, 0, 4, 478.88
1587589924, 0, 177, 266, 241, 33, 1.28%, 0, 0, 4, 489.01
1587589929, 0, 177, 268, 243, 33, 1.28%, 0, 0, 4, 475.31
1587589940, 0, 177, 269, 244, 33, 1.28%, 0, 0, 4, 472.78
1587589945, 0, 177, 271, 246, 33, 1.28%, 0, 0, 4, 493.39
1587589950, 0, 177, 272, 247, 33, 1.28%, 0, 0, 4, 492.14
1587589955, 0, 177, 273, 248, 33, 1.28%, 0, 0, 4, 471.46
1587589960, 0, 177, 274, 249, 33, 1.28%, 0, 0, 4, 486.44
1587589965, 0, 177, 275, 250, 33, 1.28%, 0, 0, 4, 483.08
1587589990, 0, 177, 277, 252, 33, 1.28%, 0, 0, 4, 478.94
1587589995, 0, 177, 278, 253, 33, 1.28%, 0, 0, 4, 474.13
1587590010, 0, 181, 278, 252, 34, 1.28%, 0, 0, 4, 481.87
1587590031, 0, 181, 281, 255, 34, 1.28%, 0, 0, 4, 472.53
1587590047, 0, 185, 281, 254, 34, 1.28%, 0, 0, 4, 477.10
1587590057, 0, 185, 282, 255, 34, 1.28%, 0, 0, 4, 470.14
1587590062, 0, 191, 282, 254, 34, 1.28%, 0, 0, 4, 480.68
1587590067, 0, 191, 283, 255, 34, 1.28%, 0, 0, 4, 473.38
1587590073, 0, 191, 284, 256, 34, 1.28%, 0, 0, 4, 475.89
1587590083, 0, 191, 286, 258, 34, 1.28%, 0, 0, 4, 476.40
1587590088, 0, 191, 289, 261, 34, 1.28%, 0, 0, 4, 479.75
1587590093, 0, 191, 290, 262, 34, 1.28%, 0, 0, 4, 484.39
1587590108, 0, 191, 291, 263, 34, 1.28%, 0, 0, 4, 479.28
1587590124, 0, 191, 293, 265, 34, 1.28%, 0, 0, 4, 465.44
1587590134, 0, 191, 295, 267, 34, 1.29%, 0, 0, 4, 450.18
1587590149, 0, 191, 296, 268, 34, 1.29%, 0, 0, 4, 483.30
1587590154, 0, 192, 296, 267, 34, 1.29%, 0, 0, 4, 454.23
1587590205, 0, 194, 296, 266, 33, 1.29%, 0, 0, 4, 468.95
1587590225, 0, 194, 298, 268, 33, 1.29%, 0, 0, 4, 460.79
1587590236, 0, 194, 299, 269, 33, 1.29%, 0, 0, 4, 470.09
1587590241, 0, 198, 299, 268, 33, 1.29%, 0, 0, 4, 465.27
1587590271, 0, 203, 299, 267, 32, 1.29%, 0, 0, 4, 486.37
1587590291, 0, 207, 299, 266, 31, 1.29%, 0, 0, 4, 471.83
1587590297, 0, 207, 301, 268, 31, 1.29%, 0, 0, 4, 458.70
1587590302, 0, 207, 302, 269, 31, 1.29%, 0, 0, 4, 464.58
1587590317, 0, 207, 305, 272, 31, 1.30%, 0, 0, 4, 463.66
1587590337, 0, 207, 306, 273, 31, 1.30%, 0, 0, 4, 416.31
1587590342, 0, 207, 311, 278, 31, 1.30%, 0, 0, 4, 444.61
1587590352, 0, 207, 313, 280, 31, 1.30%, 0, 0, 4, 456.21
1587590357, 0, 207, 315, 282, 31, 1.30%, 0, 0, 4, 444.46
1587590362, 0, 207, 316, 283, 31, 1.30%, 0, 0, 4, 447.93
1587590383, 0, 207, 317, 284, 31, 1.30%, 0, 0, 4, 446.03
1587590388, 0, 207, 318, 285, 31, 1.30%, 0, 0, 4, 461.45
1587590398, 0, 207, 320, 287, 31, 1.30%, 0, 0, 4, 450.87
1587590403, 0, 207, 322, 289, 31, 1.30%, 0, 0, 4, 442.72
1587590413, 0, 208, 323, 289, 33, 1.30%, 0, 0, 4, 471.65
1587590444, 0, 208, 324, 290, 33, 1.30%, 0, 0, 4, 467.55
1587590449, 0, 208, 330, 296, 33, 1.31%, 0, 0, 4, 464.03
1587590459, 0, 208, 332, 298, 33, 1.32%, 0, 0, 4, 472.06
1587590464, 0, 208, 333, 299, 33, 1.32%, 0, 0, 4, 449.97
1587590469, 0, 208, 336, 302, 33, 1.32%, 0, 0, 4, 473.75
1587590484, 0, 208, 338, 304, 33, 1.32%, 0, 0, 4, 471.22
1587590494, 0, 208, 340, 306, 33, 1.32%, 0, 0, 4, 458.74
1587590504, 0, 208, 341, 307, 33, 1.32%, 0, 0, 4, 476.39
1587590515, 0, 209, 341, 306, 35, 1.32%, 0, 0, 4, 469.72
1587590540, 0, 214, 341, 305, 34, 1.32%, 0, 0, 4, 478.08
1587590555, 0, 221, 341, 304, 33, 1.32%, 0, 0, 4, 490.07
1587590570, 0, 227, 341, 303, 32, 1.32%, 0, 0, 4, 474.09
1587590596, 0, 227, 342, 304, 32, 1.32%, 0, 0, 4, 469.72
1587590601, 0, 227, 343, 305, 32, 1.32%, 0, 0, 4, 482.28
1587590606, 0, 228, 343, 304, 32, 1.32%, 0, 0, 4, 466.78
1587590636, 0, 230, 343, 303, 31, 1.32%, 0, 0, 4, 476.97
1587590667, 0, 231, 343, 302, 30, 1.32%, 0, 0, 4, 483.05
1587590677, 0, 231, 344, 303, 30, 1.32%, 0, 0, 4, 482.55
1587590687, 0, 233, 344, 302, 30, 1.32%, 0, 0, 4, 477.48
1587590718, 0, 236, 344, 301, 29, 1.32%, 0, 0, 4, 470.53
1587590748, 0, 236, 345, 302, 29, 1.33%, 0, 0, 4, 473.38
1587590753, 0, 236, 346, 303, 29, 1.33%, 0, 0, 4, 473.35
1587590758, 0, 238, 346, 302, 29, 1.33%, 0, 0, 4, 474.06
1587590779, 0, 238, 348, 304, 29, 1.34%, 0, 0, 4, 464.04
1587590789, 0, 242, 348, 303, 29, 1.34%, 0, 0, 4, 469.79
1587590815, 0, 242, 350, 305, 29, 1.34%, 0, 0, 4, 496.42
1587590825, 0, 243, 350, 304, 28, 1.34%, 0, 0, 4, 477.21
1587590850, 0, 245, 351, 304, 27, 1.34%, 0, 0, 4, 479.46
1587590886, 0, 245, 353, 306, 27, 1.34%, 0, 0, 4, 455.52
1587590891, 0, 245, 354, 307, 27, 1.34%, 0, 0, 4, 442.11
1587590896, 0, 246, 354, 306, 26, 1.34%, 0, 0, 4, 461.67
1587590921, 0, 246, 355, 307, 26, 1.34%, 0, 0, 4, 482.52
1587590926, 0, 246, 359, 311, 26, 1.35%, 0, 0, 4, 459.81
1587590932, 0, 246, 360, 312, 26, 1.35%, 0, 0, 4, 473.21
1587590947, 0, 246, 361, 313, 26, 1.35%, 0, 0, 4, 462.92
1587590962, 0, 246, 362, 314, 26, 1.35%, 0, 0, 4, 458.77
1587590993, 0, 251, 362, 313, 27, 1.35%, 0, 0, 4, 449.10
1587591028, 0, 252, 363, 313, 26, 1.35%, 0, 0, 4, 436.91
1587591033, 0, 252, 364, 314, 26, 1.38%, 0, 0, 4, 460.20
1587591038, 0, 252, 365, 315, 26, 1.40%, 0, 0, 4, 467.88
1587591043, 0, 252, 366, 316, 26, 1.40%, 0, 0, 4, 487.26
1587591048, 0, 252, 367, 317, 26, 1.40%, 0, 0, 4, 502.09
1587591054, 0, 255, 367, 316, 27, 1.40%, 0, 0, 4, 493.74
1587591074, 0, 265, 367, 315, 26, 1.40%, 0, 0, 4, 470.12
1587591109, 0, 265, 368, 316, 26, 1.40%, 0, 0, 5, 438.18
1587591115, 0, 265, 369, 317, 26, 1.40%, 0, 0, 5, 453.50
1587591130, 0, 266, 369, 316, 25, 1.40%, 0, 0, 5, 464.09
1587591150, 0, 267, 369, 315, 24, 1.40%, 0, 0, 5, 451.47
1587591170, 0, 271, 369, 314, 23, 1.40%, 0, 0, 5, 459.74
1587591206, 0, 281, 369, 313, 23, 1.40%, 0, 0, 5, 477.50
1587591222, 0, 281, 370, 314, 23, 1.40%, 0, 0, 5, 480.45
1587591227, 0, 283, 370, 313, 22, 1.40%, 0, 0, 5, 476.57
1587591252, 0, 283, 371, 314, 22, 1.40%, 0, 0, 5, 475.05
1587591257, 0, 287, 371, 313, 21, 1.40%, 0, 0, 5, 456.91
1587591288, 0, 287, 372, 314, 21, 1.41%, 0, 0, 5, 457.62
1587591293, 0, 294, 372, 313, 21, 1.41%, 0, 0, 5, 445.70
1587591328, 0, 294, 374, 315, 21, 1.41%, 0, 0, 5, 461.98
1587591333, 0, 294, 375, 316, 21, 1.41%, 0, 0, 5, 454.18
1587591338, 0, 294, 377, 318, 21, 1.41%, 0, 0, 5, 464.66
1587591359, 0, 294, 378, 319, 21, 1.41%, 0, 0, 5, 454.47
1587591364, 0, 294, 379, 320, 21, 1.41%, 0, 0, 5, 455.37
1587591374, 0, 294, 380, 321, 21, 1.41%, 0, 0, 5, 447.42
1587591379, 0, 294, 381, 322, 21, 1.41%, 0, 0, 5, 453.15
1587591384, 0, 299, 381, 321, 19, 1.41%, 0, 0, 5, 446.38
1587591435, 0, 300, 381, 320, 18, 1.41%, 0, 0, 5, 441.85
1587591490, 0, 304, 381, 319, 17, 1.41%, 0, 0, 5, 409.37
1587591541, 0, 314, 381, 318, 16, 1.41%, 0, 0, 5, 459.07
1587591576, 0, 323, 381, 317, 15, 1.41%, 0, 0, 5, 456.49
1587591627, 0, 323, 385, 321, 15, 1.42%, 0, 0, 5, 453.83
1587591632, 0, 323, 387, 323, 15, 1.42%, 0, 0, 5, 444.49
1587591637, 0, 323, 389, 325, 15, 1.43%, 0, 0, 5, 457.69
1587591642, 0, 323, 392, 328, 15, 1.43%, 0, 0, 5, 460.36
1587591652, 0, 323, 393, 329, 15, 1.43%, 0, 0, 5, 456.08
1587591662, 0, 323, 397, 333, 15, 1.43%, 0, 0, 5, 445.93
1587591672, 0, 323, 398, 334, 15, 1.43%, 0, 0, 5, 453.79
1587591698, 0, 323, 399, 335, 15, 1.43%, 0, 0, 5, 457.38
1587591703, 0, 327, 400, 335, 16, 1.43%, 0, 0, 5, 443.82
1587591769, 0, 327, 403, 338, 16, 1.43%, 0, 0, 5, 424.23
1587591774, 0, 327, 405, 340, 16, 1.43%, 0, 0, 5, 439.10
1587591780, 0, 327, 406, 341, 16, 1.43%, 0, 0, 5, 37.85
1587591785, 0, 327, 407, 342, 16, 1.43%, 0, 0, 5, 403.67
1587591790, 0, 327, 408, 343, 16, 1.43%, 0, 0, 5, 402.44
1587591795, 0, 327, 410, 345, 16, 1.43%, 0, 0, 5, 429.70
1587591800, 0, 327, 413, 348, 16, 1.43%, 0, 0, 5, 416.92
1587591811, 0, 327, 417, 352, 16, 1.43%, 0, 0, 5, 424.93
1587591816, 0, 327, 418, 353, 16, 1.43%, 0, 0, 5, 440.82
1587591821, 0, 327, 419, 354, 16, 1.43%, 0, 0, 5, 444.38
1587591826, 0, 327, 420, 355, 16, 1.43%, 0, 0, 5, 435.36
1587591846, 0, 332, 420, 354, 17, 1.43%, 0, 0, 5, 446.81
1587591902, 0, 334, 420, 353, 16, 1.43%, 0, 0, 5, 451.07
1587591952, 0, 343, 420, 352, 15, 1.43%, 0, 0, 5, 473.89
1587591978, 0, 346, 420, 351, 14, 1.43%, 0, 0, 5, 468.71
1587592008, 0, 346, 423, 354, 14, 1.44%, 0, 0, 5, 451.40
1587592013, 0, 346, 424, 355, 14, 1.44%, 0, 0, 5, 455.79
1587592018, 0, 346, 425, 356, 14, 1.44%, 0, 0, 5, 457.47
1587592023, 0, 346, 426, 357, 14, 1.44%, 0, 0, 5, 467.72
1587592028, 0, 346, 427, 358, 14, 1.45%, 0, 0, 5, 466.65
1587592038, 0, 346, 428, 359, 14, 1.45%, 0, 0, 5, 471.07
1587592049, 0, 346, 429, 360, 14, 1.45%, 0, 0, 5, 470.74
1587592069, 0, 346, 431, 362, 14, 1.45%, 0, 0, 5, 460.16
1587592074, 0, 346, 432, 363, 14, 1.45%, 0, 0, 5, 466.76
1587592079, 0, 360, 432, 362, 16, 1.45%, 0, 0, 5, 432.44
1587592115, 0, 360, 433, 363, 16, 1.45%, 0, 0, 5, 455.42
1587592120, 0, 360, 434, 364, 16, 1.45%, 0, 0, 5, 458.10
1587592135, 0, 361, 434, 363, 15, 1.45%, 0, 0, 5, 447.44
1587592171, 0, 361, 436, 365, 15, 1.45%, 0, 0, 5, 461.54
1587592176, 0, 361, 439, 368, 15, 1.46%, 0, 0, 5, 184.06
1587592181, 0, 361, 440, 369, 15, 1.46%, 0, 0, 5, 409.93
1587592191, 0, 361, 442, 371, 15, 1.46%, 0, 0, 5, 457.50
1587592206, 0, 361, 443, 372, 15, 1.46%, 0, 0, 5, 460.88
1587592222, 0, 361, 444, 373, 15, 1.46%, 0, 0, 5, 466.42
1587592242, 0, 363, 444, 372, 15, 1.46%, 0, 0, 5, 469.18
1587592257, 0, 363, 446, 374, 15, 1.46%, 0, 0, 5, 486.08
1587592262, 0, 363, 447, 375, 15, 1.48%, 0, 0, 5, 486.86
1587592267, 0, 363, 448, 376, 15, 1.48%, 0, 0, 5, 485.88
1587592272, 0, 363, 450, 378, 15, 1.48%, 0, 0, 5, 476.62
1587592282, 0, 363, 451, 379, 15, 1.48%, 0, 0, 5, 485.30
1587592288, 0, 363, 452, 380, 15, 1.48%, 0, 0, 5, 492.03
1587592308, 0, 363, 455, 383, 15, 1.48%, 0, 0, 5, 469.20
1587592328, 0, 364, 455, 382, 16, 1.48%, 0, 0, 5, 473.74
1587592343, 0, 372, 455, 381, 15, 1.48%, 0, 0, 5, 478.86
1587592384, 0, 372, 457, 383, 15, 1.48%, 0, 0, 6, 417.03
1587592399, 0, 380, 459, 384, 14, 1.48%, 0, 0, 6, 448.93
1587592430, 0, 380, 460, 385, 14, 1.48%, 0, 0, 6, 434.70
1587592445, 0, 380, 461, 386, 14, 1.48%, 0, 0, 6, 419.55
1587592450, 0, 380, 466, 391, 14, 1.49%, 0, 0, 6, 431.96
1587592455, 0, 380, 468, 393, 14, 1.49%, 0, 0, 6, 444.29
1587592465, 0, 380, 469, 394, 14, 1.49%, 0, 0, 6, 443.84
1587592470, 0, 380, 470, 395, 14, 1.49%, 0, 0, 6, 443.65
1587592481, 0, 380, 471, 396, 14, 1.49%, 0, 0, 6, 453.57
1587592486, 0, 380, 472, 397, 14, 1.49%, 0, 0, 6, 457.31
1587592496, 0, 380, 473, 398, 14, 1.49%, 0, 0, 6, 440.01
1587592501, 0, 385, 474, 398, 15, 1.49%, 0, 0, 6, 430.35
1587592572, 0, 385, 475, 399, 15, 1.49%, 0, 0, 6, 451.96
1587592577, 0, 385, 476, 400, 15, 1.49%, 0, 0, 6, 437.86
1587592582, 0, 385, 477, 401, 15, 1.49%, 0, 0, 6, 451.68
1587592587, 0, 385, 478, 402, 15, 1.50%, 0, 0, 6, 443.20
1587592592, 0, 385, 480, 404, 15, 1.50%, 0, 0, 6, 444.26
1587592607, 0, 385, 481, 405, 15, 1.50%, 0, 0, 6, 447.48
1587592642, 0, 386, 481, 404, 19, 1.50%, 0, 0, 6, 440.28
1587592704, 0, 388, 481, 403, 18, 1.50%, 0, 0, 6, 460.73
1587592709, 0, 388, 482, 404, 18, 1.50%, 0, 0, 6, 468.23
1587592760, 0, 388, 483, 405, 18, 1.50%, 0, 0, 6, 416.00
1587592775, 0, 400, 483, 404, 18, 1.50%, 0, 0, 6, 442.48
1587592831, 0, 400, 488, 409, 18, 1.51%, 0, 0, 6, 459.03
1587592836, 0, 400, 489, 410, 18, 1.51%, 0, 0, 6, 444.71
1587592846, 0, 400, 490, 411, 18, 1.51%, 0, 0, 6, 445.52
1587592851, 0, 400, 491, 412, 18, 1.51%, 0, 0, 6, 456.21
1587592856, 0, 400, 492, 413, 18, 1.51%, 0, 0, 6, 422.68
1587592881, 0, 400, 493, 414, 18, 1.51%, 0, 0, 6, 392.65
1587592891, 0, 400, 495, 416, 18, 1.51%, 0, 0, 6, 455.21
1587592906, 0, 414, 495, 415, 17, 1.51%, 0, 0, 6, 435.78
1587592982, 0, 414, 496, 416, 17, 1.51%, 0, 0, 6, 443.46
1587592987, 0, 414, 497, 417, 17, 1.51%, 0, 0, 6, 444.36
1587592997, 0, 421, 497, 416, 16, 1.51%, 0, 0, 6, 375.58
1587593033, 0, 426, 497, 415, 15, 1.51%, 0, 0, 6, 445.87
1587593089, 0, 426, 498, 416, 15, 1.51%, 0, 0, 6, 429.89
1587593094, 0, 426, 499, 417, 15, 1.51%, 0, 0, 6, 420.23
1587593109, 0, 429, 500, 417, 14, 1.51%, 0, 0, 6, 448.17
1587593155, 0, 429, 502, 419, 14, 1.51%, 0, 0, 6, 449.70
1587593165, 0, 429, 504, 421, 14, 1.51%, 0, 0, 6, 426.99
1587593175, 0, 429, 506, 423, 14, 1.52%, 0, 0, 6, 443.48
1587593221, 0, 429, 507, 424, 14, 1.52%, 0, 0, 6, 439.52
1587593231, 0, 437, 507, 423, 15, 1.52%, 0, 0, 6, 454.32
1587593276, 0, 437, 509, 425, 15, 1.52%, 0, 0, 6, 470.95
1587593281, 0, 437, 512, 428, 15, 1.53%, 0, 0, 6, 289.61
1587593287, 0, 437, 513, 429, 15, 1.53%, 0, 0, 6, 383.61
1587593292, 0, 437, 514, 430, 15, 1.53%, 0, 0, 6, 456.86
1587593297, 0, 437, 515, 431, 15, 1.53%, 0, 0, 6, 438.02
1587593322, 0, 437, 516, 432, 15, 1.53%, 0, 0, 6, 467.49
1587593343, 0, 437, 517, 433, 15, 1.53%, 0, 0, 6, 454.28
1587593353, 0, 446, 518, 433, 17, 1.53%, 0, 0, 6, 485.24
1587593368, 0, 446, 519, 434, 17, 1.53%, 0, 0, 6, 492.12
1587593373, 0, 446, 521, 436, 17, 1.54%, 0, 0, 6, 497.00
1587593388, 0, 446, 522, 437, 17, 1.54%, 0, 0, 6, 511.62
1587593394, 0, 446, 525, 440, 17, 1.54%, 0, 0, 6, 507.82
1587593399, 0, 446, 526, 441, 17, 1.54%, 0, 0, 6, 504.39
1587593429, 0, 446, 527, 442, 17, 1.54%, 0, 0, 6, 505.52
1587593434, 0, 461, 528, 442, 19, 1.54%, 0, 0, 6, 483.33
1587593439, 0, 461, 529, 443, 19, 1.54%, 0, 0, 7, 459.54
1587593485, 0, 461, 532, 446, 19, 1.55%, 0, 0, 7, 435.86
1587593490, 0, 461, 534, 448, 19, 1.55%, 0, 0, 7, 446.99
1587593495, 0, 461, 536, 450, 19, 1.55%, 0, 0, 7, 452.06
1587593505, 0, 461, 538, 452, 19, 1.55%, 0, 0, 7, 452.80
1587593520, 0, 461, 539, 453, 19, 1.55%, 0, 0, 7, 455.39
1587593526, 0, 461, 540, 454, 19, 1.55%, 0, 0, 7, 458.18
1587593541, 0, 475, 540, 453, 19, 1.55%, 0, 0, 7, 453.10
1587593571, 0, 475, 541, 454, 19, 1.55%, 0, 0, 7, 447.04
1587593627, 0, 475, 543, 456, 19, 1.56%, 0, 0, 7, 456.43
1587593637, 0, 475, 544, 457, 19, 1.56%, 0, 0, 7, 462.80
1587593642, 0, 475, 545, 458, 19, 1.56%, 0, 0, 7, 445.24
1587593667, 0, 475, 546, 459, 19, 1.56%, 0, 0, 7, 440.20
1587593677, 0, 475, 547, 460, 19, 1.56%, 0, 0, 7, 452.88
1587593698, 0, 476, 547, 459, 21, 1.56%, 0, 0, 7, 458.60
1587593758, 0, 476, 548, 460, 21, 1.56%, 0, 0, 7, 468.27
1587593768, 0, 480, 548, 459, 21, 1.56%, 0, 0, 7, 466.33
1587593784, 0, 480, 549, 460, 21, 1.56%, 0, 0, 7, 463.70
1587593839, 0, 480, 551, 462, 21, 1.56%, 0, 0, 7, 451.01
1587593859, 0, 481, 552, 462, 21, 1.56%, 0, 0, 7, 414.60
1587593864, 0, 481, 554, 464, 21, 1.56%, 0, 0, 7, 444.64
1587593869, 0, 481, 556, 466, 21, 1.56%, 0, 0, 7, 455.51
1587593900, 0, 481, 557, 467, 21, 1.56%, 0, 0, 7, 465.80
1587593915, 0, 481, 567, 477, 21, 1.56%, 0, 0, 7, 465.68
1587593920, 0, 481, 568, 478, 21, 1.56%, 0, 0, 7, 463.83
1587593925, 0, 487, 568, 477, 22, 1.56%, 0, 0, 7, 452.45
1587593986, 0, 493, 568, 476, 21, 1.56%, 0, 0, 7, 469.82
1587594062, 0, 493, 571, 479, 21, 1.56%, 0, 0, 7, 441.53
1587594067, 0, 493, 573, 481, 21, 1.56%, 0, 0, 7, 438.38
1587594077, 0, 493, 576, 484, 21, 1.57%, 0, 0, 7, 443.35
1587594082, 0, 493, 578, 486, 21, 1.57%, 0, 0, 7, 445.21
1587594092, 0, 493, 579, 487, 21, 1.57%, 0, 0, 7, 451.41
1587594102, 0, 493, 581, 489, 21, 1.57%, 0, 0, 7, 442.86
1587594118, 0, 493, 583, 491, 21, 1.57%, 0, 0, 7, 435.06
1587594128, 0, 493, 584, 492, 21, 1.57%, 0, 0, 7, 447.27
1587594133, 0, 493, 585, 493, 21, 1.57%, 0, 0, 7, 451.21
1587594138, 0, 499, 585, 492, 23, 1.57%, 0, 0, 7, 436.38
1587594194, 0, 504, 585, 491, 22, 1.57%, 0, 0, 7, 416.58
1587594245, 0, 504, 586, 492, 22, 1.57%, 0, 0, 7, 439.10
1587594250, 0, 507, 586, 491, 22, 1.57%, 0, 0, 7, 453.37
1587594301, 0, 508, 586, 490, 21, 1.57%, 0, 0, 7, 460.61
1587594352, 0, 508, 587, 491, 21, 1.57%, 0, 0, 7, 460.63
1587594362, 0, 508, 588, 492, 21, 1.58%, 0, 0, 7, 463.96
1587594377, 0, 514, 588, 491, 21, 1.58%, 0, 0, 7, 455.62
1587594443, 0, 514, 590, 493, 21, 1.58%, 0, 0, 7, 429.34
1587594448, 0, 514, 595, 498, 21, 1.59%, 0, 0, 7, 434.18
1587594453, 0, 514, 596, 499, 21, 1.59%, 0, 0, 7, 432.76
1587594469, 0, 514, 598, 501, 21, 1.59%, 0, 0, 7, 438.85
1587594474, 0, 514, 599, 502, 21, 1.59%, 0, 0, 7, 428.34
1587594520, 0, 519, 601, 503, 21, 1.59%, 0, 0, 7, 474.56
1587594545, 0, 519, 602, 504, 21, 1.59%, 0, 0, 7, 475.83
1587594550, 0, 519, 603, 505, 21, 1.59%, 0, 0, 7, 478.82
1587594555, 0, 519, 604, 506, 21, 1.59%, 0, 0, 7, 480.40
1587594571, 0, 519, 605, 507, 21, 1.59%, 0, 0, 7, 487.01
1587594596, 0, 519, 606, 508, 21, 1.59%, 0, 0, 7, 502.48
1587594601, 0, 519, 607, 509, 21, 1.59%, 0, 0, 7, 481.86
1587594617, 0, 521, 607, 508, 21, 1.59%, 0, 0, 7, 478.12
1587594647, 0, 521, 608, 509, 21, 1.59%, 0, 0, 7, 458.71
1587594652, 0, 526, 609, 509, 20, 1.59%, 0, 0, 7, 480.35
1587594657, 0, 526, 610, 510, 20, 1.59%, 0, 0, 7, 487.93
1587594673, 0, 526, 611, 511, 20, 1.59%, 0, 0, 7, 486.22
1587594678, 0, 532, 611, 510, 19, 1.59%, 0, 0, 7, 479.22
1587594683, 0, 532, 612, 511, 19, 1.59%, 0, 0, 8, 447.41
1587594728, 0, 532, 613, 512, 19, 1.59%, 0, 0, 8, 444.12
1587594738, 0, 532, 614, 513, 19, 1.59%, 0, 0, 8, 456.16
1587594754, 0, 532, 616, 515, 19, 1.59%, 0, 0, 8, 445.86
1587594764, 0, 532, 617, 516, 19, 1.59%, 0, 0, 8, 444.61
1587594769, 0, 532, 618, 517, 19, 1.59%, 0, 0, 8, 454.66
1587594784, 0, 541, 618, 516, 18, 1.59%, 0, 0, 8, 444.62
1587594890, 0, 543, 618, 515, 17, 1.59%, 0, 0, 8, 454.73
1587594921, 0, 543, 619, 516, 17, 1.59%, 0, 0, 8, 468.86
1587594976, 0, 545, 619, 515, 17, 1.59%, 0, 0, 8, 449.73
1587595012, 0, 545, 620, 516, 17, 1.59%, 0, 0, 8, 440.73
1587595104, 0, 547, 620, 515, 16, 1.59%, 0, 0, 8, 423.04
1587595174, 0, 549, 620, 514, 15, 1.59%, 0, 0, 8, 459.76
1587595255, 0, 554, 620, 513, 14, 1.59%, 0, 0, 8, 473.33
1587595317, 0, 562, 620, 512, 14, 1.59%, 0, 0, 8, 455.87
1587595388, 0, 569, 620, 511, 13, 1.59%, 0, 0, 8, 428.55
1587595464, 0, 570, 620, 510, 12, 1.59%, 0, 0, 8, 448.11
1587595551, 0, 574, 620, 509, 11, 1.59%, 0, 0, 8, 451.07
1587595636, 0, 574, 621, 510, 11, 1.59%, 0, 0, 8, 456.36
1587595641, 0, 579, 621, 509, 11, 1.59%, 0, 0, 8, 454.98
1587595723, 0, 579, 622, 510, 11, 1.59%, 0, 0, 8, 460.32
1587595733, 0, 585, 622, 509, 10, 1.59%, 0, 0, 8, 441.32
1587595789, 0, 585, 624, 511, 10, 1.60%, 0, 0, 8, 433.79
1587595810, 0, 587, 625, 511, 10, 1.60%, 0, 0, 8, 443.64
1587595866, 0, 587, 626, 512, 10, 1.60%, 0, 0, 8, 429.96
1587595871, 0, 593, 626, 511, 9, 1.60%, 0, 0, 8, 433.84
1587595946, 0, 593, 628, 513, 9, 1.61%, 0, 0, 8, 409.85
1587595951, 0, 593, 630, 515, 9, 1.61%, 0, 0, 8, 416.94
1587595957, 0, 593, 631, 516, 9, 1.61%, 0, 0, 8, 420.17
1587595967, 0, 593, 632, 517, 9, 1.61%, 0, 0, 8, 424.76
1587595998, 0, 593, 633, 518, 9, 1.61%, 0, 0, 8, 430.12
1587596003, 0, 593, 634, 519, 9, 1.61%, 0, 0, 8, 435.13
1587596013, 0, 593, 635, 520, 9, 1.61%, 0, 0, 8, 441.60
1587596023, 0, 599, 635, 519, 10, 1.61%, 0, 0, 8, 453.78
1587596059, 0, 609, 635, 518, 9, 1.61%, 0, 0, 8, 486.52
1587596079, 0, 618, 635, 517, 8, 1.61%, 0, 0, 8, 481.75
1587596170, 0, 620, 635, 516, 7, 1.61%, 0, 0, 8, 453.52
1587596206, 0, 620, 636, 517, 7, 1.61%, 0, 0, 9, 451.01
1587596282, 0, 620, 637, 518, 7, 1.61%, 0, 0, 9, 427.33
1587596287, 0, 620, 638, 519, 7, 1.61%, 0, 0, 9, 377.55
1587596292, 0, 620, 640, 521, 7, 1.62%, 0, 0, 9, 429.80
1587596297, 0, 620, 641, 522, 7, 1.62%, 0, 0, 9, 435.53
1587596307, 0, 620, 642, 523, 7, 1.62%, 0, 0, 9, 445.63
1587596322, 0, 620, 643, 524, 7, 1.62%, 0, 0, 9, 440.85
1587596343, 0, 622, 644, 524, 10, 1.62%, 0, 0, 9, 395.82
1587596444, 0, 622, 645, 525, 10, 1.62%, 0, 0, 9, 297.11
1587596449, 0, 622, 646, 526, 10, 1.62%, 0, 0, 9, 289.34
1587596464, 0, 622, 648, 528, 10, 1.63%, 0, 0, 9, 295.82
1587596475, 0, 622, 649, 529, 10, 1.63%, 0, 0, 9, 308.48
1587596500, 0, 622, 650, 530, 10, 1.63%, 0, 0, 9, 410.00
1587596515, 0, 624, 650, 529, 10, 1.63%, 0, 0, 9, 429.23
1587596582, 0, 624, 651, 530, 10, 1.63%, 0, 0, 9, 424.38
1587596592, 0, 626, 651, 529, 10, 1.63%, 0, 0, 9, 382.22
1587596597, 0, 626, 652, 530, 10, 1.63%, 0, 0, 9, 428.61
1587596668, 0, 626, 653, 531, 10, 1.63%, 0, 0, 9, 435.21
1587596678, 0, 635, 653, 530, 10, 1.63%, 0, 0, 9, 440.54
1587596794, 0, 635, 654, 531, 10, 1.63%, 0, 0, 10, 427.33
1587596799, 0, 635, 655, 532, 10, 1.63%, 0, 0, 10, 444.08
1587596810, 0, 635, 658, 535, 10, 1.63%, 0, 0, 10, 443.47
1587596820, 0, 635, 659, 536, 10, 1.63%, 0, 0, 10, 438.11
1587596830, 0, 635, 660, 537, 10, 1.63%, 0, 0, 10, 432.69
1587596850, 0, 638, 660, 536, 10, 1.63%, 0, 0, 10, 442.31
1587596988, 0, 638, 661, 537, 10, 1.63%, 0, 0, 10, 424.84
1587596998, 0, 639, 661, 536, 10, 1.63%, 0, 0, 10, 434.84
1587597146, 0, 639, 663, 538, 10, 1.63%, 0, 0, 10, 435.61
1587597172, 0, 641, 663, 537, 10, 1.63%, 0, 0, 10, 419.77
1587597182, 0, 641, 664, 538, 10, 1.63%, 0, 0, 10, 413.94
1587597300, 0, 641, 666, 540, 10, 1.63%, 0, 0, 10, 435.97
1587597305, 0, 641, 667, 541, 10, 1.63%, 0, 0, 10, 432.35
1587597315, 0, 641, 668, 542, 10, 1.63%, 0, 0, 10, 440.86
1587597320, 0, 641, 669, 543, 10, 1.63%, 0, 0, 10, 433.58
1587597331, 0, 641, 670, 544, 10, 1.63%, 0, 0, 10, 433.86
1587597351, 0, 641, 671, 545, 10, 1.63%, 0, 0, 10, 440.72
1587597356, 0, 643, 671, 544, 11, 1.63%, 0, 0, 10, 429.87
1587597438, 0, 649, 674, 546, 10, 1.63%, 0, 0, 10, 408.35
1587597530, 0, 649, 676, 548, 10, 1.63%, 0, 0, 10, 409.11
1587597535, 0, 649, 680, 552, 10, 1.63%, 0, 0, 10, 416.20
1587597540, 0, 649, 684, 556, 10, 1.63%, 0, 0, 10, 410.82
1587597545, 0, 649, 686, 558, 10, 1.63%, 0, 0, 10, 405.36
1587597550, 0, 649, 687, 559, 10, 1.63%, 0, 0, 10, 413.72
1587597555, 0, 649, 688, 560, 10, 1.63%, 0, 0, 10, 411.02
1587597560, 0, 649, 689, 561, 10, 1.63%, 0, 0, 10, 411.01
1587597590, 0, 650, 690, 561, 10, 1.63%, 0, 0, 10, 406.37
1587597662, 0, 650, 692, 563, 10, 1.63%, 0, 0, 10, 441.33
1587597687, 0, 651, 692, 562, 9, 1.63%, 0, 0, 10, 433.81
1587597763, 0, 651, 693, 563, 9, 1.63%, 0, 0, 10, 446.85
1587597773, 0, 653, 693, 562, 10, 1.63%, 0, 0, 10, 432.35
1587597905, 0, 660, 693, 561, 9, 1.63%, 0, 0, 10, 429.05
1587597951, 0, 660, 694, 562, 9, 1.63%, 0, 0, 11, 428.04
1587598053, 0, 660, 696, 564, 9, 1.63%, 0, 0, 11, 431.45
1587598059, 0, 660, 697, 565, 9, 1.63%, 0, 0, 11, 437.22
1587598109, 0, 662, 697, 564, 8, 1.63%, 0, 0, 11, 425.59
1587598120, 0, 662, 698, 565, 8, 1.63%, 0, 0, 11, 425.80
1587598293, 0, 662, 699, 566, 8, 1.63%, 0, 0, 11, 410.31
1587598299, 0, 662, 701, 568, 8, 1.63%, 0, 0, 11, 377.11
1587598319, 0, 662, 702, 569, 8, 1.63%, 0, 0, 11, 421.91
1587598345, 0, 662, 703, 570, 8, 1.63%, 0, 0, 11, 409.24
1587598350, 0, 670, 703, 569, 7, 1.63%, 0, 0, 11, 406.80
1587598499, 0, 670, 704, 570, 7, 1.63%, 0, 0, 11, 431.37
1587598509, 0, 671, 704, 569, 6, 1.63%, 0, 0, 11, 413.62
1587598610, 0, 692, 704, 568, 5, 1.63%, 0, 0, 11, 413.44
1587598692, 0, 692, 708, 572, 5, 1.63%, 0, 0, 11, 414.78
1587598733, 1, 19, 708, 571, 4, 1.63%, 0, 0, 11, 467.64
1587598748, 1, 32, 708, 570, 4, 1.63%, 0, 0, 11, 499.61
1587598769, 1, 85, 708, 568, 3, 1.63%, 0, 0, 11, 502.83
1587598794, 1, 107, 708, 567, 3, 1.63%, 0, 0, 11, 457.88
1587598829, 1, 107, 711, 570, 3, 1.63%, 0, 0, 11, 477.16
1587598845, 1, 171, 711, 569, 3, 1.63%, 0, 0, 11, 420.95
1587598927, 1, 171, 713, 571, 3, 1.63%, 0, 0, 11, 381.95
1587598932, 1, 171, 716, 574, 3, 1.63%, 0, 0, 11, 401.96
1587598958, 1, 171, 717, 575, 3, 1.63%, 0, 0, 11, 406.11
1587598963, 1, 171, 718, 576, 3, 1.63%, 0, 0, 11, 396.91
1587598983, 1, 171, 719, 577, 3, 1.63%, 0, 0, 11, 405.93
1587599013, 1, 309, 719, 576, 3, 1.63%, 0, 0, 11, 455.62
1587599044, 1, 309, 720, 577, 3, 1.63%, 0, 0, 11, 488.52
1587599049, 1, 494, 720, 576, 2, 1.63%, 0, 0, 11, 454.12
1587599115, 1, 494, 725, 581, 2, 1.63%, 0, 0, 11, 462.82
1587599130, 1, 494, 726, 582, 2, 1.63%, 0, 0, 11, 466.62
1587599135, 1, 494, 727, 583, 2, 1.63%, 0, 0, 11, 453.39
1587599141, 1, 494, 729, 585, 2, 1.63%, 0, 0, 11, 471.68
1587599151, 1, 494, 731, 587, 2, 1.63%, 0, 0, 11, 451.57
1587599156, 1, 494, 732, 588, 2, 1.63%, 0, 0, 11, 450.35
1587599161, 1, 494, 733, 589, 2, 1.63%, 0, 0, 11, 461.06
1587599166, 1, 494, 735, 591, 2, 1.63%, 0, 0, 11, 464.18
1587599171, 1, 494, 736, 592, 2, 1.63%, 0, 0, 11, 458.78
1587599177, 1, 494, 737, 593, 2, 1.63%, 0, 0, 11, 469.17
1587599187, 1, 497, 737, 592, 2, 1.63%, 0, 0, 11, 438.33
1587599228, 1, 497, 739, 594, 2, 1.63%, 0, 0, 11, 439.77
1587599233, 1, 497, 740, 595, 2, 1.64%, 0, 0, 11, 450.51
1587599238, 1, 497, 741, 596, 2, 1.64%, 0, 0, 11, 464.41
1587599253, 1, 497, 742, 597, 2, 1.64%, 0, 0, 11, 466.34
1587599279, 1, 497, 743, 598, 2, 1.64%, 0, 0, 11, 458.25
1587599284, 1, 497, 744, 599, 2, 1.64%, 0, 0, 11, 458.56
1587599289, 1, 497, 745, 600, 2, 1.64%, 0, 0, 11, 192.71
1587599304, 1, 588, 745, 599, 3, 1.64%, 0, 0, 11, 443.12
1587599370, 1, 588, 750, 604, 3, 1.64%, 0, 0, 11, 443.63
1587599375, 1, 588, 752, 606, 3, 1.64%, 0, 0, 11, 445.50
1587599385, 1, 588, 754, 608, 3, 1.64%, 0, 0, 11, 445.63
1587599390, 1, 588, 756, 610, 3, 1.64%, 0, 0, 11, 433.50
1587599396, 1, 588, 760, 614, 3, 1.64%, 0, 0, 11, 436.67
1587599426, 1, 588, 761, 615, 3, 1.64%, 0, 0, 11, 451.38
1587599431, 1, 588, 764, 618, 3, 1.64%, 0, 0, 11, 450.01
1587599436, 1, 588, 765, 619, 3, 1.64%, 0, 0, 11, 443.95
1587599446, 1, 598, 765, 618, 2, 1.64%, 0, 0, 11, 459.96
1587599482, 1, 598, 768, 621, 2, 1.64%, 0, 0, 11, 473.24
1587599502, 1, 598, 771, 624, 2, 1.64%, 0, 0, 11, 485.96
1587599548, 1, 601, 771, 623, 1, 1.64%, 0, 0, 11, 460.22
1587599584, 1, 601, 773, 625, 1, 1.64%, 0, 0, 11, 446.33
1587599589, 1, 601, 774, 626, 1, 1.64%, 0, 0, 11, 413.06
1587599594, 1, 601, 777, 629, 1, 1.64%, 0, 0, 11, 441.94
1587599604, 1, 601, 778, 630, 1, 1.64%, 0, 0, 11, 452.09
1587599609, 1, 601, 780, 632, 1, 1.64%, 0, 0, 11, 469.97
1587599615, 1, 601, 781, 633, 1, 1.64%, 0, 0, 11, 458.60
1587599630, 1, 601, 783, 635, 1, 1.64%, 0, 0, 11, 476.48
1587599635, 1, 601, 784, 636, 1, 1.64%, 0, 0, 11, 478.85
1587599645, 1, 601, 785, 637, 1, 1.64%, 0, 0, 11, 469.51
1587599650, 1, 601, 786, 638, 1, 1.64%, 0, 0, 11, 465.22
1587599656, 1, 640, 786, 637, 1, 1.64%, 0, 0, 11, 443.50
1587599779, 1, 640, 787, 638, 1, 1.64%, 0, 0, 11, 433.11
1587599784, 1, 640, 788, 639, 1, 1.64%, 0, 0, 11, 448.14
1587599794, 1, 640, 790, 641, 1, 1.64%, 0, 0, 11, 442.36
1587599819, 1, 640, 791, 642, 1, 1.64%, 0, 0, 11, 431.10
1587599829, 1, 689, 792, 642, 1, 1.64%, 0, 0, 11, 436.41
1587599835, 1, 689, 793, 643, 1, 1.64%, 0, 0, 11, 396.48
1587599953, 1, 689, 796, 646, 1, 1.64%, 0, 0, 11, 379.00
1587599958, 1, 689, 799, 649, 1, 1.64%, 0, 0, 11, 384.91
1587599963, 1, 689, 801, 651, 1, 1.64%, 0, 0, 11, 401.10
1587599968, 1, 689, 803, 653, 1, 1.64%, 0, 0, 11, 396.36
1587599973, 1, 689, 804, 654, 1, 1.64%, 0, 0, 11, 400.28
1587599978, 1, 689, 805, 655, 1, 1.64%, 0, 0, 11, 404.73
1587599988, 1, 689, 806, 656, 1, 1.64%, 0, 0, 11, 404.96
1587599994, 1, 689, 808, 658, 1, 1.64%, 0, 0, 11, 395.38
1587599999, 1, 689, 809, 659, 1, 1.64%, 0, 0, 11, 400.67
1587600005, 1, 689, 811, 661, 1, 1.64%, 0, 0, 11, 35.59
1587600025, 1, 724, 811, 660, 1, 1.64%, 0, 0, 11, 353.29
1587600178, 1, 724, 812, 661, 1, 1.64%, 0, 0, 11, 368.04
1587600183, 1, 724, 814, 663, 1, 1.64%, 0, 0, 11, 369.65
1587600189, 1, 724, 815, 664, 1, 1.64%, 0, 0, 11, 37.15
1587600210, 1, 724, 816, 665, 1, 1.64%, 0, 0, 11, 391.92
1587600240, 1, 724, 817, 666, 1, 1.64%, 0, 0, 11, 376.76
1587600266, 1, 739, 817, 665, 1, 1.64%, 0, 0, 11, 348.73
1587600385, 1, 740, 817, 664, 0, 1.64%, 0, 0, 11, 346.01
1587600456, 1, 740, 818, 665, 0, 1.64%, 0, 0, 11, 377.40
1587600481, 1, 763, 818, 664, 0, 1.64%, 0, 0, 11, 361.37
1587600660, 1, 763, 819, 665, 0, 1.65%, 0, 0, 11, 309.31
1587600680, 1, 763, 821, 667, 0, 1.65%, 0, 0, 11, 344.25
1587600685, 1, 763, 822, 668, 0, 1.65%, 0, 0, 11, 359.50
1587600690, 1, 763, 825, 671, 0, 1.65%, 0, 0, 11, 365.29
1587600701, 1, 763, 826, 672, 0, 1.65%, 0, 0, 11, 210.83
1587600711, 1, 763, 827, 673, 0, 1.65%, 0, 0, 11, 344.65
1587600746, 1, 818, 827, 672, 1, 1.65%, 0, 0, 11, 347.03
1587600934, 1, 818, 828, 673, 1, 1.65%, 0, 0, 11, 342.34
1587600955, 1, 827, 828, 672, 1, 1.65%, 0, 0, 11, 336.46
1587601137, 1, 827, 829, 673, 1, 1.65%, 0, 0, 11, 324.65
1587601158, 1, 827, 832, 676, 1, 1.65%, 0, 0, 11, 340.92
1587601163, 1, 827, 833, 677, 1, 1.65%, 0, 0, 11, 335.05
1587601168, 1, 827, 834, 678, 1, 1.65%, 0, 0, 11, 312.62
1587601173, 1, 827, 835, 679, 1, 1.66%, 0, 0, 11, 313.13
1587601193, 1, 827, 836, 680, 1, 1.66%, 0, 0, 11, 298.90
1587601204, 1, 827, 838, 682, 1, 1.66%, 0, 0, 11, 322.65
1587601214, 1, 834, 838, 681, 1, 1.66%, 0, 0, 11, 305.10
1587601489, 1, 834, 839, 682, 1, 1.66%, 0, 0, 12, 325.26
1587601509, 1, 834, 840, 683, 1, 1.66%, 0, 0, 12, 325.31
1587601545, 1, 839, 840, 682, 1, 1.66%, 0, 0, 12, 305.56
1587601814, 1, 839, 841, 683, 1, 1.66%, 0, 0, 13, 309.51
1587601819, 1, 839, 842, 684, 1, 1.66%, 0, 0, 13, 321.60
1587601885, 1, 840, 842, 683, 1, 1.66%, 0, 0, 13, 282.68
1587602181, 2, 2, 842, 682, 0, 1.66%, 0, 0, 13, 434.91
1587602196, 2, 2, 845, 685, 0, 1.66%, 0, 0, 13, 365.99
1587602206, 2, 2, 846, 686, 0, 1.66%, 0, 0, 13, 373.92
1587602211, 2, 2, 847, 687, 0, 1.66%, 0, 0, 13, 313.60
1587602303, 2, 91, 847, 686, 1, 1.66%, 0, 0, 13, 359.58
1587602343, 2, 102, 847, 685, 1, 1.66%, 0, 0, 13, 281.31
1587602384, 2, 412, 847, 684, 1, 1.66%, 0, 0, 13, 346.99
1587602465, 2, 515, 847, 683, 1, 1.66%, 0, 0, 13, 346.43
1587602536, 2, 515, 850, 686, 1, 1.66%, 0, 0, 13, 358.26
1587602551, 2, 515, 851, 687, 1, 1.66%, 0, 0, 13, 366.98
1587602567, 2, 515, 852, 688, 1, 1.66%, 0, 0, 13, 390.00
1587602617, 2, 515, 854, 690, 1, 1.66%, 0, 0, 13, 373.50
1587602622, 2, 541, 855, 690, 1, 1.66%, 0, 0, 13, 381.12
1587602627, 2, 842, 855, 690, 1, 1.66%, 0, 0, 13, 177.24
1587603594, 2, 849, 855, 689, 0, 1.66%, 0, 0, 13, 107.13
1587615087, 2, 849, 858, 692, 0, 1.66%, 0, 0, 13, 68.62
1587615092, 2, 849, 860, 694, 0, 1.66%, 0, 0, 13, 79.90
1587615097, 2, 849, 861, 695, 0, 1.66%, 0, 0, 13, 77.31
1587615102, 2, 849, 864, 698, 0, 1.66%, 0, 0, 13, 78.98
1587615108, 2, 849, 866, 700, 0, 1.66%, 0, 0, 13, 74.84
1587615113, 2, 849, 869, 703, 0, 1.66%, 0, 0, 13, 74.83
1587615118, 2, 849, 870, 704, 0, 1.66%, 0, 0, 13, 72.78
1587615123, 2, 849, 871, 705, 0, 1.66%, 0, 0, 13, 74.36
1587615129, 2, 849, 872, 706, 0, 1.66%, 0, 0, 13, 77.74
1587615139, 2, 849, 873, 707, 0, 1.66%, 0, 0, 13, 76.17
1587615154, 2, 849, 874, 708, 0, 1.66%, 0, 0, 13, 78.39
1587615165, 2, 849, 876, 710, 0, 1.66%, 0, 0, 13, 77.21
1587615200, 2, 849, 877, 711, 0, 1.66%, 0, 0, 13, 73.52
1587615205, 2, 849, 878, 712, 0, 1.66%, 0, 0, 13, 75.53
1587615275, 2, 849, 879, 713, 0, 1.66%, 0, 0, 13, 77.46
1587615296, 2, 849, 880, 714, 0, 1.66%, 0, 0, 13, 79.56
1587615301, 2, 849, 881, 715, 0, 1.66%, 0, 0, 13, 79.20
1587615311, 2, 849, 882, 716, 0, 1.66%, 0, 0, 13, 80.62
1587615342, 2, 849, 883, 717, 0, 1.66%, 0, 0, 13, 78.26
1587615358, 2, 849, 884, 718, 0, 1.66%, 0, 0, 13, 74.19
1587615462, 2, 849, 885, 719, 0, 1.66%, 0, 0, 13, 26.29
1587615494, 2, 849, 886, 720, 0, 1.66%, 0, 0, 13, 76.35
1587615565, 2, 850, 886, 719, 0, 1.66%, 0, 0, 13, 154.06
1587616718, 2, 850, 890, 723, 0, 1.66%, 0, 0, 13, 219.73
1587616724, 2, 850, 892, 725, 0, 1.66%, 0, 0, 13, 222.86
1587616729, 2, 850, 893, 726, 0, 1.66%, 0, 0, 13, 227.50
1587616739, 2, 850, 895, 728, 0, 1.66%, 0, 0, 13, 222.88
1587616744, 2, 850, 896, 729, 0, 1.66%, 0, 0, 13, 212.83
1587616754, 2, 850, 897, 730, 0, 1.66%, 0, 0, 13, 229.91
1587616764, 2, 850, 898, 731, 0, 1.66%, 0, 0, 13, 235.15
1587616769, 2, 850, 899, 732, 0, 1.66%, 0, 0, 13, 224.41
1587616784, 2, 850, 901, 734, 0, 1.66%, 0, 0, 13, 231.55
1587616790, 2, 850, 902, 735, 0, 1.66%, 0, 0, 13, 225.25
1587616795, 2, 850, 904, 737, 0, 1.66%, 0, 0, 13, 233.55
1587616800, 2, 850, 905, 738, 0, 1.66%, 0, 0, 13, 233.89
1587616815, 2, 850, 906, 739, 0, 1.66%, 0, 0, 13, 228.58
1587616820, 2, 850, 908, 741, 0, 1.67%, 0, 0, 13, 219.00
1587616825, 2, 906, 908, 740, 2, 1.67%, 0, 0, 13, 158.58
1587616846, 2, 906, 910, 742, 2, 1.67%, 0, 0, 13, 77.49
1587616882, 2, 906, 912, 744, 2, 1.67%, 0, 0, 13, 75.83
1587617015, 2, 906, 913, 745, 2, 1.67%, 0, 0, 13, 77.69
1587617247, 2, 906, 914, 746, 2, 1.67%, 0, 0, 13, 75.98
1587626669, 2, 906, 915, 747, 2, 1.67%, 0, 0, 13, 75.97
1587627585, 2, 906, 916, 748, 2, 1.67%, 0, 0, 13, 77.54
1587627776, 2, 906, 917, 749, 2, 1.67%, 0, 0, 13, 75.60
1587627849, 2, 906, 918, 750, 2, 1.67%, 0, 0, 13, 78.01
1587628357, 2, 906, 919, 751, 2, 1.67%, 0, 0, 13, 78.19
1587628372, 2, 906, 920, 752, 2, 1.67%, 0, 0, 13, 80.81
1587628475, 2, 906, 921, 753, 2, 1.67%, 0, 0, 13, 78.36
1587628480, 2, 906, 935, 767, 2, 1.67%, 0, 0, 13, 87.36
1587628485, 2, 906, 936, 768, 2, 1.67%, 0, 0, 13, 90.70
1587628490, 2, 906, 938, 770, 2, 1.67%, 0, 0, 13, 89.32
1587628495, 2, 906, 939, 771, 2, 1.67%, 0, 0, 13, 92.07
1587628500, 2, 906, 941, 773, 2, 1.67%, 0, 0, 13, 96.30
1587628506, 2, 906, 942, 774, 2, 1.67%, 0, 0, 13, 89.81
1587628511, 2, 906, 943, 775, 2, 1.67%, 0, 0, 13, 93.94
1587628516, 2, 906, 945, 777, 2, 1.67%, 0, 0, 13, 95.71
1587628526, 2, 906, 947, 779, 2, 1.67%, 0, 0, 13, 95.85
1587628557, 2, 906, 948, 780, 2, 1.67%, 0, 0, 13, 87.36
1587628706, 2, 906, 949, 781, 2, 1.67%, 0, 0, 13, 95.10
1587628747, 2, 916, 949, 780, 3, 1.67%, 0, 0, 13, 90.92
1587628767, 2, 916, 950, 781, 3, 1.67%, 0, 0, 13, 83.00
1587629096, 2, 916, 952, 783, 3, 1.67%, 0, 0, 13, 84.95
1587639206, 2, 916, 953, 784, 3, 1.67%, 0, 0, 13, 74.87
1587639890, 2, 916, 956, 787, 3, 1.67%, 0, 0, 13, 89.72
1587639895, 2, 916, 958, 789, 3, 1.67%, 0, 0, 13, 95.33
1587639905, 2, 916, 959, 790, 3, 1.67%, 0, 0, 13, 91.34
1587639910, 2, 916, 960, 791, 3, 1.67%, 0, 0, 13, 95.57
1587639931, 2, 916, 962, 793, 3, 1.67%, 0, 0, 13, 95.72
1587639936, 2, 916, 963, 794, 3, 1.67%, 0, 0, 13, 92.14
1587639951, 2, 916, 964, 795, 3, 1.67%, 0, 0, 13, 90.30
1587639987, 2, 916, 965, 796, 3, 1.67%, 0, 0, 13, 97.65
1587639992, 2, 916, 966, 797, 3, 1.67%, 0, 0, 13, 97.05
1587640075, 2, 916, 967, 798, 3, 1.67%, 0, 0, 13, 93.05
1587640091, 2, 936, 967, 797, 3, 1.67%, 0, 0, 13, 76.83
1587656297, 2, 936, 968, 798, 3, 1.67%, 0, 0, 13, 67.06
1587656905, 2, 936, 969, 799, 3, 1.67%, 0, 0, 13, 78.21
1587656936, 2, 938, 969, 798, 3, 1.67%, 0, 0, 13, 85.42
1587663248, 2, 938, 972, 801, 3, 1.67%, 0, 0, 13, 114.81
1587663258, 2, 938, 973, 802, 3, 1.67%, 0, 0, 13, 115.19
1587663268, 2, 938, 974, 803, 3, 1.67%, 0, 0, 13, 116.56
1587663304, 2, 938, 975, 804, 3, 1.67%, 0, 0, 13, 117.16
1587663365, 2, 938, 976, 805, 3, 1.67%, 0, 0, 13, 119.36
1587663401, 2, 947, 976, 804, 2, 1.67%, 0, 0, 13, 118.27
1587663421, 2, 947, 977, 805, 2, 1.67%, 0, 0, 13, 105.17
1587668400, 2, 947, 978, 806, 2, 1.67%, 0, 0, 13, 104.01
1587668405, 2, 947, 982, 810, 2, 1.67%, 0, 0, 13, 112.63
1587668410, 2, 947, 983, 811, 2, 1.67%, 0, 0, 13, 115.96
1587668415, 2, 947, 985, 813, 2, 1.67%, 0, 0, 13, 110.91
1587668425, 2, 947, 987, 815, 2, 1.67%, 0, 0, 13, 122.35
1587668440, 2, 947, 988, 816, 2, 1.67%, 0, 0, 13, 117.65
1587668456, 2, 947, 989, 817, 2, 1.67%, 0, 0, 13, 118.41
1587668471, 2, 947, 990, 818, 2, 1.67%, 0, 0, 13, 120.78
1587668496, 2, 947, 991, 819, 2, 1.67%, 0, 0, 13, 123.74
1587668537, 2, 947, 992, 820, 2, 1.67%, 0, 0, 13, 116.87
1587668557, 2, 949, 992, 819, 1, 1.67%, 0, 0, 13, 96.46
