# unix_time, cycles_done, cur_path, paths_total, pending_total, pending_favs, map_size, unique_crashes, unique_hangs, max_depth, execs_per_sec
1587340100, 0, 0, 1, 1, 1, 0.83%, 0, 0, 1, 228.57
1587340106, 0, 0, 55, 55, 1, 1.69%, 0, 0, 2, 274.07
1587340111, 0, 0, 65, 65, 1, 1.70%, 0, 0, 2, 288.73
1587340116, 0, 0, 68, 68, 1, 1.70%, 0, 0, 2, 293.28
1587340121, 0, 0, 76, 76, 1, 1.72%, 0, 0, 2, 288.97
1587340126, 0, 0, 77, 77, 1, 1.72%, 0, 0, 2, 292.83
1587340131, 0, 0, 81, 81, 1, 1.73%, 0, 0, 2, 295.03
1587340137, 0, 0, 86, 86, 1, 1.73%, 0, 0, 2, 293.66
1587340142, 0, 0, 87, 87, 1, 1.73%, 0, 0, 2, 305.38
1587340147, 0, 0, 92, 92, 1, 1.73%, 0, 0, 2, 301.85
1587340152, 0, 0, 93, 93, 1, 1.73%, 0, 0, 2, 297.61
1587340157, 0, 0, 97, 97, 1, 1.74%, 0, 0, 2, 304.89
1587340162, 0, 0, 98, 98, 1, 1.74%, 0, 0, 2, 301.28
1587340167, 0, 0, 99, 99, 1, 1.74%, 0, 0, 2, 300.78
1587340182, 0, 0, 211, 211, 1, 1.78%, 0, 0, 2, 310.42
1587340187, 0, 0, 250, 250, 1, 1.82%, 0, 0, 2, 322.23
1587340193, 0, 0, 273, 273, 1, 1.82%, 0, 0, 2, 313.51
1587340198, 0, 0, 290, 290, 1, 1.89%, 0, 0, 2, 328.10
1587340203, 0, 0, 301, 301, 1, 1.93%, 0, 0, 2, 325.38
1587340208, 0, 0, 316, 316, 1, 1.95%, 0, 0, 2, 319.22
1587340213, 0, 0, 323, 323, 1, 1.95%, 0, 0, 2, 319.00
1587340218, 0, 0, 332, 332, 1, 1.96%, 0, 0, 2, 321.65
1587340223, 0, 0, 342, 342, 1, 1.96%, 0, 0, 2, 326.14
1587340228, 0, 0, 349, 349, 1, 1.98%, 0, 0, 2, 315.80
1587340233, 0, 0, 356, 356, 1, 1.99%, 0, 0, 2, 326.71
1587340238, 0, 0, 363, 363, 1, 2.00%, 0, 0, 2, 310.96
1587340243, 0, 0, 369, 369, 1, 2.03%, 0, 0, 2, 325.78
1587340248, 0, 0, 373, 373, 1, 2.03%, 0, 0, 2, 329.74
1587340253, 0, 0, 374, 374, 1, 2.03%, 0, 0, 2, 327.61
1587340258, 0, 0, 376, 376, 1, 2.03%, 0, 0, 2, 331.40
1587340264, 0, 0, 377, 377, 1, 2.03%, 0, 0, 2, 328.22
1587340269, 0, 0, 381, 381, 1, 2.04%, 0, 0, 2, 327.13
1587340274, 0, 0, 382, 382, 1, 2.04%, 0, 0, 2, 315.58
1587340279, 0, 0, 388, 388, 1, 2.05%, 0, 0, 2, 330.08
1587340284, 0, 0, 389, 389, 1, 2.06%, 0, 0, 2, 332.01
1587340289, 0, 12, 389, 388, 55, 2.06%, 0, 0, 2, 301.65
1587340309, 0, 12, 390, 389, 55, 2.06%, 0, 0, 3, 298.61
1587340365, 0, 48, 390, 388, 55, 2.06%, 0, 0, 3, 308.62
1587340431, 0, 48, 391, 389, 55, 2.06%, 0, 0, 3, 319.39
1587340436, 0, 48, 393, 391, 55, 2.06%, 0, 0, 3, 315.74
1587340441, 0, 48, 394, 392, 55, 2.06%, 0, 0, 3, 323.58
1587340446, 0, 48, 396, 394, 55, 2.06%, 0, 0, 3, 325.12
1587340451, 0, 48, 399, 397, 55, 2.06%, 0, 0, 3, 319.45
1587340456, 0, 48, 401, 399, 55, 2.06%, 0, 0, 3, 332.67
1587340461, 0, 48, 403, 401, 55, 2.06%, 0, 0, 3, 315.66
1587340476, 0, 48, 405, 403, 55, 2.06%, 0, 0, 3, 324.10
1587340481, 0, 48, 406, 404, 55, 2.06%, 0, 0, 3, 319.00
1587340486, 0, 48, 407, 405, 55, 2.06%, 0, 0, 3, 313.44
1587340492, 0, 48, 411, 409, 55, 2.07%, 0, 0, 3, 316.97
1587340502, 0, 48, 412, 410, 55, 2.07%, 0, 0, 3, 316.62
1587340507, 0, 48, 413, 411, 55, 2.07%, 0, 0, 3, 95.05
1587340512, 0, 48, 414, 412, 55, 2.07%, 0, 0, 3, 269.92
1587340517, 0, 48, 416, 414, 55, 2.07%, 0, 0, 3, 310.66
1587340522, 0, 48, 417, 415, 55, 2.07%, 0, 0, 3, 310.55
1587340527, 0, 48, 418, 416, 55, 2.07%, 0, 0, 3, 318.59
1587340532, 0, 48, 419, 417, 55, 2.07%, 0, 0, 3, 322.68
1587340538, 0, 63, 419, 416, 60, 2.07%, 0, 0, 3, 293.86
1587340569, 0, 63, 420, 417, 60, 2.07%, 0, 0, 3, 291.64
1587340620, 0, 96, 420, 416, 59, 2.07%, 0, 0, 3, 302.36
1587340646, 0, 96, 421, 417, 59, 2.07%, 0, 0, 3, 295.08
1587340697, 0, 96, 424, 420, 59, 2.07%, 0, 0, 3, 303.10
1587340702, 0, 96, 425, 421, 59, 2.08%, 0, 0, 3, 314.50
1587340707, 0, 96, 426, 422, 59, 2.08%, 0, 0, 3, 313.24
1587340713, 0, 96, 428, 424, 59, 2.08%, 0, 0, 3, 321.49
1587340723, 0, 96, 429, 425, 59, 2.08%, 0, 0, 3, 321.30
1587340728, 0, 96, 430, 426, 59, 2.08%, 0, 0, 3, 315.95
1587340738, 0, 96, 431, 427, 59, 2.13%, 0, 0, 3, 323.68
1587340743, 0, 96, 432, 428, 59, 2.13%, 0, 0, 3, 314.91
1587340748, 0, 96, 433, 429, 59, 2.14%, 0, 0, 3, 320.49
1587340753, 0, 96, 434, 430, 59, 2.14%, 0, 0, 3, 308.33
1587340759, 0, 96, 437, 433, 59, 2.14%, 0, 0, 3, 319.73
1587340764, 0, 96, 439, 435, 59, 2.14%, 0, 0, 3, 313.94
1587340769, 0, 96, 440, 436, 59, 2.14%, 0, 0, 3, 323.16
1587340794, 0, 96, 442, 438, 59, 2.14%, 0, 0, 3, 325.35
1587340799, 0, 118, 442, 435, 58, 2.14%, 0, 0, 3, 363.99
1587340804, 0, 150, 442, 434, 57, 2.14%, 0, 0, 3, 355.03
1587340810, 0, 169, 442, 432, 55, 2.14%, 0, 0, 3, 326.75
1587340845, 0, 172, 442, 431, 54, 2.14%, 0, 0, 3, 313.00
1587340850, 0, 172, 443, 432, 54, 2.14%, 0, 0, 3, 295.37
1587340922, 0, 186, 443, 431, 53, 2.14%, 0, 0, 3, 330.80
1587340937, 0, 186, 444, 432, 53, 2.14%, 0, 0, 3, 336.53
1587340982, 0, 186, 447, 435, 53, 2.14%, 0, 0, 3, 331.47
1587340987, 0, 186, 450, 438, 53, 2.14%, 0, 0, 3, 337.14
1587340992, 0, 186, 451, 439, 53, 2.14%, 0, 0, 3, 342.56
1587340998, 0, 186, 453, 441, 53, 2.14%, 0, 0, 3, 337.94
1587341008, 0, 186, 456, 444, 53, 2.14%, 0, 0, 3, 330.38
1587341013, 0, 186, 457, 445, 53, 2.14%, 0, 0, 3, 341.20
1587341023, 0, 186, 458, 446, 53, 2.14%, 0, 0, 3, 324.97
1587341044, 0, 186, 459, 447, 53, 2.14%, 0, 0, 3, 327.81
1587341049, 0, 186, 461, 449, 53, 2.14%, 0, 0, 3, 332.10
1587341064, 0, 186, 464, 452, 53, 2.14%, 0, 0, 3, 330.34
1587341069, 0, 186, 465, 453, 53, 2.14%, 0, 0, 3, 334.56
1587341074, 0, 186, 466, 454, 53, 2.15%, 0, 0, 3, 333.47
1587341085, 0, 199, 468, 455, 53, 2.16%, 0, 0, 3, 329.40
1587341105, 0, 199, 470, 457, 53, 2.16%, 0, 0, 3, 330.23
1587341136, 0, 199, 475, 462, 53, 2.16%, 0, 0, 3, 321.03
1587341146, 0, 199, 476, 463, 53, 2.16%, 0, 0, 3, 325.83
1587341151, 0, 199, 477, 464, 53, 2.16%, 0, 0, 3, 337.89
1587341156, 0, 199, 479, 466, 53, 2.16%, 0, 0, 3, 334.96
1587341161, 0, 199, 480, 467, 53, 2.16%, 0, 0, 3, 325.62
1587341167, 0, 199, 481, 468, 53, 2.16%, 0, 0, 3, 344.35
1587341172, 0, 199, 482, 469, 53, 2.16%, 0, 0, 3, 343.69
1587341177, 0, 199, 485, 472, 53, 2.16%, 0, 0, 3, 328.45
1587341182, 0, 199, 486, 473, 53, 2.16%, 0, 0, 3, 331.52
1587341203, 0, 199, 487, 474, 53, 2.16%, 0, 0, 3, 27.65
1587341229, 0, 199, 488, 475, 53, 2.16%, 0, 0, 3, 326.21
1587341244, 0, 199, 490, 477, 53, 2.16%, 0, 0, 3, 338.57
1587341250, 0, 205, 490, 476, 55, 2.16%, 0, 0, 3, 303.82
1587341316, 0, 205, 491, 477, 55, 2.16%, 0, 0, 3, 321.76
1587341322, 0, 216, 491, 476, 54, 2.16%, 0, 0, 3, 309.38
1587341332, 0, 216, 492, 477, 54, 2.16%, 0, 0, 3, 299.16
1587341372, 0, 216, 493, 478, 54, 2.16%, 0, 0, 3, 310.53
1587341377, 0, 216, 495, 480, 54, 2.16%, 0, 0, 3, 327.29
1587341398, 0, 218, 495, 479, 54, 2.16%, 0, 0, 3, 266.53
1587341413, 0, 220, 495, 478, 53, 2.16%, 0, 0, 3, 327.40
1587341459, 0, 224, 495, 477, 52, 2.16%, 0, 0, 3, 307.57
1587341525, 0, 233, 495, 476, 51, 2.16%, 0, 0, 3, 294.43
1587341622, 0, 233, 498, 479, 51, 2.16%, 0, 0, 3, 243.30
1587341627, 0, 233, 499, 480, 51, 2.16%, 0, 0, 3, 226.54
1587341648, 0, 233, 500, 481, 51, 2.17%, 0, 0, 3, 232.36
1587341715, 0, 233, 501, 482, 51, 2.17%, 0, 0, 3, 294.25
1587341720, 0, 233, 502, 483, 51, 2.17%, 0, 0, 3, 298.53
1587341725, 0, 233, 504, 485, 51, 2.17%, 0, 0, 3, 291.47
1587341730, 0, 233, 505, 486, 51, 2.17%, 0, 0, 3, 292.79
1587341740, 0, 242, 506, 486, 51, 2.17%, 0, 0, 3, 295.05
1587341771, 0, 245, 506, 485, 50, 2.17%, 0, 0, 3, 335.45
1587341837, 0, 245, 508, 487, 50, 2.17%, 0, 0, 3, 315.53
1587341847, 0, 256, 508, 486, 49, 2.17%, 0, 0, 3, 331.04
1587341898, 0, 274, 508, 485, 48, 2.17%, 0, 0, 3, 355.89
1587341913, 0, 285, 509, 485, 47, 2.17%, 0, 0, 3, 328.48
1587341990, 0, 285, 510, 486, 47, 2.17%, 0, 0, 3, 302.65
1587341995, 0, 290, 510, 485, 46, 2.17%, 0, 0, 3, 303.30
1587342067, 0, 290, 512, 487, 46, 2.17%, 0, 0, 3, 307.70
1587342082, 0, 292, 514, 488, 46, 2.17%, 0, 0, 3, 283.54
1587342087, 0, 292, 515, 489, 46, 2.17%, 0, 0, 3, 275.74
1587342097, 0, 292, 516, 490, 46, 2.17%, 0, 0, 3, 271.29
1587342102, 0, 292, 520, 494, 46, 2.18%, 0, 0, 3, 272.28
1587342123, 0, 292, 522, 496, 46, 2.18%, 0, 0, 3, 288.68
1587342128, 0, 292, 524, 498, 46, 2.18%, 0, 0, 3, 278.81
1587342159, 0, 292, 532, 506, 46, 2.19%, 0, 0, 3, 276.26
1587342164, 0, 292, 538, 512, 46, 2.19%, 0, 0, 3, 278.36
1587342169, 0, 292, 541, 515, 46, 2.19%, 0, 0, 3, 282.39
1587342174, 0, 292, 545, 519, 46, 2.20%, 0, 0, 3, 278.93
1587342179, 0, 292, 547, 521, 46, 2.20%, 0, 0, 3, 274.17
1587342184, 0, 292, 548, 522, 46, 2.20%, 0, 0, 3, 276.67
1587342189, 0, 292, 549, 523, 46, 2.20%, 0, 0, 3, 295.44
1587342199, 0, 292, 550, 524, 46, 2.20%, 0, 0, 3, 297.66
1587342209, 0, 292, 553, 527, 46, 2.20%, 0, 0, 3, 300.11
1587342214, 0, 292, 554, 528, 46, 2.20%, 0, 0, 3, 306.44
1587342220, 0, 292, 556, 530, 46, 2.21%, 0, 0, 3, 292.81
1587342225, 0, 299, 556, 529, 56, 2.21%, 0, 0, 3, 308.36
1587342291, 0, 307, 556, 528, 55, 2.21%, 0, 0, 3, 327.99
1587342363, 0, 314, 556, 527, 55, 2.21%, 0, 0, 3, 313.94
1587342399, 0, 325, 556, 526, 54, 2.21%, 0, 0, 3, 336.31
1587342429, 0, 332, 556, 525, 53, 2.21%, 0, 0, 3, 326.69
1587342490, 0, 346, 556, 524, 53, 2.21%, 0, 0, 3, 319.52
1587342562, 0, 352, 557, 524, 52, 2.21%, 0, 0, 3, 304.63
1587342658, 0, 356, 557, 523, 51, 2.21%, 0, 0, 3, 324.07
1587342674, 0, 356, 563, 529, 51, 2.23%, 0, 0, 3, 334.00
1587342719, 0, 356, 565, 531, 51, 2.23%, 0, 0, 3, 312.61
1587342729, 0, 356, 567, 533, 51, 2.23%, 0, 0, 3, 315.20
1587342734, 0, 356, 568, 534, 51, 2.23%, 0, 0, 3, 314.87
1587342740, 0, 356, 569, 535, 51, 2.23%, 0, 0, 3, 324.39
1587342745, 0, 356, 572, 538, 51, 2.24%, 0, 0, 3, 334.72
1587342750, 0, 356, 574, 540, 51, 2.24%, 0, 0, 3, 321.89
1587342755, 0, 356, 575, 541, 51, 2.24%, 0, 0, 3, 335.14
1587342765, 0, 356, 578, 544, 51, 2.24%, 0, 0, 3, 330.35
1587342770, 0, 356, 579, 545, 51, 2.24%, 0, 0, 3, 327.65
1587342776, 0, 356, 586, 552, 51, 2.24%, 0, 0, 3, 315.39
1587342781, 0, 356, 587, 553, 51, 2.24%, 0, 0, 3, 314.74
1587342791, 0, 356, 588, 554, 51, 2.24%, 0, 0, 3, 317.44
1587342801, 0, 363, 589, 554, 56, 2.27%, 0, 0, 3, 285.29
1587342806, 0, 363, 590, 555, 56, 2.28%, 0, 0, 3, 308.74
1587342868, 0, 363, 591, 556, 56, 2.28%, 0, 0, 3, 320.82
1587342873, 0, 363, 592, 557, 56, 2.29%, 0, 0, 3, 334.89
1587342878, 0, 367, 592, 556, 56, 2.29%, 0, 0, 3, 335.74
1587342883, 0, 367, 593, 557, 56, 2.29%, 0, 0, 3, 338.46
1587342944, 0, 367, 594, 558, 56, 2.29%, 0, 0, 3, 307.28
1587342949, 0, 376, 594, 557, 59, 2.29%, 0, 0, 3, 314.59
1587343035, 0, 376, 595, 558, 59, 2.29%, 0, 0, 3, 0.22
1587343040, 0, 384, 595, 557, 58, 2.29%, 0, 0, 3, 289.05
1587343045, 0, 384, 599, 561, 58, 2.29%, 0, 0, 3, 296.35
1587343050, 0, 384, 603, 565, 58, 2.29%, 0, 0, 3, 311.49
1587343080, 0, 384, 605, 567, 58, 2.29%, 0, 0, 3, 252.29
1587343085, 0, 384, 606, 568, 58, 2.29%, 0, 0, 3, 298.19
1587343090, 0, 384, 608, 570, 58, 2.29%, 0, 0, 3, 318.80
1587343101, 0, 384, 609, 571, 58, 2.29%, 0, 0, 3, 332.78
1587343106, 0, 384, 610, 572, 58, 2.29%, 0, 0, 3, 262.64
1587343111, 0, 384, 611, 573, 58, 2.30%, 0, 0, 3, 277.49
1587343116, 0, 384, 612, 574, 58, 2.30%, 0, 0, 3, 295.32
1587343131, 0, 384, 613, 575, 58, 2.30%, 0, 0, 3, 341.34
1587343141, 0, 384, 614, 576, 58, 2.30%, 0, 0, 3, 341.14
1587343156, 0, 386, 616, 577, 64, 2.30%, 0, 0, 3, 335.64
1587343161, 0, 386, 617, 578, 64, 2.30%, 0, 0, 3, 313.02
1587343177, 0, 386, 625, 586, 64, 2.32%, 0, 0, 3, 296.93
1587343238, 0, 386, 630, 591, 64, 2.32%, 0, 0, 3, 285.42
1587343243, 0, 386, 632, 593, 64, 2.32%, 0, 0, 3, 303.07
1587343253, 0, 386, 636, 597, 64, 2.32%, 0, 0, 3, 296.16
1587343263, 0, 386, 637, 598, 64, 2.32%, 0, 0, 3, 281.94
1587343278, 0, 386, 638, 599, 64, 2.32%, 0, 0, 3, 268.33
1587343283, 0, 386, 640, 601, 64, 2.32%, 0, 0, 3, 310.54
1587343289, 0, 386, 643, 604, 64, 2.32%, 0, 0, 3, 299.05
1587343294, 0, 386, 644, 605, 64, 2.32%, 0, 0, 3, 284.48
1587343299, 0, 386, 646, 607, 64, 2.33%, 0, 0, 3, 263.91
1587343304, 0, 386, 648, 609, 64, 2.33%, 0, 0, 3, 320.48
1587343314, 0, 386, 649, 610, 64, 2.33%, 0, 0, 3, 253.28
1587343319, 0, 387, 650, 610, 74, 2.33%, 0, 0, 3, 296.85
1587343370, 0, 390, 650, 609, 73, 2.33%, 0, 0, 3, 309.90
1587343431, 0, 390, 652, 611, 73, 2.33%, 0, 0, 4, 320.75
1587343441, 0, 398, 652, 610, 72, 2.33%, 0, 0, 4, 307.66
1587343446, 0, 398, 653, 611, 72, 2.34%, 0, 0, 4, 298.79
1587343512, 0, 398, 654, 612, 72, 2.34%, 0, 0, 4, 297.39
1587343517, 0, 398, 655, 613, 72, 2.34%, 0, 0, 4, 310.30
1587343527, 0, 410, 656, 613, 72, 2.34%, 0, 0, 4, 325.71
1587343593, 0, 410, 658, 615, 72, 2.34%, 0, 0, 4, 320.12
1587343598, 0, 410, 660, 617, 72, 2.34%, 0, 0, 4, 327.72
1587343603, 0, 410, 661, 618, 72, 2.34%, 0, 0, 4, 331.96
1587343613, 0, 410, 662, 619, 72, 2.34%, 0, 0, 4, 332.11
1587343639, 0, 410, 663, 620, 72, 2.34%, 0, 0, 4, 332.75
1587343649, 0, 410, 664, 621, 72, 2.34%, 0, 0, 4, 290.85
1587343654, 0, 410, 666, 623, 72, 2.34%, 0, 0, 4, 325.13
1587343659, 0, 410, 667, 624, 72, 2.34%, 0, 0, 4, 327.24
1587343690, 0, 410, 668, 625, 72, 2.34%, 0, 0, 4, 327.59
1587343695, 0, 417, 668, 624, 74, 2.34%, 0, 0, 4, 336.20
1587343751, 0, 417, 669, 625, 74, 2.34%, 0, 0, 4, 339.20
1587343756, 0, 424, 669, 624, 73, 2.34%, 0, 0, 4, 335.15
1587343761, 0, 424, 670, 625, 73, 2.34%, 0, 0, 4, 332.93
1587343822, 0, 424, 672, 627, 73, 2.34%, 0, 0, 4, 336.96
1587343833, 0, 424, 673, 628, 73, 2.34%, 0, 0, 4, 340.61
1587343838, 0, 424, 674, 629, 73, 2.34%, 0, 0, 4, 342.35
1587343848, 0, 424, 675, 630, 73, 2.34%, 0, 0, 4, 336.16
1587343853, 0, 424, 677, 632, 73, 2.34%, 0, 0, 4, 341.41
1587343858, 0, 424, 680, 635, 73, 2.35%, 0, 0, 4, 331.47
1587343863, 0, 424, 682, 637, 73, 2.35%, 0, 0, 4, 343.25
1587343868, 0, 424, 683, 638, 73, 2.35%, 0, 0, 4, 340.52
1587343878, 0, 424, 684, 639, 73, 2.35%, 0, 0, 4, 340.32
1587343889, 0, 424, 685, 640, 73, 2.35%, 0, 0, 4, 338.20
1587343894, 0, 425, 687, 641, 73, 2.35%, 0, 0, 4, 322.67
1587343986, 0, 425, 689, 643, 73, 2.35%, 0, 0, 4, 257.94
1587343991, 0, 425, 690, 644, 73, 2.35%, 0, 0, 4, 273.14
1587344006, 0, 425, 692, 646, 73, 2.35%, 0, 0, 4, 297.59
1587344011, 0, 425, 693, 647, 73, 2.35%, 0, 0, 4, 294.87
1587344027, 0, 425, 696, 650, 73, 2.35%, 0, 0, 4, 297.75
1587344042, 0, 425, 697, 651, 73, 2.35%, 0, 0, 4, 290.73
1587344047, 0, 425, 698, 652, 73, 2.35%, 0, 0, 4, 290.77
1587344068, 0, 425, 699, 653, 73, 2.35%, 0, 0, 4, 294.88
1587344104, 0, 429, 699, 652, 72, 2.35%, 0, 0, 4, 307.16
1587344191, 0, 429, 701, 654, 72, 2.35%, 0, 0, 4, 322.98
1587344196, 0, 429, 702, 655, 72, 2.35%, 0, 0, 4, 316.90
1587344216, 0, 430, 716, 668, 71, 2.36%, 0, 0, 4, 295.84
1587344221, 0, 430, 722, 674, 71, 2.37%, 0, 0, 4, 288.19
1587344226, 0, 430, 726, 678, 71, 2.38%, 0, 0, 4, 287.98
1587344231, 0, 430, 727, 679, 71, 2.38%, 0, 0, 4, 282.97
1587344237, 0, 430, 732, 684, 71, 2.39%, 0, 0, 4, 287.05
1587344242, 0, 430, 736, 688, 71, 2.39%, 0, 0, 4, 284.28
1587344293, 0, 430, 738, 690, 71, 2.39%, 0, 0, 4, 280.53
1587344298, 0, 430, 742, 694, 71, 2.40%, 0, 0, 4, 309.19
1587344303, 0, 430, 746, 698, 71, 2.40%, 0, 0, 4, 314.00
1587344308, 0, 430, 751, 703, 71, 2.40%, 0, 0, 4, 318.48
1587344313, 0, 430, 754, 706, 71, 2.40%, 0, 0, 4, 305.75
1587344318, 0, 430, 755, 707, 71, 2.40%, 0, 0, 4, 299.48
1587344324, 0, 430, 756, 708, 71, 2.40%, 0, 0, 4, 315.68
1587344329, 0, 430, 757, 709, 71, 2.40%, 0, 0, 4, 315.30
1587344334, 0, 430, 758, 710, 71, 2.40%, 0, 0, 4, 317.04
1587344339, 0, 430, 760, 712, 71, 2.40%, 0, 0, 4, 311.86
1587344344, 0, 430, 762, 714, 71, 2.40%, 0, 0, 4, 309.71
1587344349, 0, 430, 764, 716, 71, 2.40%, 0, 0, 4, 297.73
1587344354, 0, 430, 767, 719, 71, 2.40%, 0, 0, 4, 312.63
1587344359, 0, 430, 768, 720, 71, 2.40%, 0, 0, 4, 315.49
1587344365, 0, 430, 769, 721, 71, 2.40%, 0, 0, 4, 316.53
1587344370, 0, 430, 771, 723, 71, 2.40%, 0, 0, 4, 300.73
1587344375, 0, 432, 771, 722, 77, 2.40%, 0, 0, 4, 313.97
1587344380, 0, 432, 772, 723, 77, 2.40%, 0, 0, 4, 338.04
1587344421, 0, 439, 772, 722, 77, 2.40%, 0, 0, 4, 328.15
1587344426, 0, 439, 773, 723, 77, 2.40%, 0, 0, 4, 326.66
1587344492, 0, 439, 774, 724, 77, 2.40%, 0, 0, 4, 326.79
1587344497, 0, 443, 774, 723, 76, 2.40%, 0, 0, 4, 339.51
1587344563, 0, 445, 774, 722, 76, 2.40%, 0, 0, 4, 338.05
1587344624, 0, 447, 774, 721, 75, 2.40%, 0, 0, 4, 331.65
1587344685, 0, 447, 776, 723, 75, 2.40%, 0, 0, 4, 328.85
1587344695, 0, 451, 776, 722, 74, 2.40%, 0, 0, 4, 319.65
1587344751, 0, 455, 776, 721, 73, 2.40%, 0, 0, 4, 314.12
1587344829, 0, 455, 777, 722, 73, 2.40%, 0, 0, 4, 292.51
1587344834, 0, 462, 777, 721, 72, 2.40%, 0, 0, 4, 330.25
1587344895, 0, 465, 777, 720, 71, 2.40%, 0, 0, 4, 331.16
1587344900, 0, 465, 778, 721, 71, 2.40%, 0, 0, 4, 328.33
1587344966, 0, 465, 779, 722, 71, 2.40%, 0, 0, 4, 321.12
1587344971, 0, 471, 779, 721, 71, 2.40%, 0, 0, 4, 342.65
1587345016, 0, 472, 779, 720, 70, 2.40%, 0, 0, 4, 349.92
1587345063, 0, 474, 779, 719, 69, 2.40%, 0, 0, 4, 336.88
1587345103, 0, 474, 780, 720, 69, 2.40%, 0, 0, 4, 336.91
1587345108, 0, 487, 780, 719, 69, 2.40%, 0, 0, 4, 338.31
1587345154, 0, 487, 782, 721, 69, 2.40%, 0, 0, 4, 346.82
1587345165, 0, 492, 783, 721, 69, 2.40%, 0, 0, 4, 310.70
1587345226, 0, 492, 784, 722, 69, 2.40%, 0, 0, 4, 305.69
1587345231, 0, 492, 785, 723, 69, 2.40%, 0, 0, 4, 327.64
1587345241, 0, 494, 786, 723, 68, 2.40%, 0, 0, 4, 340.94
1587345247, 0, 494, 788, 725, 68, 2.41%, 0, 0, 4, 340.88
1587345307, 0, 494, 790, 727, 68, 2.41%, 0, 0, 4, 338.26
1587345317, 0, 510, 790, 726, 68, 2.41%, 0, 0, 4, 332.03
1587345384, 0, 516, 790, 725, 67, 2.41%, 0, 0, 4, 304.61
1587345455, 0, 516, 791, 726, 67, 2.41%, 0, 0, 4, 306.73
1587345460, 0, 516, 792, 727, 67, 2.41%, 0, 0, 4, 312.58
1587345465, 0, 516, 793, 728, 67, 2.41%, 0, 0, 4, 319.34
1587345481, 0, 516, 794, 729, 67, 2.41%, 0, 0, 4, 291.16
1587345486, 0, 516, 795, 730, 67, 2.41%, 0, 0, 4, 255.03
1587345517, 0, 516, 796, 731, 67, 2.41%, 0, 0, 4, 313.91
1587345563, 0, 518, 796, 730, 66, 2.41%, 0, 0, 4, 291.89
1587345634, 0, 518, 797, 731, 66, 2.41%, 0, 0, 4, 316.40
1587345639, 0, 518, 798, 732, 66, 2.41%, 0, 0, 4, 317.51
1587345650, 0, 522, 798, 731, 67, 2.41%, 0, 0, 4, 304.87
1587345716, 0, 522, 799, 732, 67, 2.41%, 0, 0, 4, 313.54
1587345721, 0, 522, 800, 733, 67, 2.41%, 0, 0, 4, 310.44
1587345726, 0, 522, 801, 734, 67, 2.41%, 0, 0, 4, 321.22
1587345742, 0, 531, 801, 733, 67, 2.41%, 0, 0, 4, 311.93
1587345812, 0, 531, 802, 734, 67, 2.41%, 0, 0, 4, 318.79
1587345817, 0, 533, 802, 733, 67, 2.41%, 0, 0, 4, 322.75
1587345883, 0, 533, 804, 735, 67, 2.41%, 0, 0, 4, 325.37
1587345889, 0, 533, 806, 737, 67, 2.41%, 0, 0, 4, 334.78
1587345894, 0, 533, 807, 738, 67, 2.41%, 0, 0, 4, 335.54
1587345904, 0, 533, 809, 740, 67, 2.41%, 0, 0, 4, 338.37
1587345909, 0, 533, 810, 741, 67, 2.41%, 0, 0, 4, 330.10
1587345929, 0, 533, 811, 742, 67, 2.41%, 0, 0, 4, 324.62
1587345940, 0, 533, 813, 744, 67, 2.41%, 0, 0, 4, 332.05
1587345945, 0, 533, 814, 745, 67, 2.41%, 0, 0, 4, 329.04
1587345955, 0, 533, 815, 746, 67, 2.41%, 0, 0, 4, 323.05
1587345960, 0, 533, 816, 747, 67, 2.41%, 0, 0, 4, 332.00
1587345965, 0, 533, 817, 748, 67, 2.41%, 0, 0, 4, 334.33
1587345980, 0, 560, 817, 747, 69, 2.41%, 0, 0, 4, 335.26
1587346041, 0, 568, 817, 746, 68, 2.41%, 0, 0, 4, 334.86
1587346102, 0, 570, 817, 745, 67, 2.41%, 0, 0, 4, 346.68
1587346158, 0, 570, 818, 746, 67, 2.41%, 0, 0, 4, 340.39
1587346163, 0, 577, 819, 746, 66, 2.41%, 0, 0, 4, 338.58
1587346219, 0, 581, 819, 745, 65, 2.41%, 0, 0, 4, 334.54
1587346281, 0, 588, 819, 744, 64, 2.41%, 0, 0, 4, 338.08
1587346346, 0, 588, 820, 745, 64, 2.41%, 0, 0, 4, 334.74
1587346352, 0, 588, 821, 746, 64, 2.41%, 0, 0, 4, 341.11
1587346362, 0, 589, 821, 745, 63, 2.41%, 0, 0, 4, 328.34
1587346428, 0, 589, 822, 746, 63, 2.41%, 0, 0, 4, 328.18
1587346438, 0, 591, 823, 746, 63, 2.41%, 0, 0, 4, 336.49
1587346499, 0, 591, 824, 747, 63, 2.41%, 0, 0, 4, 339.20
1587346504, 0, 597, 824, 746, 63, 2.41%, 0, 0, 4, 346.54
1587346540, 0, 597, 825, 747, 63, 2.41%, 0, 0, 4, 359.97
1587346545, 0, 599, 825, 746, 62, 2.41%, 0, 0, 4, 348.09
1587346575, 0, 599, 826, 747, 62, 2.41%, 0, 0, 4, 351.20
1587346580, 0, 599, 827, 748, 62, 2.41%, 0, 0, 4, 360.05
1587346590, 0, 603, 827, 747, 62, 2.41%, 0, 0, 4, 354.82
1587346601, 0, 603, 829, 749, 62, 2.41%, 0, 0, 4, 344.59
1587346642, 0, 603, 831, 751, 62, 2.41%, 0, 0, 4, 355.06
1587346647, 0, 603, 832, 752, 62, 2.41%, 0, 0, 4, 349.56
1587346652, 0, 603, 833, 753, 62, 2.41%, 0, 0, 4, 346.99
1587346657, 0, 603, 834, 754, 62, 2.41%, 0, 0, 4, 353.83
1587346667, 0, 603, 835, 755, 62, 2.41%, 0, 0, 4, 356.90
1587346672, 0, 603, 836, 756, 62, 2.41%, 0, 0, 4, 352.77
1587346688, 0, 603, 837, 757, 62, 2.41%, 0, 0, 4, 45.37
1587346693, 0, 603, 839, 759, 62, 2.41%, 0, 0, 4, 333.51
1587346698, 0, 603, 840, 760, 62, 2.41%, 0, 0, 4, 351.67
1587346703, 0, 603, 842, 762, 62, 2.41%, 0, 0, 4, 353.46
1587346708, 0, 606, 842, 761, 63, 2.41%, 0, 0, 4, 358.96
1587346713, 0, 606, 843, 762, 63, 2.42%, 0, 0, 4, 354.40
1587346718, 0, 606, 844, 763, 63, 2.42%, 0, 0, 4, 357.25
1587346723, 0, 606, 845, 764, 63, 2.42%, 0, 0, 4, 363.58
1587346759, 0, 606, 847, 766, 63, 2.42%, 0, 0, 4, 355.95
1587346764, 0, 606, 849, 768, 63, 2.42%, 0, 0, 4, 346.99
1587346769, 0, 606, 851, 770, 63, 2.42%, 0, 0, 4, 351.21
1587346785, 0, 606, 853, 772, 63, 2.42%, 0, 0, 4, 357.60
1587346805, 0, 606, 854, 773, 63, 2.42%, 0, 0, 4, 345.14
1587346815, 0, 606, 855, 774, 63, 2.42%, 0, 0, 4, 348.30
1587346825, 0, 607, 855, 773, 63, 2.42%, 0, 0, 4, 355.04
1587346856, 0, 610, 855, 772, 62, 2.42%, 0, 0, 4, 364.85
1587346861, 0, 610, 856, 773, 62, 2.43%, 0, 0, 4, 355.67
1587346902, 0, 611, 856, 772, 61, 2.43%, 0, 0, 4, 360.58
1587346912, 0, 614, 857, 772, 60, 2.43%, 0, 0, 4, 383.00
1587346982, 0, 615, 858, 772, 59, 2.43%, 0, 0, 4, 336.69
1587347048, 0, 615, 859, 773, 59, 2.43%, 0, 0, 4, 328.91
1587347058, 0, 615, 860, 774, 59, 2.43%, 0, 0, 4, 313.57
1587347069, 0, 617, 860, 773, 59, 2.43%, 0, 0, 4, 333.43
1587347135, 0, 617, 861, 774, 59, 2.43%, 0, 0, 4, 337.55
1587347145, 0, 618, 861, 773, 58, 2.43%, 0, 0, 4, 331.40
1587347211, 0, 618, 862, 774, 58, 2.43%, 0, 0, 4, 325.34
1587347221, 0, 619, 862, 773, 57, 2.43%, 0, 0, 4, 332.09
1587347287, 0, 619, 864, 775, 57, 2.43%, 0, 0, 4, 320.63
1587347302, 0, 620, 864, 774, 56, 2.43%, 0, 0, 4, 320.15
1587347323, 0, 620, 865, 775, 56, 2.43%, 0, 0, 4, 329.03
1587347368, 0, 620, 867, 777, 56, 2.43%, 0, 0, 4, 334.95
1587347373, 0, 620, 868, 778, 56, 2.43%, 0, 0, 4, 340.32
1587347404, 0, 620, 869, 779, 56, 2.43%, 0, 0, 4, 338.71
1587347419, 0, 620, 870, 780, 56, 2.43%, 0, 0, 4, 337.03
1587347429, 0, 620, 871, 781, 56, 2.43%, 0, 0, 4, 327.15
1587347439, 0, 620, 872, 782, 56, 2.43%, 0, 0, 4, 342.89
1587347444, 0, 632, 872, 781, 57, 2.43%, 0, 0, 4, 353.66
1587347491, 0, 636, 873, 781, 56, 2.43%, 0, 0, 4, 335.48
1587347511, 0, 636, 875, 783, 56, 2.43%, 0, 0, 4, 335.62
1587347562, 0, 640, 875, 782, 57, 2.43%, 0, 0, 4, 333.93
1587347648, 0, 644, 883, 789, 56, 2.43%, 0, 0, 4, 334.46
1587347679, 0, 644, 884, 790, 56, 2.43%, 0, 0, 4, 341.48
1587347704, 0, 644, 886, 792, 56, 2.43%, 0, 0, 4, 336.88
1587347719, 0, 644, 887, 793, 56, 2.43%, 0, 0, 4, 348.77
1587347730, 0, 644, 888, 794, 56, 2.43%, 0, 0, 4, 341.25
1587347735, 0, 644, 889, 795, 56, 2.43%, 0, 0, 4, 344.89
1587347745, 0, 644, 890, 796, 56, 2.43%, 0, 0, 4, 342.85
1587347755, 0, 644, 891, 797, 56, 2.43%, 0, 0, 4, 353.00
1587347760, 0, 644, 892, 798, 56, 2.43%, 0, 0, 4, 348.55
1587347765, 0, 644, 893, 799, 56, 2.43%, 0, 0, 4, 355.13
1587347776, 0, 645, 893, 798, 55, 2.43%, 0, 0, 4, 350.43
1587347841, 0, 645, 894, 799, 55, 2.43%, 0, 0, 4, 336.10
1587347847, 0, 652, 894, 798, 54, 2.43%, 0, 0, 4, 329.59
1587347922, 0, 652, 895, 799, 54, 2.43%, 0, 0, 5, 320.05
1587347927, 0, 652, 896, 800, 54, 2.43%, 0, 0, 5, 320.28
1587347933, 0, 652, 897, 801, 54, 2.43%, 0, 0, 5, 324.75
1587347973, 0, 653, 897, 800, 55, 2.43%, 0, 0, 5, 349.37
1587348029, 0, 653, 898, 801, 55, 2.43%, 0, 0, 5, 350.10
1587348034, 0, 653, 899, 802, 55, 2.43%, 0, 0, 5, 334.04
1587348050, 0, 656, 899, 801, 54, 2.43%, 0, 0, 5, 337.53
1587348126, 0, 661, 900, 801, 53, 2.43%, 0, 0, 5, 326.16
1587348187, 0, 661, 901, 802, 53, 2.43%, 0, 0, 5, 325.64
1587348198, 0, 672, 901, 801, 52, 2.43%, 0, 0, 5, 297.87
1587348218, 0, 672, 903, 803, 52, 2.43%, 0, 0, 5, 333.72
1587348223, 0, 672, 904, 804, 52, 2.44%, 0, 0, 5, 325.36
1587348273, 0, 672, 905, 805, 52, 2.44%, 0, 0, 5, 335.66
1587348279, 0, 672, 906, 806, 52, 2.44%, 0, 0, 5, 321.88
1587348284, 0, 672, 909, 809, 52, 2.44%, 0, 0, 5, 336.09
1587348304, 0, 672, 910, 810, 52, 2.44%, 0, 0, 5, 278.30
1587348330, 0, 672, 911, 811, 52, 2.44%, 0, 0, 5, 346.24
1587348340, 0, 673, 912, 811, 53, 2.44%, 0, 0, 5, 325.10
1587348401, 0, 679, 912, 810, 52, 2.44%, 0, 0, 5, 325.28
1587348457, 0, 679, 913, 811, 52, 2.44%, 0, 0, 5, 332.24
1587348467, 0, 684, 913, 810, 51, 2.44%, 0, 0, 5, 349.22
1587348539, 0, 720, 913, 809, 50, 2.44%, 0, 0, 5, 346.13
1587348549, 0, 720, 914, 810, 50, 2.45%, 0, 0, 5, 291.57
1587348560, 0, 720, 915, 811, 50, 2.45%, 0, 0, 5, 290.95
1587348565, 0, 720, 916, 812, 50, 2.45%, 0, 0, 5, 290.61
1587348621, 0, 720, 917, 813, 50, 2.45%, 0, 0, 5, 308.56
1587348626, 0, 720, 920, 816, 50, 2.45%, 0, 0, 5, 321.02
1587348631, 0, 720, 921, 817, 50, 2.45%, 0, 0, 5, 313.91
1587348641, 0, 720, 922, 818, 50, 2.45%, 0, 0, 5, 302.62
1587348646, 0, 720, 924, 820, 50, 2.45%, 0, 0, 5, 309.60
1587348651, 0, 720, 926, 822, 50, 2.45%, 0, 0, 5, 311.42
1587348662, 0, 720, 927, 823, 50, 2.45%, 0, 0, 5, 316.48
1587348677, 0, 720, 928, 824, 50, 2.45%, 0, 0, 5, 325.34
1587348682, 0, 720, 929, 825, 50, 2.45%, 0, 0, 5, 317.87
1587348687, 0, 720, 930, 826, 50, 2.45%, 0, 0, 5, 273.77
1587348692, 0, 720, 931, 827, 50, 2.45%, 0, 0, 5, 307.80
1587348698, 0, 722, 931, 826, 54, 2.45%, 0, 0, 5, 298.99
1587348779, 0, 722, 933, 828, 54, 2.45%, 0, 0, 5, 308.20
1587348790, 0, 722, 934, 829, 54, 2.45%, 0, 0, 5, 264.08
1587348800, 0, 722, 935, 830, 54, 2.45%, 0, 0, 5, 325.02
1587348831, 0, 722, 936, 831, 54, 2.45%, 0, 0, 5, 314.89
1587348841, 0, 722, 937, 832, 54, 2.45%, 0, 0, 5, 305.30
1587348851, 0, 722, 938, 833, 54, 2.45%, 0, 0, 5, 304.65
1587348856, 0, 723, 938, 832, 55, 2.45%, 0, 0, 5, 300.70
1587348882, 0, 723, 939, 833, 55, 2.45%, 0, 0, 5, 288.88
1587348934, 0, 723, 940, 834, 55, 2.45%, 0, 0, 5, 290.71
1587348939, 0, 723, 941, 835, 55, 2.46%, 0, 0, 5, 312.03
1587348944, 0, 723, 942, 836, 55, 2.46%, 0, 0, 5, 316.04
1587348949, 0, 723, 943, 837, 55, 2.46%, 0, 0, 5, 313.94
1587348964, 0, 723, 944, 838, 55, 2.46%, 0, 0, 5, 319.22
1587348970, 0, 723, 946, 840, 55, 2.46%, 0, 0, 5, 317.26
1587348985, 0, 723, 948, 842, 55, 2.46%, 0, 0, 5, 312.71
1587349000, 0, 723, 949, 843, 55, 2.46%, 0, 0, 5, 322.26
1587349005, 0, 723, 950, 844, 55, 2.46%, 0, 0, 5, 314.74
1587349011, 0, 723, 951, 845, 55, 2.46%, 0, 0, 5, 316.64
1587349016, 0, 729, 951, 844, 57, 2.46%, 0, 0, 5, 286.03
1587349093, 0, 729, 952, 845, 57, 2.46%, 0, 0, 5, 302.54
1587349103, 0, 729, 953, 846, 57, 2.46%, 0, 0, 5, 310.09
1587349128, 0, 734, 953, 845, 56, 2.46%, 0, 0, 5, 316.64
1587349138, 0, 734, 954, 846, 56, 2.46%, 0, 0, 5, 292.67
1587349210, 0, 734, 955, 847, 56, 2.46%, 0, 0, 5, 303.07
1587349226, 0, 739, 955, 846, 55, 2.46%, 0, 0, 5, 316.75
1587349236, 0, 739, 956, 847, 55, 2.46%, 0, 0, 5, 316.51
1587349251, 0, 739, 957, 848, 55, 2.46%, 0, 0, 5, 319.10
1587349302, 0, 739, 960, 851, 55, 2.46%, 0, 0, 5, 325.92
1587349307, 0, 739, 962, 853, 55, 2.46%, 0, 0, 5, 317.00
1587349312, 0, 739, 963, 854, 55, 2.46%, 0, 0, 5, 328.35
1587349317, 0, 739, 964, 855, 55, 2.46%, 0, 0, 5, 316.14
1587349322, 0, 739, 965, 856, 55, 2.46%, 0, 0, 5, 319.50
1587349332, 0, 739, 967, 858, 55, 2.46%, 0, 0, 5, 324.71
1587349353, 0, 739, 968, 859, 55, 2.46%, 0, 0, 5, 326.71
1587349358, 0, 739, 970, 861, 55, 2.46%, 0, 0, 5, 332.62
1587349368, 0, 739, 972, 863, 55, 2.46%, 0, 0, 5, 335.99
1587349378, 0, 740, 973, 863, 52, 2.46%, 0, 0, 5, 279.38
1587349383, 0, 740, 975, 865, 52, 2.46%, 0, 0, 5, 250.43
1587349394, 0, 740, 976, 866, 52, 2.46%, 0, 0, 5, 270.70
1587349480, 0, 740, 977, 867, 52, 2.46%, 0, 0, 5, 287.68
1587349485, 0, 740, 980, 870, 52, 2.46%, 0, 0, 5, 300.38
1587349490, 0, 740, 981, 871, 52, 2.46%, 0, 0, 5, 309.73
1587349495, 0, 740, 982, 872, 52, 2.46%, 0, 0, 5, 299.81
1587349501, 0, 740, 983, 873, 52, 2.46%, 0, 0, 5, 301.60
1587349551, 0, 740, 985, 875, 52, 2.46%, 0, 0, 5, 308.75
1587349556, 0, 740, 987, 877, 52, 2.46%, 0, 0, 5, 307.38
1587349561, 0, 744, 988, 877, 52, 2.46%, 0, 0, 5, 291.27
1587349639, 0, 744, 989, 878, 52, 2.46%, 0, 0, 5, 312.22
1587349644, 0, 744, 990, 879, 52, 2.46%, 0, 0, 5, 315.23
1587349659, 0, 744, 992, 881, 52, 2.46%, 0, 0, 5, 303.78
1587349664, 0, 744, 993, 882, 52, 2.46%, 0, 0, 5, 313.22
1587349685, 0, 744, 994, 883, 52, 2.46%, 0, 0, 5, 291.89
1587349695, 0, 744, 995, 884, 52, 2.46%, 0, 0, 5, 294.53
1587349705, 0, 744, 996, 885, 52, 2.46%, 0, 0, 5, 319.92
1587349710, 0, 744, 998, 887, 52, 2.46%, 0, 0, 5, 304.60
1587349715, 0, 745, 999, 887, 53, 2.46%, 0, 0, 5, 314.45
1587349726, 0, 745, 1000, 888, 53, 2.46%, 0, 0, 5, 313.03
1587349808, 0, 745, 1001, 889, 53, 2.46%, 0, 0, 5, 315.92
1587349823, 0, 757, 1001, 888, 52, 2.46%, 0, 0, 5, 319.41
1587349899, 0, 757, 1002, 889, 52, 2.46%, 0, 0, 5, 317.43
1587349909, 0, 757, 1003, 890, 52, 2.46%, 0, 0, 5, 318.01
1587349935, 0, 760, 1004, 890, 51, 2.46%, 0, 0, 5, 304.45
1587350021, 0, 760, 1006, 892, 51, 2.46%, 0, 0, 5, 268.30
1587350027, 0, 760, 1007, 893, 51, 2.46%, 0, 0, 5, 307.93
1587350032, 0, 760, 1009, 895, 51, 2.46%, 0, 0, 5, 307.19
1587350037, 0, 760, 1010, 896, 51, 2.46%, 0, 0, 5, 319.30
1587350052, 0, 760, 1011, 897, 51, 2.46%, 0, 0, 5, 324.81
1587350062, 0, 760, 1012, 898, 51, 2.46%, 0, 0, 5, 322.62
1587350082, 0, 760, 1014, 900, 51, 2.46%, 0, 0, 5, 315.65
1587350098, 0, 765, 1014, 899, 50, 2.46%, 0, 0, 5, 300.52
1587350108, 0, 765, 1015, 900, 50, 2.46%, 0, 0, 5, 287.63
1587350118, 0, 765, 1016, 901, 50, 2.46%, 0, 0, 5, 287.87
1587350170, 0, 765, 1017, 902, 50, 2.46%, 0, 0, 5, 312.80
1587350175, 0, 765, 1018, 903, 50, 2.46%, 0, 0, 5, 320.50
1587350206, 0, 771, 1018, 902, 49, 2.46%, 0, 0, 5, 324.58
1587350252, 0, 771, 1019, 903, 49, 2.46%, 0, 0, 5, 340.67
1587350262, 0, 773, 1019, 902, 48, 2.46%, 0, 0, 5, 320.67
1587350273, 0, 773, 1020, 903, 48, 2.46%, 0, 0, 5, 320.63
1587350283, 0, 773, 1021, 904, 48, 2.46%, 0, 0, 5, 295.11
1587350340, 0, 786, 1021, 903, 48, 2.46%, 0, 0, 5, 310.89
1587350406, 0, 786, 1022, 904, 48, 2.46%, 0, 0, 5, 331.66
1587350416, 0, 796, 1022, 903, 47, 2.46%, 0, 0, 5, 297.89
1587350493, 0, 796, 1023, 904, 47, 2.46%, 0, 0, 5, 311.63
1587350508, 0, 797, 1023, 903, 46, 2.46%, 0, 0, 5, 327.14
1587350565, 0, 798, 1023, 902, 45, 2.46%, 0, 0, 5, 322.33
1587350637, 0, 798, 1024, 903, 45, 2.46%, 0, 0, 5, 302.32
1587350647, 0, 798, 1025, 904, 45, 2.46%, 0, 0, 5, 311.75
1587350662, 0, 801, 1025, 903, 44, 2.46%, 0, 0, 5, 315.73
1587350707, 0, 801, 1026, 904, 44, 2.46%, 0, 0, 5, 339.83
1587350712, 0, 801, 1027, 905, 44, 2.46%, 0, 0, 5, 330.53
1587350722, 0, 801, 1028, 906, 44, 2.46%, 0, 0, 5, 337.95
1587350733, 0, 801, 1030, 908, 44, 2.46%, 0, 0, 5, 334.44
1587350748, 0, 801, 1032, 910, 44, 2.46%, 0, 0, 5, 334.66
1587350753, 0, 801, 1033, 911, 44, 2.46%, 0, 0, 5, 340.75
1587350758, 0, 801, 1034, 912, 44, 2.46%, 0, 0, 5, 341.05
1587350804, 0, 804, 1034, 911, 44, 2.46%, 0, 0, 5, 332.24
1587350875, 0, 809, 1034, 910, 43, 2.46%, 0, 0, 5, 330.65
1587350890, 0, 809, 1035, 911, 43, 2.46%, 0, 0, 5, 323.26
1587350936, 0, 809, 1036, 912, 43, 2.46%, 0, 0, 5, 329.41
1587350946, 0, 809, 1037, 913, 43, 2.46%, 0, 0, 5, 333.28
1587350961, 0, 822, 1037, 912, 42, 2.46%, 0, 0, 5, 332.00
1587350976, 0, 822, 1038, 913, 42, 2.46%, 0, 0, 5, 331.12
1587351022, 0, 833, 1038, 912, 41, 2.46%, 0, 0, 5, 338.48
1587351032, 0, 833, 1041, 915, 41, 2.46%, 0, 0, 5, 335.46
1587351037, 0, 833, 1045, 919, 41, 2.46%, 0, 0, 5, 332.81
1587351083, 0, 833, 1046, 920, 41, 2.46%, 0, 0, 5, 345.63
1587351088, 0, 833, 1047, 921, 41, 2.46%, 0, 0, 5, 335.18
1587351098, 0, 833, 1049, 923, 41, 2.46%, 0, 0, 5, 337.42
1587351103, 0, 833, 1051, 925, 41, 2.46%, 0, 0, 5, 336.33
1587351119, 0, 833, 1053, 927, 41, 2.46%, 0, 0, 5, 351.19
1587351139, 0, 833, 1054, 928, 41, 2.46%, 0, 0, 5, 340.94
1587351154, 0, 836, 1054, 927, 43, 2.46%, 0, 0, 5, 340.76
1587351206, 0, 836, 1055, 928, 43, 2.46%, 0, 0, 5, 353.05
1587351216, 0, 836, 1056, 929, 43, 2.46%, 0, 0, 5, 350.41
1587351236, 0, 839, 1056, 928, 43, 2.46%, 0, 0, 5, 339.92
1587351297, 0, 841, 1059, 930, 42, 2.46%, 0, 0, 5, 335.23
1587351302, 0, 841, 1064, 935, 42, 2.46%, 0, 0, 5, 332.68
1587351307, 0, 841, 1066, 937, 42, 2.46%, 0, 0, 5, 309.41
1587351312, 0, 841, 1073, 944, 42, 2.46%, 0, 0, 5, 325.41
1587351332, 0, 841, 1075, 946, 42, 2.46%, 0, 0, 5, 323.93
1587351337, 0, 841, 1076, 947, 42, 2.46%, 0, 0, 5, 325.57
1587351368, 0, 841, 1078, 949, 42, 2.46%, 0, 0, 5, 333.95
1587351373, 0, 841, 1079, 950, 42, 2.46%, 0, 0, 5, 326.67
1587351378, 0, 841, 1080, 951, 42, 2.46%, 0, 0, 5, 331.29
1587351383, 0, 841, 1081, 952, 42, 2.46%, 0, 0, 5, 327.80
1587351388, 0, 841, 1083, 954, 42, 2.46%, 0, 0, 5, 333.53
1587351398, 0, 841, 1084, 955, 42, 2.46%, 0, 0, 5, 320.94
1587351403, 0, 841, 1086, 957, 42, 2.46%, 0, 0, 5, 332.91
1587351429, 0, 841, 1088, 959, 42, 2.46%, 0, 0, 5, 331.87
1587351439, 0, 841, 1089, 960, 42, 2.46%, 0, 0, 5, 331.48
1587351464, 0, 842, 1090, 960, 44, 2.47%, 0, 0, 5, 314.43
1587351469, 0, 842, 1093, 963, 44, 2.48%, 0, 0, 5, 340.86
1587351520, 0, 844, 1093, 962, 46, 2.48%, 0, 0, 5, 337.98
1587351525, 0, 844, 1094, 963, 46, 2.48%, 0, 0, 5, 341.24
1587351577, 0, 845, 1094, 962, 46, 2.48%, 0, 0, 5, 332.77
1587351633, 0, 851, 1106, 973, 45, 2.48%, 0, 0, 5, 331.39
1587351638, 0, 851, 1107, 974, 45, 2.48%, 0, 0, 5, 335.50
1587351643, 0, 851, 1108, 975, 45, 2.48%, 0, 0, 5, 336.72
1587351648, 0, 851, 1110, 977, 45, 2.48%, 0, 0, 5, 340.53
1587351688, 0, 851, 1111, 978, 45, 2.48%, 0, 0, 5, 338.28
1587351693, 0, 851, 1116, 983, 45, 2.48%, 0, 0, 5, 345.53
1587351714, 0, 851, 1117, 984, 45, 2.48%, 0, 0, 5, 347.02
1587351729, 0, 851, 1118, 985, 45, 2.48%, 0, 0, 5, 338.20
1587351750, 0, 851, 1120, 987, 45, 2.48%, 0, 0, 5, 333.26
1587351755, 0, 851, 1121, 988, 45, 2.48%, 0, 0, 5, 342.46
1587351760, 0, 855, 1122, 988, 46, 2.48%, 0, 0, 5, 334.28
1587351810, 0, 855, 1123, 989, 46, 2.48%, 0, 0, 5, 332.39
1587351821, 0, 861, 1123, 988, 45, 2.48%, 0, 0, 5, 329.55
1587351887, 0, 864, 1123, 987, 44, 2.48%, 0, 0, 5, 333.18
1587351958, 0, 864, 1124, 988, 44, 2.48%, 0, 0, 5, 329.27
1587351968, 0, 868, 1124, 987, 43, 2.48%, 0, 0, 5, 325.02
1587352035, 0, 868, 1125, 988, 43, 2.48%, 0, 0, 5, 265.88
1587352040, 0, 868, 1126, 989, 43, 2.48%, 0, 0, 5, 316.43
1587352045, 0, 868, 1127, 990, 43, 2.48%, 0, 0, 5, 330.26
1587352055, 0, 868, 1129, 992, 43, 2.48%, 0, 0, 5, 330.92
1587352081, 0, 868, 1130, 993, 43, 2.48%, 0, 0, 5, 62.78
1587352142, 0, 873, 1130, 992, 43, 2.48%, 0, 0, 5, 326.82
1587352162, 0, 873, 1131, 993, 43, 2.48%, 0, 0, 5, 330.49
1587352213, 0, 873, 1132, 994, 43, 2.49%, 0, 0, 5, 326.80
1587352223, 0, 874, 1132, 993, 44, 2.49%, 0, 0, 5, 317.39
1587352304, 0, 874, 1133, 994, 44, 2.49%, 0, 0, 5, 327.93
1587352309, 0, 881, 1133, 993, 43, 2.49%, 0, 0, 5, 336.84
1587352325, 0, 881, 1134, 994, 43, 2.49%, 0, 0, 5, 332.49
1587352375, 0, 882, 1134, 993, 43, 2.49%, 0, 0, 5, 335.78
1587352436, 0, 884, 1134, 992, 42, 2.49%, 0, 0, 5, 338.72
1587352507, 0, 894, 1134, 991, 41, 2.49%, 0, 0, 5, 312.66
1587352558, 0, 894, 1135, 992, 41, 2.49%, 0, 0, 6, 330.85
1587352563, 0, 894, 1136, 993, 41, 2.49%, 0, 0, 6, 341.74
1587352574, 0, 895, 1136, 992, 40, 2.49%, 0, 0, 6, 337.07
1587352624, 0, 895, 1137, 993, 40, 2.49%, 0, 0, 6, 338.96
1587352629, 0, 895, 1138, 994, 40, 2.49%, 0, 0, 6, 337.15
1587352645, 0, 903, 1138, 993, 39, 2.49%, 0, 0, 6, 328.98
1587352655, 0, 903, 1139, 994, 39, 2.49%, 0, 0, 6, 322.89
1587352717, 0, 903, 1141, 996, 39, 2.49%, 0, 0, 6, 324.93
1587352752, 0, 907, 1141, 995, 39, 2.49%, 0, 0, 6, 323.34
1587352839, 0, 913, 1141, 994, 38, 2.49%, 0, 0, 6, 304.30
1587352921, 0, 913, 1142, 995, 38, 2.49%, 0, 0, 6, 297.28
1587352941, 0, 920, 1144, 996, 37, 2.49%, 0, 0, 6, 302.52
1587352951, 0, 920, 1147, 999, 37, 2.49%, 0, 0, 6, 298.64
1587352961, 0, 920, 1148, 1000, 37, 2.49%, 0, 0, 6, 300.65
1587353017, 0, 920, 1149, 1001, 37, 2.49%, 0, 0, 6, 314.83
1587353022, 0, 920, 1152, 1004, 37, 2.49%, 0, 0, 6, 319.61
1587353027, 0, 920, 1153, 1005, 37, 2.49%, 0, 0, 6, 313.37
1587353032, 0, 920, 1157, 1009, 37, 2.49%, 0, 0, 6, 320.67
1587353043, 0, 920, 1158, 1010, 37, 2.49%, 0, 0, 6, 315.47
1587353048, 0, 920, 1159, 1011, 37, 2.49%, 0, 0, 6, 320.31
1587353058, 0, 920, 1161, 1013, 37, 2.49%, 0, 0, 6, 321.92
1587353063, 0, 920, 1162, 1014, 37, 2.49%, 0, 0, 6, 316.27
1587353074, 0, 920, 1163, 1015, 37, 2.49%, 0, 0, 6, 319.83
1587353079, 0, 920, 1165, 1017, 37, 2.49%, 0, 0, 6, 314.12
1587353089, 0, 920, 1166, 1018, 37, 2.49%, 0, 0, 6, 306.40
1587353094, 0, 927, 1166, 1017, 37, 2.49%, 0, 0, 6, 317.76
1587353170, 0, 927, 1167, 1018, 37, 2.49%, 0, 0, 6, 329.98
1587353175, 0, 927, 1168, 1019, 37, 2.49%, 0, 0, 6, 324.61
1587353201, 0, 927, 1169, 1020, 37, 2.49%, 0, 0, 6, 318.28
1587353241, 0, 934, 1169, 1019, 36, 2.49%, 0, 0, 6, 301.56
1587353333, 0, 935, 1169, 1018, 35, 2.49%, 0, 0, 6, 311.13
1587353404, 0, 950, 1169, 1017, 34, 2.49%, 0, 0, 6, 318.55
1587353414, 0, 950, 1170, 1018, 34, 2.49%, 0, 0, 6, 308.11
1587353475, 0, 950, 1171, 1019, 34, 2.49%, 0, 0, 6, 309.27
1587353480, 0, 950, 1172, 1020, 34, 2.49%, 0, 0, 6, 321.83
1587353485, 0, 950, 1173, 1021, 34, 2.49%, 0, 0, 6, 323.27
1587353506, 0, 950, 1174, 1022, 34, 2.49%, 0, 0, 6, 325.22
1587353511, 0, 950, 1176, 1024, 34, 2.49%, 0, 0, 6, 321.94
1587353531, 0, 950, 1178, 1026, 34, 2.49%, 0, 0, 6, 321.56
1587353537, 0, 950, 1179, 1027, 34, 2.49%, 0, 0, 6, 319.92
1587353542, 0, 950, 1180, 1028, 34, 2.49%, 0, 0, 6, 317.63
1587353552, 0, 953, 1181, 1028, 34, 2.49%, 0, 0, 6, 314.75
1587353633, 0, 953, 1182, 1029, 34, 2.49%, 0, 0, 6, 300.08
1587353648, 0, 955, 1182, 1028, 33, 2.49%, 0, 0, 6, 304.12
1587353725, 0, 955, 1184, 1030, 33, 2.49%, 0, 0, 6, 320.74
1587353735, 0, 955, 1185, 1031, 33, 2.49%, 0, 0, 6, 317.14
1587353792, 0, 955, 1187, 1033, 33, 2.49%, 0, 0, 6, 320.20
1587353797, 0, 967, 1188, 1033, 32, 2.49%, 0, 0, 6, 319.71
1587353807, 0, 967, 1190, 1035, 32, 2.49%, 0, 0, 6, 307.67
1587353822, 0, 967, 1191, 1036, 32, 2.49%, 0, 0, 6, 301.62
1587353883, 0, 967, 1192, 1037, 32, 2.49%, 0, 0, 6, 320.67
1587353893, 0, 967, 1193, 1038, 32, 2.50%, 0, 0, 6, 280.14
1587353919, 0, 968, 1195, 1039, 33, 2.50%, 0, 0, 6, 321.88
1587353924, 0, 968, 1196, 1040, 33, 2.50%, 0, 0, 6, 322.46
1587353996, 0, 968, 1199, 1043, 33, 2.50%, 0, 0, 6, 327.73
1587354006, 0, 968, 1200, 1044, 33, 2.50%, 0, 0, 6, 323.77
1587354067, 0, 968, 1201, 1045, 33, 2.50%, 0, 0, 6, 320.90
1587354073, 0, 978, 1204, 1047, 36, 2.50%, 0, 0, 6, 268.64
1587354078, 0, 978, 1206, 1049, 36, 2.50%, 0, 0, 6, 265.33
1587354103, 0, 978, 1209, 1052, 36, 2.50%, 0, 0, 6, 260.35
1587354108, 0, 978, 1210, 1053, 36, 2.50%, 0, 0, 6, 261.97
1587354190, 0, 978, 1211, 1054, 36, 2.50%, 0, 0, 6, 285.66
1587354195, 0, 978, 1213, 1056, 36, 2.50%, 0, 0, 6, 298.36
1587354226, 0, 978, 1214, 1057, 36, 2.50%, 0, 0, 6, 292.91
1587354231, 0, 978, 1215, 1058, 36, 2.50%, 0, 0, 6, 298.73
1587354236, 0, 978, 1216, 1059, 36, 2.50%, 0, 0, 6, 295.94
1587354241, 0, 978, 1218, 1061, 36, 2.50%, 0, 0, 6, 297.92
1587354246, 0, 978, 1219, 1062, 36, 2.50%, 0, 0, 6, 288.97
1587354251, 0, 978, 1221, 1064, 36, 2.50%, 0, 0, 6, 300.28
1587354256, 0, 978, 1222, 1065, 36, 2.50%, 0, 0, 6, 301.84
1587354266, 0, 978, 1224, 1067, 36, 2.50%, 0, 0, 6, 301.43
1587354276, 0, 1001, 1224, 1066, 36, 2.50%, 0, 0, 6, 306.78
1587354348, 0, 1001, 1225, 1067, 36, 2.50%, 0, 0, 6, 333.16
1587354358, 0, 1001, 1226, 1068, 36, 2.50%, 0, 0, 6, 332.58
1587354383, 0, 1015, 1226, 1067, 35, 2.50%, 0, 0, 6, 300.54
1587354460, 0, 1025, 1226, 1066, 34, 2.50%, 0, 0, 6, 330.50
1587354526, 0, 1041, 1226, 1065, 33, 2.50%, 0, 0, 6, 342.94
1587354583, 0, 1041, 1227, 1066, 33, 2.50%, 0, 0, 6, 349.10
1587354588, 0, 1041, 1228, 1067, 33, 2.50%, 0, 0, 6, 347.15
1587354603, 0, 1052, 1228, 1066, 32, 2.50%, 0, 0, 6, 343.09
1587354608, 0, 1052, 1231, 1069, 32, 2.50%, 0, 0, 6, 339.74
1587354613, 0, 1052, 1233, 1071, 32, 2.51%, 0, 0, 6, 343.54
1587354618, 0, 1052, 1236, 1074, 32, 2.51%, 0, 0, 6, 343.77
1587354654, 0, 1052, 1237, 1075, 32, 2.51%, 0, 0, 6, 348.25
1587354659, 0, 1052, 1238, 1076, 32, 2.51%, 0, 0, 6, 361.39
1587354664, 0, 1052, 1239, 1077, 32, 2.51%, 0, 0, 6, 354.00
1587354674, 0, 1052, 1240, 1078, 32, 2.51%, 0, 0, 6, 343.99
1587354679, 0, 1052, 1241, 1079, 32, 2.51%, 0, 0, 6, 357.24
1587354700, 0, 1052, 1243, 1081, 32, 2.51%, 0, 0, 6, 353.84
1587354715, 0, 1052, 1244, 1082, 32, 2.51%, 0, 0, 6, 361.97
1587354730, 0, 1052, 1245, 1083, 32, 2.51%, 0, 0, 6, 359.06
1587354745, 0, 1055, 1245, 1082, 35, 2.51%, 0, 0, 6, 349.91
1587354802, 0, 1061, 1245, 1081, 34, 2.51%, 0, 0, 6, 336.92
1587354872, 0, 1065, 1245, 1080, 33, 2.51%, 0, 0, 6, 326.30
1587354943, 0, 1075, 1245, 1079, 32, 2.51%, 0, 0, 6, 329.45
1587354958, 0, 1075, 1246, 1080, 32, 2.51%, 0, 0, 6, 328.95
1587355014, 0, 1089, 1246, 1079, 31, 2.51%, 0, 0, 6, 343.43
1587355060, 0, 1089, 1247, 1080, 31, 2.51%, 0, 0, 6, 355.34
1587355070, 0, 1091, 1247, 1079, 31, 2.51%, 0, 0, 6, 349.32
1587355075, 0, 1091, 1248, 1080, 31, 2.51%, 0, 0, 6, 352.83
1587355126, 0, 1092, 1248, 1079, 31, 2.51%, 0, 0, 6, 348.32
1587355176, 0, 1092, 1249, 1080, 31, 2.51%, 0, 0, 6, 355.73
1587355191, 0, 1093, 1249, 1079, 30, 2.51%, 0, 0, 6, 356.59
1587355247, 0, 1099, 1255, 1084, 29, 2.51%, 0, 0, 6, 308.11
1587355313, 0, 1099, 1257, 1086, 29, 2.51%, 0, 0, 6, 328.22
1587355324, 0, 1099, 1259, 1088, 29, 2.51%, 0, 0, 6, 314.21
1587355391, 0, 1100, 1259, 1087, 28, 2.51%, 0, 0, 6, 197.52
1587355462, 0, 1102, 1259, 1086, 27, 2.51%, 0, 0, 6, 325.08
1587355533, 0, 1114, 1260, 1086, 26, 2.51%, 0, 0, 6, 308.04
1587355609, 0, 1114, 1263, 1089, 26, 2.51%, 0, 0, 6, 325.44
1587355619, 0, 1114, 1264, 1090, 26, 2.51%, 0, 0, 6, 274.87
1587355625, 0, 1114, 1265, 1091, 26, 2.51%, 0, 0, 6, 302.21
1587355640, 0, 1114, 1266, 1092, 26, 2.51%, 0, 0, 6, 313.08
1587355676, 0, 1114, 1267, 1093, 26, 2.51%, 0, 0, 6, 305.52
1587355707, 0, 1114, 1268, 1094, 26, 2.51%, 0, 0, 6, 229.33
1587355718, 0, 1114, 1269, 1095, 26, 2.51%, 0, 0, 6, 304.56
1587355728, 0, 1120, 1271, 1096, 25, 2.51%, 0, 0, 6, 302.78
1587355733, 0, 1120, 1273, 1098, 25, 2.51%, 0, 0, 6, 302.69
1587355824, 0, 1120, 1275, 1100, 25, 2.51%, 0, 0, 6, 306.27
1587355829, 0, 1120, 1276, 1101, 25, 2.51%, 0, 0, 6, 309.28
1587355835, 0, 1120, 1279, 1104, 25, 2.51%, 0, 0, 6, 338.83
1587355840, 0, 1120, 1280, 1105, 25, 2.51%, 0, 0, 6, 288.43
1587355850, 0, 1120, 1281, 1106, 25, 2.51%, 0, 0, 6, 225.53
1587355861, 0, 1120, 1282, 1107, 25, 2.51%, 0, 0, 6, 17.60
1587355866, 0, 1120, 1283, 1108, 25, 2.51%, 0, 0, 6, 308.77
1587355872, 0, 1120, 1284, 1109, 25, 2.51%, 0, 0, 6, 303.09
1587355877, 0, 1120, 1285, 1110, 25, 2.51%, 0, 0, 6, 326.08
1587355887, 0, 1120, 1286, 1111, 25, 2.51%, 0, 0, 6, 296.89
1587355907, 0, 1120, 1288, 1113, 25, 2.51%, 0, 0, 6, 326.33
1587355923, 0, 1129, 1288, 1112, 26, 2.51%, 0, 0, 6, 303.54
1587355984, 0, 1129, 1289, 1113, 26, 2.51%, 0, 0, 6, 129.92
1587355994, 0, 1130, 1289, 1112, 26, 2.51%, 0, 0, 6, 308.37
1587356066, 0, 1130, 1290, 1113, 26, 2.51%, 0, 0, 6, 24.72
1587356086, 0, 1133, 1290, 1112, 25, 2.51%, 0, 0, 6, 318.19
1587356147, 0, 1133, 1291, 1113, 25, 2.51%, 0, 0, 6, 317.56
1587356163, 0, 1138, 1291, 1112, 24, 2.51%, 0, 0, 6, 311.28
1587356234, 0, 1138, 1293, 1114, 24, 2.51%, 0, 0, 7, 311.45
1587356275, 0, 1144, 1294, 1114, 23, 2.51%, 0, 0, 7, 284.68
1587356280, 0, 1144, 1295, 1115, 23, 2.51%, 0, 0, 7, 289.67
1587356377, 0, 1144, 1296, 1116, 23, 2.51%, 0, 0, 7, 197.40
1587356397, 0, 1173, 1296, 1115, 23, 2.51%, 0, 0, 7, 317.03
1587356473, 0, 1177, 1296, 1114, 22, 2.51%, 0, 0, 7, 305.03
1587356483, 0, 1177, 1297, 1115, 22, 2.51%, 0, 0, 7, 309.61
1587356564, 0, 1189, 1297, 1114, 21, 2.51%, 0, 0, 7, 310.43
1587356585, 0, 1189, 1298, 1115, 21, 2.51%, 0, 0, 7, 304.64
1587356640, 0, 1189, 1299, 1116, 21, 2.51%, 0, 0, 7, 299.67
1587356666, 0, 1192, 1300, 1116, 20, 2.52%, 0, 0, 7, 299.24
1587356671, 0, 1192, 1301, 1117, 20, 2.52%, 0, 0, 7, 284.89
1587356686, 0, 1192, 1302, 1118, 20, 2.52%, 0, 0, 7, 314.44
1587356691, 0, 1192, 1303, 1119, 20, 2.52%, 0, 0, 7, 317.81
1587356747, 0, 1192, 1304, 1120, 20, 2.52%, 0, 0, 7, 307.78
1587356763, 0, 1194, 1304, 1119, 24, 2.52%, 0, 0, 7, 313.80
1587356768, 0, 1194, 1305, 1120, 24, 2.52%, 0, 0, 7, 264.29
1587356854, 0, 1195, 1305, 1119, 24, 2.52%, 0, 0, 7, 329.27
1587356935, 0, 1196, 1305, 1118, 23, 2.52%, 0, 0, 7, 317.77
1587357027, 0, 1199, 1305, 1117, 22, 2.52%, 0, 0, 7, 316.64
1587357043, 0, 1199, 1306, 1118, 22, 2.52%, 0, 0, 7, 317.26
1587357114, 0, 1215, 1306, 1117, 21, 2.52%, 0, 0, 7, 294.12
1587357150, 0, 1215, 1307, 1118, 21, 2.52%, 0, 0, 7, 265.70
1587357252, 0, 1231, 1307, 1117, 21, 2.52%, 0, 0, 7, 303.21
1587357307, 0, 1233, 1307, 1116, 20, 2.52%, 0, 0, 7, 338.77
1587357358, 0, 1233, 1308, 1117, 20, 2.52%, 0, 0, 7, 356.76
1587357363, 0, 1237, 1308, 1116, 19, 2.52%, 0, 0, 7, 342.65
1587357379, 0, 1237, 1310, 1118, 19, 2.52%, 0, 0, 7, 341.06
1587357424, 0, 1237, 1311, 1119, 19, 2.52%, 0, 0, 7, 337.18
1587357429, 0, 1237, 1313, 1121, 19, 2.52%, 0, 0, 7, 283.78
1587357434, 0, 1237, 1314, 1122, 19, 2.52%, 0, 0, 7, 319.54
1587357439, 0, 1237, 1315, 1123, 19, 2.52%, 0, 0, 7, 339.71
1587357449, 0, 1237, 1316, 1124, 19, 2.52%, 0, 0, 7, 330.39
1587357455, 0, 1237, 1317, 1125, 19, 2.52%, 0, 0, 7, 324.11
1587357470, 0, 1237, 1318, 1126, 19, 2.52%, 0, 0, 7, 341.67
1587357490, 0, 1237, 1319, 1127, 19, 2.52%, 0, 0, 7, 330.54
1587357495, 0, 1237, 1320, 1128, 19, 2.52%, 0, 0, 7, 335.54
1587357516, 0, 1237, 1322, 1130, 19, 2.52%, 0, 0, 7, 337.29
1587357526, 0, 1243, 1322, 1129, 19, 2.52%, 0, 0, 7, 343.03
1587357577, 0, 1246, 1322, 1128, 18, 2.52%, 0, 0, 7, 345.20
1587357592, 0, 1246, 1324, 1130, 18, 2.52%, 0, 0, 7, 344.97
1587357638, 0, 1247, 1324, 1129, 18, 2.52%, 0, 0, 7, 334.76
1587357695, 0, 1266, 1324, 1128, 17, 2.52%, 0, 0, 7, 356.34
1587357725, 0, 1278, 1324, 1127, 16, 2.52%, 0, 0, 7, 338.16
1587357730, 0, 1278, 1327, 1130, 16, 2.52%, 0, 0, 7, 332.23
1587357812, 0, 1286, 1327, 1129, 16, 2.52%, 0, 0, 7, 335.38
1587357883, 0, 1286, 1329, 1131, 16, 2.52%, 0, 0, 7, 331.48
1587357893, 0, 1286, 1331, 1133, 16, 2.52%, 0, 0, 7, 344.96
1587357924, 0, 1286, 1332, 1134, 16, 2.52%, 0, 0, 7, 344.73
1587357929, 0, 1286, 1333, 1135, 16, 2.52%, 0, 0, 7, 351.41
1587357960, 0, 1286, 1334, 1136, 16, 2.52%, 0, 0, 7, 348.40
1587357975, 0, 1288, 1334, 1135, 20, 2.52%, 0, 0, 7, 343.89
1587357985, 0, 1288, 1336, 1137, 20, 2.52%, 0, 0, 7, 325.62
1587358051, 0, 1288, 1337, 1138, 20, 2.52%, 0, 0, 7, 337.92
1587358062, 0, 1293, 1337, 1137, 19, 2.52%, 0, 0, 7, 334.05
1587358142, 0, 1299, 1337, 1136, 18, 2.52%, 0, 0, 7, 323.59
1587358148, 0, 1299, 1338, 1137, 18, 2.52%, 0, 0, 8, 318.55
1587358153, 0, 1299, 1339, 1138, 18, 2.52%, 0, 0, 8, 310.36
1587358163, 0, 1299, 1340, 1139, 18, 2.52%, 0, 0, 8, 313.81
1587358224, 0, 1299, 1341, 1140, 18, 2.52%, 0, 0, 8, 327.04
1587358229, 0, 1299, 1342, 1141, 18, 2.52%, 0, 0, 8, 324.07
1587358234, 0, 1299, 1343, 1142, 18, 2.52%, 0, 0, 8, 326.15
1587358254, 0, 1299, 1344, 1143, 18, 2.52%, 0, 0, 8, 327.97
1587358270, 0, 1299, 1345, 1144, 18, 2.52%, 0, 0, 8, 325.92
1587358295, 0, 1304, 1345, 1143, 17, 2.52%, 0, 0, 8, 317.01
1587358376, 0, 1309, 1346, 1143, 16, 2.52%, 0, 0, 8, 341.91
1587358437, 0, 1309, 1348, 1145, 16, 2.52%, 0, 0, 8, 354.79
1587358468, 0, 1314, 1349, 1145, 16, 2.52%, 0, 0, 8, 346.78
1587358545, 0, 1314, 1352, 1148, 16, 2.52%, 0, 0, 8, 343.57
1587358550, 0, 1314, 1353, 1149, 16, 2.52%, 0, 0, 8, 347.62
1587358565, 0, 1314, 1354, 1150, 16, 2.52%, 0, 0, 8, 348.14
1587358570, 0, 1314, 1355, 1151, 16, 2.52%, 0, 0, 8, 350.90
1587358595, 0, 1314, 1356, 1152, 16, 2.52%, 0, 0, 8, 355.68
1587358631, 0, 1323, 1357, 1152, 18, 2.52%, 0, 0, 8, 352.90
1587358687, 0, 1323, 1358, 1153, 18, 2.52%, 0, 0, 8, 344.15
1587358702, 0, 1326, 1358, 1152, 17, 2.52%, 0, 0, 8, 318.91
1587358784, 0, 1326, 1359, 1153, 17, 2.52%, 0, 0, 8, 343.08
1587358789, 0, 1326, 1360, 1154, 17, 2.52%, 0, 0, 8, 354.61
1587358805, 0, 1328, 1360, 1153, 17, 2.52%, 0, 0, 8, 333.45
1587358876, 0, 1329, 1363, 1155, 16, 2.52%, 0, 0, 8, 321.60
1587358957, 0, 1329, 1364, 1156, 16, 2.52%, 0, 0, 8, 325.22
1587358977, 0, 1330, 1365, 1156, 16, 2.52%, 0, 0, 8, 279.06
1587358982, 0, 1330, 1366, 1157, 16, 2.52%, 0, 0, 8, 310.85
1587359054, 0, 1330, 1367, 1158, 16, 2.52%, 0, 0, 8, 332.14
1587359064, 0, 1330, 1368, 1159, 16, 2.52%, 0, 0, 8, 338.14
1587359084, 0, 1330, 1369, 1160, 16, 2.52%, 0, 0, 8, 335.74
1587359115, 0, 1330, 1370, 1161, 16, 2.52%, 0, 0, 8, 338.34
1587359120, 0, 1330, 1371, 1162, 16, 2.52%, 0, 0, 8, 336.19
1587359125, 0, 1331, 1371, 1161, 16, 2.52%, 0, 0, 8, 336.55
1587359196, 0, 1342, 1371, 1160, 15, 2.52%, 0, 0, 8, 325.17
1587359278, 0, 1347, 1371, 1159, 14, 2.52%, 0, 0, 8, 335.77
1587359344, 0, 1347, 1372, 1160, 14, 2.52%, 0, 0, 9, 333.64
1587359349, 0, 1347, 1373, 1161, 14, 2.52%, 0, 0, 9, 339.44
1587359395, 0, 1348, 1373, 1160, 13, 2.52%, 0, 0, 9, 326.47
1587359400, 0, 1348, 1374, 1161, 13, 2.52%, 0, 0, 9, 319.22
1587359471, 0, 1348, 1376, 1163, 13, 2.52%, 0, 0, 9, 329.07
1587359476, 0, 1348, 1377, 1164, 13, 2.52%, 0, 0, 9, 343.27
1587359481, 0, 1348, 1378, 1165, 13, 2.52%, 0, 0, 9, 344.44
1587359487, 0, 1348, 1379, 1166, 13, 2.52%, 0, 0, 9, 335.70
1587359497, 0, 1348, 1380, 1167, 13, 2.52%, 0, 0, 9, 342.76
1587359517, 0, 1348, 1381, 1168, 13, 2.52%, 0, 0, 9, 351.10
1587359522, 0, 1348, 1382, 1169, 13, 2.52%, 0, 0, 9, 338.71
1587359533, 0, 1348, 1383, 1170, 13, 2.52%, 0, 0, 9, 321.27
1587359538, 0, 1356, 1385, 1171, 13, 2.52%, 0, 0, 9, 341.78
1587359543, 0, 1356, 1386, 1172, 13, 2.52%, 0, 0, 9, 347.64
1587359620, 0, 1359, 1386, 1171, 12, 2.52%, 0, 0, 9, 335.10
1587359691, 0, 1359, 1387, 1172, 12, 2.52%, 0, 0, 9, 348.29
1587359712, 0, 1368, 1387, 1171, 12, 2.52%, 0, 0, 9, 315.47
1587359717, 0, 1368, 1388, 1172, 12, 2.52%, 0, 0, 9, 311.05
1587359783, 0, 1368, 1389, 1173, 12, 2.52%, 0, 0, 9, 336.90
1587359788, 0, 1368, 1392, 1176, 12, 2.52%, 0, 0, 9, 343.10
1587359813, 0, 1368, 1393, 1177, 12, 2.52%, 0, 0, 9, 341.64
1587359824, 0, 1368, 1396, 1180, 12, 2.52%, 0, 0, 9, 335.65
1587359834, 0, 1368, 1397, 1181, 12, 2.52%, 0, 0, 9, 18.35
1587359839, 0, 1373, 1397, 1180, 15, 2.52%, 0, 0, 9, 333.72
1587359920, 0, 1374, 1397, 1179, 14, 2.52%, 0, 0, 9, 320.98
1587359931, 0, 1374, 1398, 1180, 14, 2.52%, 0, 0, 10, 319.74
1587359941, 0, 1374, 1399, 1181, 14, 2.52%, 0, 0, 10, 322.22
1587360007, 0, 1374, 1401, 1183, 14, 2.53%, 0, 0, 10, 322.37
1587360017, 0, 1374, 1403, 1185, 14, 2.53%, 0, 0, 10, 335.32
1587360037, 0, 1374, 1404, 1186, 14, 2.53%, 0, 0, 10, 340.25
1587360042, 0, 1374, 1405, 1187, 14, 2.53%, 0, 0, 10, 341.80
1587360052, 0, 1374, 1406, 1188, 14, 2.53%, 0, 0, 10, 342.57
1587360078, 0, 1386, 1406, 1187, 14, 2.53%, 0, 0, 10, 333.23
1587360083, 0, 1386, 1408, 1189, 14, 2.53%, 0, 0, 10, 333.00
1587360139, 0, 1386, 1409, 1190, 14, 2.53%, 0, 0, 10, 356.76
1587360154, 0, 1388, 1411, 1191, 14, 2.53%, 0, 0, 10, 329.81
1587360159, 0, 1388, 1416, 1196, 14, 2.53%, 0, 0, 10, 325.60
1587360169, 0, 1388, 1418, 1198, 14, 2.53%, 0, 0, 10, 330.34
1587360220, 0, 1388, 1425, 1205, 14, 2.53%, 0, 0, 10, 318.22
1587360230, 0, 1388, 1427, 1207, 14, 2.53%, 0, 0, 10, 319.17
1587360235, 0, 1388, 1429, 1209, 14, 2.53%, 0, 0, 10, 335.01
1587360245, 0, 1388, 1432, 1212, 14, 2.53%, 0, 0, 10, 339.93
1587360255, 0, 1388, 1433, 1213, 14, 2.53%, 0, 0, 10, 344.74
1587360265, 0, 1388, 1434, 1214, 14, 2.53%, 0, 0, 10, 331.08
1587360271, 0, 1388, 1435, 1215, 14, 2.53%, 0, 0, 10, 340.05
1587360276, 0, 1393, 1440, 1219, 18, 2.53%, 0, 0, 10, 331.11
1587360281, 0, 1393, 1441, 1220, 18, 2.53%, 0, 0, 10, 324.75
1587360357, 0, 1401, 1441, 1219, 18, 2.53%, 0, 0, 10, 321.47
1587360372, 0, 1401, 1442, 1220, 18, 2.53%, 0, 0, 11, 316.05
1587360377, 0, 1401, 1443, 1221, 18, 2.53%, 0, 0, 11, 331.04
1587360388, 0, 1401, 1444, 1222, 18, 2.53%, 0, 0, 11, 329.98
1587360398, 0, 1401, 1446, 1224, 18, 2.53%, 0, 0, 11, 317.93
1587360459, 0, 1401, 1447, 1225, 18, 2.53%, 0, 0, 11, 331.50
1587360474, 0, 1401, 1449, 1227, 18, 2.53%, 0, 0, 11, 336.91
1587360480, 0, 1401, 1450, 1228, 18, 2.53%, 0, 0, 11, 332.54
1587360485, 0, 1401, 1451, 1229, 18, 2.53%, 0, 0, 11, 344.08
1587360495, 0, 1401, 1453, 1231, 18, 2.53%, 0, 0, 11, 328.86
1587360521, 0, 1401, 1454, 1232, 18, 2.53%, 0, 0, 11, 343.55
1587360526, 0, 1401, 1455, 1233, 18, 2.53%, 0, 0, 11, 316.03
1587360531, 0, 1407, 1456, 1233, 19, 2.53%, 0, 0, 11, 330.25
1587360591, 0, 1407, 1457, 1234, 19, 2.53%, 0, 0, 11, 341.81
1587360597, 0, 1407, 1458, 1235, 19, 2.53%, 0, 0, 11, 346.13
1587360622, 0, 1409, 1458, 1234, 18, 2.53%, 0, 0, 11, 347.56
1587360627, 0, 1409, 1460, 1236, 18, 2.53%, 0, 0, 11, 313.11
1587360642, 0, 1409, 1461, 1237, 18, 2.53%, 0, 0, 11, 325.89
1587360693, 0, 1409, 1463, 1239, 18, 2.53%, 0, 0, 11, 334.37
1587360698, 0, 1409, 1464, 1240, 18, 2.53%, 0, 0, 11, 329.83
1587360704, 0, 1409, 1468, 1244, 18, 2.53%, 0, 0, 11, 343.15
1587360714, 0, 1409, 1470, 1246, 18, 2.53%, 0, 0, 11, 329.77
1587360729, 0, 1409, 1471, 1247, 18, 2.53%, 0, 0, 11, 318.82
1587360739, 0, 1409, 1472, 1248, 18, 2.53%, 0, 0, 11, 341.05
1587360749, 0, 1410, 1474, 1249, 17, 2.53%, 0, 0, 11, 314.11
1587360815, 0, 1410, 1475, 1250, 17, 2.53%, 0, 0, 11, 329.44
1587360825, 0, 1410, 1476, 1251, 17, 2.53%, 0, 0, 11, 331.87
1587360830, 0, 1410, 1477, 1252, 17, 2.53%, 0, 0, 11, 338.29
1587360851, 0, 1410, 1478, 1253, 17, 2.53%, 0, 0, 11, 327.92
1587360866, 0, 1410, 1480, 1255, 17, 2.53%, 0, 0, 11, 323.00
1587360871, 0, 1414, 1481, 1255, 17, 2.53%, 0, 0, 11, 323.09
1587360876, 0, 1414, 1482, 1256, 17, 2.53%, 0, 0, 11, 320.62
1587360937, 0, 1414, 1484, 1258, 17, 2.53%, 0, 0, 11, 321.28
1587360953, 0, 1414, 1485, 1259, 17, 2.53%, 0, 0, 11, 327.56
1587360963, 0, 1414, 1486, 1260, 17, 2.53%, 0, 0, 11, 320.52
1587360993, 0, 1414, 1488, 1262, 17, 2.53%, 0, 0, 11, 329.91
1587360998, 0, 1414, 1489, 1263, 17, 2.53%, 0, 0, 11, 317.79
1587361014, 0, 1417, 1491, 1264, 16, 2.53%, 0, 0, 11, 325.25
1587361019, 0, 1417, 1492, 1265, 16, 2.53%, 0, 0, 11, 323.52
1587361029, 0, 1417, 1493, 1266, 16, 2.53%, 0, 0, 11, 317.40
1587361080, 0, 1417, 1495, 1268, 16, 2.53%, 0, 0, 11, 332.23
1587361100, 0, 1417, 1496, 1269, 16, 2.53%, 0, 0, 11, 320.03
1587361105, 0, 1417, 1497, 1270, 16, 2.53%, 0, 0, 11, 320.92
1587361115, 0, 1417, 1498, 1271, 16, 2.53%, 0, 0, 11, 341.67
1587361141, 0, 1417, 1499, 1272, 16, 2.53%, 0, 0, 11, 328.22
1587361156, 0, 1418, 1499, 1271, 17, 2.53%, 0, 0, 11, 332.32
1587361217, 0, 1418, 1500, 1272, 17, 2.53%, 0, 0, 11, 324.95
1587361223, 0, 1418, 1501, 1273, 17, 2.53%, 0, 0, 11, 344.58
1587361228, 0, 1418, 1502, 1274, 17, 2.53%, 0, 0, 11, 341.80
1587361258, 0, 1418, 1504, 1276, 17, 2.53%, 0, 0, 11, 344.20
1587361273, 0, 1432, 1504, 1275, 16, 2.53%, 0, 0, 11, 335.83
1587361278, 0, 1432, 1505, 1276, 16, 2.53%, 0, 0, 11, 325.40
1587361345, 0, 1432, 1506, 1277, 16, 2.53%, 0, 0, 11, 336.67
1587361355, 0, 1432, 1509, 1280, 16, 2.53%, 0, 0, 11, 333.57
1587361365, 0, 1432, 1510, 1281, 16, 2.53%, 0, 0, 11, 322.83
1587361376, 0, 1432, 1511, 1282, 16, 2.53%, 0, 0, 11, 337.20
1587361396, 0, 1439, 1511, 1281, 15, 2.53%, 0, 0, 11, 287.76
1587361468, 0, 1450, 1511, 1280, 14, 2.53%, 0, 0, 11, 323.02
1587361519, 0, 1450, 1512, 1281, 14, 2.53%, 0, 0, 12, 314.54
1587361600, 0, 1450, 1514, 1283, 14, 2.53%, 0, 0, 12, 320.00
1587361605, 0, 1450, 1516, 1285, 14, 2.53%, 0, 0, 12, 320.28
1587361615, 0, 1450, 1517, 1286, 14, 2.53%, 0, 0, 12, 307.11
1587361620, 0, 1450, 1518, 1287, 14, 2.53%, 0, 0, 12, 317.41
1587361640, 0, 1450, 1519, 1288, 14, 2.53%, 0, 0, 12, 303.68
1587361646, 0, 1450, 1520, 1289, 14, 2.53%, 0, 0, 12, 313.95
1587361661, 0, 1450, 1522, 1291, 14, 2.53%, 0, 0, 12, 327.85
1587361676, 0, 1452, 1522, 1290, 14, 2.53%, 0, 0, 12, 313.14
1587361773, 0, 1452, 1523, 1291, 14, 2.53%, 0, 0, 12, 344.61
1587361778, 0, 1452, 1526, 1294, 14, 2.53%, 0, 0, 12, 327.74
1587361845, 0, 1467, 1527, 1294, 13, 2.53%, 0, 0, 12, 318.15
1587361870, 0, 1467, 1528, 1295, 13, 2.53%, 0, 0, 12, 301.01
1587361921, 0, 1467, 1529, 1296, 13, 2.53%, 0, 0, 12, 308.52
1587361926, 0, 1467, 1531, 1298, 13, 2.53%, 0, 0, 12, 308.86
1587361932, 0, 1467, 1532, 1299, 13, 2.53%, 0, 0, 12, 308.80
1587361937, 0, 1467, 1533, 1300, 13, 2.53%, 0, 0, 12, 332.43
1587361942, 0, 1467, 1534, 1301, 13, 2.53%, 0, 0, 12, 334.80
1587361967, 0, 1467, 1535, 1302, 13, 2.53%, 0, 0, 12, 320.29
1587361972, 0, 1467, 1536, 1303, 13, 2.53%, 0, 0, 12, 334.94
1587361998, 0, 1476, 1537, 1303, 14, 2.53%, 0, 0, 12, 295.12
1587362019, 0, 1476, 1538, 1304, 14, 2.53%, 0, 0, 12, 315.43
1587362080, 0, 1476, 1540, 1306, 14, 2.53%, 0, 0, 12, 324.24
1587362085, 0, 1476, 1541, 1307, 14, 2.53%, 0, 0, 12, 325.62
1587362095, 0, 1476, 1543, 1309, 14, 2.53%, 0, 0, 12, 326.06
1587362105, 0, 1476, 1544, 1310, 14, 2.53%, 0, 0, 12, 298.49
1587362110, 0, 1476, 1545, 1311, 14, 2.53%, 0, 0, 12, 314.84
1587362115, 0, 1476, 1546, 1312, 14, 2.53%, 0, 0, 12, 333.44
1587362120, 0, 1476, 1547, 1313, 14, 2.53%, 0, 0, 12, 325.59
1587362130, 0, 1476, 1548, 1314, 14, 2.53%, 0, 0, 12, 327.29
1587362135, 0, 1489, 1548, 1313, 13, 2.53%, 0, 0, 12, 326.50
1587362196, 0, 1489, 1549, 1314, 13, 2.53%, 0, 0, 12, 339.04
1587362211, 0, 1492, 1549, 1313, 12, 2.53%, 0, 0, 12, 332.02
1587362277, 0, 1492, 1550, 1314, 12, 2.53%, 0, 0, 12, 329.90
1587362298, 0, 1520, 1550, 1313, 11, 2.53%, 0, 0, 12, 311.99
1587362348, 0, 1533, 1550, 1312, 10, 2.53%, 0, 0, 12, 322.73
1587362353, 0, 1533, 1552, 1314, 10, 2.53%, 0, 0, 13, 312.19
1587362445, 1, 115, 1552, 1313, 9, 2.53%, 0, 0, 13, 294.92
1587362516, 1, 143, 1553, 1313, 8, 2.53%, 0, 0, 13, 319.18
1587362547, 1, 349, 1553, 1312, 7, 2.53%, 0, 0, 13, 275.86
1587362628, 1, 349, 1559, 1318, 7, 2.53%, 0, 0, 13, 279.67
1587362633, 1, 349, 1561, 1320, 7, 2.53%, 0, 0, 13, 277.34
1587362638, 1, 349, 1563, 1322, 7, 2.54%, 0, 0, 13, 283.12
1587362643, 1, 349, 1565, 1324, 7, 2.54%, 0, 0, 13, 277.17
1587362654, 1, 349, 1567, 1326, 7, 2.54%, 0, 0, 13, 292.14
1587362665, 1, 349, 1569, 1328, 7, 2.54%, 0, 0, 13, 285.59
1587362670, 1, 349, 1570, 1329, 7, 2.54%, 0, 0, 13, 6.54
1587362680, 1, 349, 1571, 1330, 7, 2.54%, 0, 0, 13, 294.95
1587362701, 1, 349, 1572, 1331, 7, 2.54%, 0, 0, 13, 251.92
1587362711, 1, 349, 1573, 1332, 7, 2.54%, 0, 0, 13, 239.60
1587362727, 1, 349, 1574, 1333, 7, 2.54%, 0, 0, 13, 268.63
1587362758, 1, 349, 1575, 1334, 7, 2.54%, 0, 0, 13, 273.38
1587362768, 1, 426, 1575, 1333, 8, 2.54%, 0, 0, 13, 278.69
1587362824, 1, 449, 1575, 1332, 7, 2.54%, 0, 0, 13, 319.07
1587362886, 1, 562, 1575, 1331, 6, 2.54%, 0, 0, 13, 320.16
1587362947, 1, 586, 1575, 1330, 5, 2.54%, 0, 0, 13, 347.64
1587363008, 1, 586, 1577, 1332, 5, 2.54%, 0, 0, 13, 351.26
1587363018, 1, 586, 1578, 1333, 5, 2.54%, 0, 0, 13, 360.85
1587363023, 1, 586, 1579, 1334, 5, 2.54%, 0, 0, 13, 349.29
1587363054, 1, 661, 1580, 1334, 4, 2.54%, 0, 0, 13, 357.22
1587363059, 1, 662, 1580, 1334, 4, 2.54%, 0, 0, 13, 356.12
1587363110, 1, 662, 1581, 1335, 4, 2.54%, 0, 0, 13, 363.47
1587363115, 1, 662, 1582, 1336, 4, 2.54%, 0, 0, 13, 361.44
1587363120, 1, 662, 1583, 1337, 4, 2.54%, 0, 0, 13, 367.21
1587363130, 1, 662, 1584, 1338, 4, 2.54%, 0, 0, 13, 359.98
1587363166, 1, 662, 1585, 1339, 4, 2.54%, 0, 0, 13, 360.04
1587363181, 1, 788, 1585, 1338, 3, 2.54%, 0, 0, 13, 352.49
1587363232, 1, 847, 1585, 1337, 2, 2.54%, 0, 0, 13, 351.38
1587363293, 1, 1049, 1585, 1336, 2, 2.54%, 0, 0, 13, 372.45
1587363360, 1, 1049, 1586, 1337, 2, 2.54%, 0, 0, 13, 352.08
1587363365, 1, 1049, 1587, 1338, 2, 2.54%, 0, 0, 13, 351.37
1587363370, 1, 1049, 1589, 1340, 2, 2.54%, 0, 0, 13, 347.32
1587363375, 1, 1049, 1591, 1342, 2, 2.54%, 0, 0, 13, 326.14
1587363390, 1, 1049, 1593, 1344, 2, 2.54%, 0, 0, 13, 349.06
1587363421, 1, 1049, 1594, 1345, 2, 2.54%, 0, 0, 13, 346.04
1587363436, 1, 1049, 1596, 1347, 2, 2.54%, 0, 0, 13, 357.18
1587363451, 1, 1236, 1596, 1346, 2, 2.54%, 0, 0, 13, 355.83
1587363497, 1, 1236, 1597, 1347, 2, 2.54%, 0, 0, 13, 330.95
1587363507, 1, 1358, 1597, 1346, 1, 2.54%, 0, 0, 13, 339.86
1587363512, 1, 1358, 1598, 1347, 1, 2.54%, 0, 0, 13, 332.68
1587363588, 1, 1358, 1601, 1350, 1, 2.54%, 0, 0, 13, 347.48
1587363603, 1, 1358, 1602, 1351, 1, 2.54%, 0, 0, 13, 341.01
1587363624, 1, 1358, 1603, 1352, 1, 2.54%, 0, 0, 13, 344.27
1587363629, 1, 1358, 1604, 1353, 1, 2.54%, 0, 0, 13, 353.56
1587363649, 1, 1358, 1605, 1354, 1, 2.54%, 0, 0, 13, 346.17
1587363655, 1, 1402, 1606, 1354, 1, 2.54%, 0, 0, 13, 343.56
1587363670, 1, 1402, 1607, 1355, 1, 2.54%, 0, 0, 13, 329.74
1587363761, 1, 1402, 1608, 1356, 1, 2.54%, 0, 0, 13, 320.89
1587363766, 1, 1402, 1611, 1359, 1, 2.54%, 0, 0, 13, 332.98
1587363771, 1, 1402, 1612, 1360, 1, 2.54%, 0, 0, 13, 334.21
1587363776, 1, 1402, 1614, 1362, 1, 2.54%, 0, 0, 13, 339.05
1587363786, 1, 1402, 1616, 1364, 1, 2.54%, 0, 0, 13, 339.53
1587363797, 1, 1402, 1617, 1365, 1, 2.54%, 0, 0, 13, 285.60
1587363802, 1, 1402, 1618, 1366, 1, 2.54%, 0, 0, 13, 330.92
1587363807, 1, 1402, 1619, 1367, 1, 2.54%, 0, 0, 13, 345.42
1587363817, 1, 1402, 1620, 1368, 1, 2.54%, 0, 0, 13, 346.31
1587363822, 1, 1402, 1621, 1369, 1, 2.54%, 0, 0, 13, 331.05
1587363828, 1, 1402, 1622, 1370, 1, 2.54%, 0, 0, 13, 342.56
1587363833, 1, 1512, 1622, 1369, 2, 2.54%, 0, 0, 13, 326.05
1587363950, 1, 1512, 1623, 1370, 2, 2.54%, 0, 0, 13, 303.01
1587363955, 1, 1512, 1624, 1371, 2, 2.54%, 0, 0, 13, 165.85
1587363960, 1, 1512, 1625, 1372, 2, 2.54%, 0, 0, 13, 282.42
1587363971, 1, 1512, 1626, 1373, 2, 2.54%, 0, 0, 13, 318.78
1587363976, 1, 1512, 1627, 1374, 2, 2.54%, 0, 0, 13, 316.32
1587364011, 1, 1512, 1628, 1375, 2, 2.54%, 0, 0, 13, 324.56
1587364027, 1, 1512, 1630, 1377, 2, 2.55%, 0, 0, 13, 314.86
1587364032, 1, 1561, 1630, 1376, 4, 2.55%, 0, 0, 13, 305.76
1587364078, 1, 1561, 1631, 1377, 4, 2.55%, 0, 0, 13, 318.24
1587364083, 1, 1621, 1634, 1379, 3, 2.55%, 0, 0, 13, 301.06
1587364098, 1, 1621, 1635, 1380, 3, 2.55%, 0, 0, 13, 295.49
1587364252, 1, 1621, 1640, 1385, 3, 2.55%, 0, 0, 13, 322.74
1587364257, 1, 1621, 1642, 1387, 3, 2.55%, 0, 0, 13, 331.69
1587364263, 1, 1621, 1645, 1390, 3, 2.55%, 0, 0, 13, 330.44
1587364268, 1, 1621, 1646, 1391, 3, 2.55%, 0, 0, 13, 327.70
1587364278, 1, 1621, 1648, 1393, 3, 2.55%, 0, 0, 13, 324.82
1587364303, 1, 1621, 1649, 1394, 3, 2.55%, 0, 0, 13, 330.79
1587364308, 1, 1621, 1650, 1395, 3, 2.55%, 0, 0, 13, 321.76
1587364318, 1, 1621, 1651, 1396, 3, 2.55%, 0, 0, 13, 317.13
1587364324, 1, 1626, 1651, 1395, 5, 2.55%, 0, 0, 13, 320.85
1587364329, 1, 1626, 1652, 1396, 5, 2.55%, 0, 0, 14, 315.61
1587364445, 1, 1626, 1653, 1397, 5, 2.55%, 0, 0, 14, 350.70
1587364450, 1, 1626, 1654, 1398, 5, 2.55%, 0, 0, 14, 339.65
1587364456, 1, 1626, 1655, 1399, 5, 2.55%, 0, 0, 14, 352.43
1587364471, 1, 1626, 1656, 1400, 5, 2.55%, 0, 0, 14, 351.62
1587364512, 1, 1631, 1656, 1399, 4, 2.55%, 0, 0, 14, 297.06
1587364690, 1, 1631, 1658, 1401, 4, 2.55%, 0, 0, 14, 306.96
1587364710, 1, 1631, 1660, 1403, 4, 2.55%, 0, 0, 14, 262.93
1587364715, 1, 1631, 1661, 1404, 4, 2.55%, 0, 0, 14, 314.68
1587364726, 1, 1631, 1662, 1405, 4, 2.55%, 0, 0, 14, 320.76
1587364731, 1, 1631, 1663, 1406, 4, 2.55%, 0, 0, 14, 323.29
1587364746, 1, 1634, 1663, 1405, 3, 2.55%, 0, 0, 14, 278.99
1587364751, 1, 1634, 1664, 1406, 3, 2.55%, 0, 0, 14, 287.55
1587364914, 1, 1634, 1665, 1407, 3, 2.55%, 0, 0, 14, 323.46
1587364960, 1, 1634, 1666, 1408, 3, 2.55%, 0, 0, 14, 270.36
1587364970, 1, 1635, 1668, 1409, 2, 2.55%, 0, 0, 14, 320.17
1587365189, 1, 1635, 1669, 1410, 2, 2.55%, 0, 0, 14, 307.46
1587365225, 1, 1635, 1670, 1411, 2, 2.55%, 0, 0, 14, 307.49
1587365250, 1, 1635, 1671, 1412, 2, 2.55%, 0, 0, 14, 301.53
1587365265, 1, 1635, 1672, 1413, 2, 2.55%, 0, 0, 14, 306.73
1587365271, 1, 1659, 1672, 1412, 1, 2.55%, 0, 0, 14, 304.89
1587365301, 1, 1659, 1673, 1413, 1, 2.55%, 0, 0, 14, 277.78
1587365455, 1, 1659, 1674, 1414, 1, 2.55%, 0, 0, 14, 292.25
1587365460, 1, 1659, 1675, 1415, 1, 2.55%, 0, 0, 14, 277.98
1587365491, 1, 1659, 1676, 1416, 1, 2.55%, 0, 0, 14, 300.27
1587365516, 1, 1662, 1676, 1415, 0, 2.55%, 0, 0, 14, 305.45
1587365597, 1, 1665, 1676, 1414, 0, 2.55%, 0, 0, 14, 227.49
1587365602, 1, 1665, 1679, 1417, 0, 2.55%, 0, 0, 14, 240.35
1587365627, 1, 1665, 1681, 1419, 0, 2.55%, 0, 0, 14, 245.71
1587365683, 1, 1665, 1682, 1420, 0, 2.55%, 0, 0, 14, 246.14
1587365693, 1, 1665, 1687, 1425, 0, 2.55%, 0, 0, 14, 246.15
1587365754, 1, 1665, 1692, 1430, 0, 2.55%, 0, 0, 14, 244.52
1587365825, 1, 1665, 1696, 1434, 0, 2.55%, 0, 0, 14, 253.93
1587365835, 1, 1665, 1697, 1435, 0, 2.55%, 0, 0, 14, 256.77
1587365840, 1, 1665, 1700, 1438, 0, 2.55%, 0, 0, 14, 257.75
1587365845, 1, 1665, 1701, 1439, 0, 2.55%, 0, 0, 14, 258.60
1587365850, 1, 1665, 1702, 1440, 0, 2.55%, 0, 0, 14, 261.11
1587365855, 1, 1665, 1703, 1441, 0, 2.55%, 0, 0, 14, 261.77
1587365860, 1, 1665, 1704, 1442, 0, 2.55%, 0, 0, 14, 260.02
1587365865, 1, 1665, 1706, 1444, 0, 2.55%, 0, 0, 14, 261.86
1587365870, 1, 1665, 1708, 1446, 0, 2.55%, 0, 0, 14, 258.51
1587365890, 1, 1665, 1709, 1447, 0, 2.55%, 0, 0, 14, 256.80
1587365895, 1, 1669, 1709, 1446, 0, 2.55%, 0, 0, 14, 235.54
1587365931, 1, 1669, 1710, 1447, 0, 2.55%, 0, 0, 14, 244.04
1587365962, 1, 1669, 1711, 1448, 0, 2.55%, 0, 0, 14, 282.47
1587366155, 1, 1669, 1712, 1449, 0, 2.55%, 0, 0, 14, 291.34
1587366165, 1, 1669, 1713, 1450, 0, 2.55%, 0, 0, 14, 292.25
1587366170, 1, 1669, 1715, 1452, 0, 2.55%, 0, 0, 14, 299.61
1587366175, 1, 1669, 1716, 1453, 0, 2.55%, 0, 0, 14, 295.32
1587366180, 1, 1669, 1717, 1454, 0, 2.55%, 0, 0, 14, 303.22
1587366185, 1, 1669, 1718, 1455, 0, 2.55%, 0, 0, 14, 300.54
1587366195, 1, 1669, 1719, 1456, 0, 2.55%, 0, 0, 14, 265.78
1587366205, 1, 1669, 1722, 1459, 0, 2.55%, 0, 0, 14, 295.51
1587366210, 1, 1669, 1723, 1460, 0, 2.55%, 0, 0, 14, 297.95
1587366216, 1, 1671, 1723, 1459, 0, 2.55%, 0, 0, 14, 299.93
1587366251, 1, 1671, 1724, 1460, 0, 2.55%, 0, 0, 14, 298.19
1587366510, 1, 1678, 1724, 1459, 0, 2.55%, 0, 0, 14, 238.69
1587366780, 1, 1684, 1724, 1458, 0, 2.55%, 0, 0, 14, 255.48
1587366866, 1, 1684, 1726, 1460, 0, 2.55%, 0, 0, 15, 252.55
1587367030, 1, 1690, 1728, 1461, 0, 2.55%, 0, 0, 15, 246.95
1587367081, 1, 1690, 1731, 1464, 0, 2.55%, 0, 0, 15, 257.03
1587367117, 1, 1690, 1732, 1465, 0, 2.55%, 0, 0, 15, 268.00
1587367230, 1, 1690, 1734, 1467, 0, 2.55%, 0, 0, 15, 272.79
1587367250, 1, 1690, 1735, 1468, 0, 2.55%, 0, 0, 15, 277.24
1587367260, 1, 1690, 1736, 1469, 0, 2.55%, 0, 0, 15, 273.08
1587367270, 1, 1690, 1738, 1471, 0, 2.55%, 0, 0, 15, 267.21
1587367311, 1, 1690, 1739, 1472, 0, 2.55%, 0, 0, 15, 265.40
1587367316, 1, 1690, 1740, 1473, 0, 2.55%, 0, 0, 15, 273.29
1587367331, 1, 1690, 1742, 1475, 0, 2.55%, 0, 0, 15, 274.44
1587367352, 1, 1691, 1742, 1474, 0, 2.55%, 0, 0, 15, 260.54
1587367382, 1, 1691, 1743, 1475, 0, 2.55%, 0, 0, 15, 253.16
1587367443, 1, 1691, 1744, 1476, 0, 2.55%, 0, 0, 15, 253.22
1587367591, 1, 1691, 1745, 1477, 0, 2.55%, 0, 0, 15, 259.33
1587367646, 1, 1691, 1746, 1478, 0, 2.55%, 0, 0, 15, 211.82
1587367692, 1, 1691, 1747, 1479, 0, 2.55%, 0, 0, 15, 264.15
1587367717, 1, 1694, 1747, 1478, 0, 2.55%, 0, 0, 15, 234.90
1587368010, 1, 1694, 1748, 1479, 0, 2.55%, 0, 0, 15, 246.46
1587368035, 1, 1694, 1749, 1480, 0, 2.55%, 0, 0, 15, 236.81
1587368051, 1, 1694, 1750, 1481, 0, 2.55%, 0, 0, 15, 226.19
1587368061, 1, 1694, 1751, 1482, 0, 2.55%, 0, 0, 15, 228.27
1587368097, 1, 1694, 1752, 1483, 0, 2.55%, 0, 0, 15, 245.89
1587368117, 1, 1694, 1753, 1484, 0, 2.55%, 0, 0, 15, 10.57
1587368133, 1, 1694, 1756, 1487, 0, 2.55%, 0, 0, 15, 245.31
1587368143, 1, 1696, 1757, 1487, 0, 2.55%, 0, 0, 15, 215.78
1587368429, 1, 1696, 1758, 1488, 0, 2.55%, 0, 0, 15, 251.74
1587368465, 1, 1696, 1759, 1489, 0, 2.55%, 0, 0, 15, 231.71
1587368547, 1, 1702, 1759, 1488, 0, 2.55%, 0, 0, 15, 216.34
1587368855, 1, 1702, 1760, 1489, 0, 2.55%, 0, 0, 15, 239.73
1587368870, 1, 1702, 1761, 1490, 0, 2.55%, 0, 0, 15, 244.63
1587368911, 1, 1702, 1762, 1491, 0, 2.55%, 0, 0, 15, 240.47
1587368952, 1, 1702, 1763, 1492, 0, 2.55%, 0, 0, 15, 250.61
1587368957, 1, 1702, 1764, 1493, 0, 2.55%, 0, 0, 15, 249.98
1587368977, 1, 1702, 1765, 1494, 0, 2.55%, 0, 0, 15, 251.19
1587368982, 1, 1710, 1765, 1493, 0, 2.55%, 0, 0, 15, 263.64
1587369008, 1, 1710, 1766, 1494, 0, 2.55%, 0, 0, 15, 262.88
1587369228, 1, 1710, 1767, 1495, 0, 2.55%, 0, 0, 15, 303.38
1587369263, 1, 1710, 1768, 1496, 0, 2.55%, 0, 0, 15, 282.00
1587369284, 1, 1710, 1769, 1497, 0, 2.55%, 0, 0, 15, 316.64
1587369294, 1, 1710, 1771, 1499, 0, 2.55%, 0, 0, 15, 307.90
1587369305, 1, 1720, 1771, 1498, 0, 2.55%, 0, 0, 15, 249.89
1587369325, 1, 1720, 1772, 1499, 0, 2.55%, 0, 0, 15, 240.77
1587369340, 1, 1720, 1773, 1500, 0, 2.55%, 0, 0, 15, 221.73
1587369345, 1, 1720, 1775, 1502, 0, 2.55%, 0, 0, 15, 211.29
1587369366, 1, 1720, 1777, 1504, 0, 2.55%, 0, 0, 15, 236.88
1587369376, 1, 1720, 1779, 1506, 0, 2.55%, 0, 0, 15, 254.59
1587369386, 1, 1720, 1780, 1507, 0, 2.55%, 0, 0, 15, 255.17
1587369391, 1, 1720, 1781, 1508, 0, 2.55%, 0, 0, 15, 255.66
1587369550, 1, 1720, 1782, 1509, 0, 2.55%, 0, 0, 15, 208.72
1587369555, 1, 1720, 1788, 1515, 0, 2.55%, 0, 0, 15, 251.35
1587369560, 1, 1720, 1792, 1519, 0, 2.55%, 0, 0, 15, 271.18
1587369565, 1, 1720, 1794, 1521, 0, 2.55%, 0, 0, 15, 20.03
1587369596, 1, 1720, 1795, 1522, 0, 2.55%, 0, 0, 15, 283.38
1587369612, 1, 1720, 1796, 1523, 0, 2.55%, 0, 0, 15, 257.95
1587369617, 1, 1720, 1798, 1525, 0, 2.55%, 0, 0, 15, 9.91
1587369648, 1, 1723, 1798, 1524, 0, 2.55%, 0, 0, 15, 283.68
1587369658, 1, 1723, 1799, 1525, 0, 2.55%, 0, 0, 15, 294.31
1587369977, 1, 1725, 1800, 1525, 0, 2.55%, 0, 0, 16, 255.54
1587370008, 1, 1725, 1801, 1526, 0, 2.55%, 0, 0, 16, 248.01
1587370069, 1, 1725, 1807, 1532, 0, 2.55%, 0, 0, 16, 250.30
1587370213, 1, 1725, 1808, 1533, 0, 2.55%, 0, 0, 16, 241.99
1587370249, 1, 1725, 1809, 1534, 0, 2.55%, 0, 0, 16, 202.98
1587370294, 1, 1725, 1810, 1535, 0, 2.55%, 0, 0, 16, 255.44
1587370340, 1, 1728, 1810, 1534, 0, 2.55%, 0, 0, 16, 255.90
1587370575, 1, 1728, 1811, 1535, 0, 2.55%, 0, 0, 16, 253.89
1587370621, 1, 1733, 1811, 1534, 0, 2.55%, 0, 0, 16, 234.89
1587370917, 1, 1733, 1812, 1535, 0, 2.55%, 0, 0, 16, 243.74
1587370963, 1, 1740, 1812, 1534, 0, 2.55%, 0, 0, 16, 244.01
1587371019, 1, 1740, 1813, 1535, 0, 2.55%, 0, 0, 16, 251.89
1587371060, 1, 1740, 1814, 1536, 0, 2.55%, 0, 0, 16, 233.72
1587371167, 1, 1740, 1815, 1537, 0, 2.55%, 0, 0, 16, 231.49
1587371198, 1, 1741, 1815, 1536, 0, 2.55%, 0, 0, 16, 228.41
1587371480, 1, 1741, 1816, 1537, 0, 2.55%, 0, 0, 16, 233.40
1587371485, 1, 1741, 1817, 1538, 0, 2.55%, 0, 0, 16, 238.78
1587371572, 1, 1741, 1818, 1539, 0, 2.55%, 0, 0, 16, 230.88
1587371592, 1, 1743, 1818, 1538, 0, 2.55%, 0, 0, 16, 250.68
1587371832, 1, 1743, 1819, 1539, 0, 2.55%, 0, 0, 16, 248.98
1587371852, 1, 1743, 1820, 1540, 0, 2.55%, 0, 0, 16, 249.22
1587371964, 1, 1746, 1820, 1539, 0, 2.55%, 0, 0, 16, 241.97
1587372221, 1, 1746, 1822, 1541, 0, 2.55%, 0, 0, 16, 244.24
1587372226, 1, 1746, 1823, 1542, 0, 2.55%, 0, 0, 16, 247.95
1587372304, 1, 1746, 1824, 1543, 0, 2.55%, 0, 0, 16, 244.29
1587372339, 1, 1746, 1825, 1544, 0, 2.55%, 0, 0, 16, 244.90
1587372354, 1, 1754, 1825, 1543, 0, 2.55%, 0, 0, 16, 212.83
1587372780, 1, 1754, 1826, 1544, 0, 2.55%, 0, 0, 16, 209.10
1587372857, 1, 1756, 1826, 1543, 0, 2.55%, 0, 0, 16, 199.03
1587373317, 1, 1756, 1827, 1544, 0, 2.55%, 0, 0, 16, 215.15
1587373327, 1, 1756, 1829, 1546, 0, 2.55%, 0, 0, 16, 210.80
1587373332, 1, 1756, 1830, 1547, 0, 2.55%, 0, 0, 16, 213.46
1587373337, 1, 1756, 1831, 1548, 0, 2.55%, 0, 0, 16, 212.88
1587373353, 1, 1756, 1832, 1549, 0, 2.55%, 0, 0, 16, 208.19
1587373358, 1, 1756, 1833, 1550, 0, 2.55%, 0, 0, 16, 207.37
1587373383, 1, 1756, 1834, 1551, 0, 2.55%, 0, 0, 16, 207.60
1587373429, 1, 1764, 1834, 1550, 0, 2.55%, 0, 0, 16, 200.37
1587373435, 1, 1764, 1835, 1551, 0, 2.55%, 0, 0, 16, 205.83
1587373475, 1, 1764, 1838, 1554, 0, 2.55%, 0, 0, 16, 199.71
1587373516, 1, 1764, 1840, 1556, 0, 2.55%, 0, 0, 16, 208.85
1587373572, 1, 1764, 1843, 1559, 0, 2.55%, 0, 0, 16, 205.32
1587373710, 1, 1764, 1845, 1561, 0, 2.55%, 0, 0, 16, 190.72
1587373776, 1, 1764, 1846, 1562, 0, 2.55%, 0, 0, 16, 201.45
1587373878, 1, 1764, 1847, 1563, 0, 2.55%, 0, 0, 16, 211.13
1587373893, 1, 1764, 1848, 1564, 0, 2.55%, 0, 0, 16, 216.26
1587373933, 1, 1764, 1849, 1565, 0, 2.55%, 0, 0, 16, 217.74
1587373984, 1, 1766, 1849, 1564, 0, 2.55%, 0, 0, 16, 226.30
1587374000, 1, 1766, 1850, 1565, 0, 2.55%, 0, 0, 16, 241.06
1587374005, 1, 1766, 1852, 1567, 0, 2.55%, 0, 0, 16, 247.87
1587374015, 1, 1766, 1856, 1571, 0, 2.55%, 0, 0, 16, 244.35
1587374020, 1, 1766, 1860, 1575, 0, 2.55%, 0, 0, 16, 242.51
1587374035, 1, 1766, 1862, 1577, 0, 2.55%, 0, 0, 16, 255.96
1587374040, 1, 1766, 1864, 1579, 0, 2.55%, 0, 0, 16, 257.28
1587374056, 1, 1766, 1865, 1580, 0, 2.55%, 0, 0, 16, 253.93
1587374219, 1, 1766, 1866, 1581, 0, 2.55%, 0, 0, 16, 264.97
1587374224, 1, 1766, 1867, 1582, 0, 2.55%, 0, 0, 16, 272.32
1587374229, 1, 1766, 1868, 1583, 0, 2.55%, 0, 0, 16, 273.90
1587374245, 1, 1766, 1870, 1585, 0, 2.55%, 0, 0, 16, 19.47
1587374265, 1, 1766, 1871, 1586, 0, 2.55%, 0, 0, 16, 282.54
1587374275, 1, 1766, 1872, 1587, 0, 2.55%, 0, 0, 16, 284.19
1587374280, 1, 1766, 1873, 1588, 0, 2.55%, 0, 0, 16, 276.11
1587374285, 1, 1766, 1874, 1589, 0, 2.55%, 0, 0, 16, 278.64
1587374290, 1, 1766, 1875, 1590, 0, 2.55%, 0, 0, 16, 275.57
1587374300, 1, 1766, 1876, 1591, 0, 2.55%, 0, 0, 16, 277.25
1587374305, 1, 1767, 1876, 1590, 0, 2.55%, 0, 0, 16, 265.93
1587374311, 1, 1767, 1877, 1591, 0, 2.55%, 0, 0, 16, 228.11
1587374643, 1, 1767, 1878, 1592, 0, 2.55%, 0, 0, 16, 255.48
1587374648, 1, 1767, 1879, 1593, 0, 2.55%, 0, 0, 16, 259.78
1587374668, 1, 1767, 1880, 1594, 0, 2.55%, 0, 0, 16, 260.67
1587374673, 1, 1767, 1882, 1596, 0, 2.55%, 0, 0, 16, 263.93
1587374683, 1, 1768, 1882, 1595, 0, 2.55%, 0, 0, 16, 224.08
1587374724, 1, 1768, 1883, 1596, 0, 2.55%, 0, 0, 16, 216.16
1587374760, 1, 1768, 1886, 1599, 0, 2.55%, 0, 0, 16, 234.95
1587374770, 1, 1768, 1887, 1600, 0, 2.55%, 0, 0, 16, 237.32
1587374795, 1, 1768, 1888, 1601, 0, 2.55%, 0, 0, 16, 247.49
1587374801, 1, 1768, 1889, 1602, 0, 2.55%, 0, 0, 16, 244.47
1587375036, 1, 1768, 1890, 1603, 0, 2.55%, 0, 0, 16, 258.77
1587375046, 1, 1768, 1892, 1605, 0, 2.55%, 0, 0, 16, 265.40
1587375056, 1, 1768, 1893, 1606, 0, 2.55%, 0, 0, 16, 264.90
1587375067, 1, 1768, 1895, 1608, 0, 2.55%, 0, 0, 16, 259.48
1587375082, 1, 1768, 1896, 1609, 0, 2.55%, 0, 0, 16, 262.16
1587375087, 1, 1768, 1898, 1611, 0, 2.55%, 0, 0, 16, 264.41
1587375097, 1, 1768, 1899, 1612, 0, 2.55%, 0, 0, 16, 270.72
1587375113, 1, 1768, 1900, 1613, 0, 2.55%, 0, 0, 16, 268.36
1587375118, 1, 1768, 1901, 1614, 0, 2.55%, 0, 0, 16, 249.58
1587375128, 1, 1870, 1901, 1613, 1, 2.55%, 0, 0, 16, 224.94
1587375351, 1, 1870, 1902, 1614, 1, 2.55%, 0, 0, 17, 257.39
1587375356, 1, 1870, 1903, 1615, 1, 2.55%, 0, 0, 17, 250.49
1587375376, 1, 1870, 1904, 1616, 1, 2.55%, 0, 0, 17, 253.86
1587375381, 1, 1870, 1905, 1617, 1, 2.55%, 0, 0, 17, 248.35
1587375407, 1, 1870, 1906, 1618, 1, 2.55%, 0, 0, 17, 258.76
1587375432, 1, 1870, 1908, 1620, 1, 2.55%, 0, 0, 17, 243.19
1587375468, 1, 1898, 1909, 1620, 1, 2.55%, 0, 0, 17, 247.58
1587375484, 1, 1898, 1910, 1621, 1, 2.55%, 0, 0, 17, 234.30
1587375514, 1, 1898, 1911, 1622, 1, 2.55%, 0, 0, 17, 238.53
1587375565, 1, 1898, 1912, 1623, 1, 2.55%, 0, 0, 17, 241.24
1587375903, 1, 1898, 1913, 1624, 1, 2.55%, 0, 0, 17, 250.87
1587375908, 1, 1898, 1914, 1625, 1, 2.55%, 0, 0, 17, 260.04
1587375969, 1, 1898, 1916, 1627, 1, 2.55%, 0, 0, 17, 267.76
1587375995, 1, 1909, 1916, 1626, 1, 2.55%, 0, 0, 17, 231.09
1587376468, 1, 1914, 1916, 1625, 0, 2.55%, 0, 0, 17, 240.29
1587376499, 1, 1914, 1917, 1626, 0, 2.55%, 0, 0, 18, 238.34
1587376571, 1, 1914, 1918, 1627, 0, 2.55%, 0, 0, 18, 247.62
1587376830, 1, 1914, 1919, 1628, 0, 2.55%, 0, 0, 18, 255.88
1587376835, 1, 1914, 1920, 1629, 0, 2.55%, 0, 0, 18, 242.09
1587376845, 1, 1914, 1922, 1631, 0, 2.55%, 0, 0, 18, 248.36
1587376855, 1, 1914, 1923, 1632, 0, 2.55%, 0, 0, 18, 258.05
1587376937, 1, 1914, 1924, 1633, 0, 2.55%, 0, 0, 18, 266.69
1587376952, 1, 1923, 1924, 1632, 1, 2.55%, 0, 0, 18, 301.88
1587376962, 1, 1923, 1925, 1633, 1, 2.55%, 0, 0, 19, 302.01
1587377218, 2, 1, 1925, 1632, 0, 2.55%, 0, 0, 19, 289.86
1587377299, 2, 1, 1926, 1633, 0, 2.55%, 0, 0, 19, 259.45
1587377304, 2, 1, 1932, 1639, 0, 2.55%, 0, 0, 19, 235.11
1587377309, 2, 1, 1934, 1641, 0, 2.55%, 0, 0, 19, 245.81
1587377314, 2, 1, 1936, 1643, 0, 2.55%, 0, 0, 19, 245.61
1587377330, 2, 1, 1937, 1644, 0, 2.55%, 0, 0, 19, 277.46
1587377335, 2, 1, 1938, 1645, 0, 2.55%, 0, 0, 19, 280.18
1587377340, 2, 1, 1940, 1647, 0, 2.55%, 0, 0, 19, 292.83
1587377350, 2, 1, 1942, 1649, 0, 2.55%, 0, 0, 19, 297.03
1587377355, 2, 1, 1943, 1650, 0, 2.55%, 0, 0, 19, 288.53
1587377365, 2, 1, 1945, 1652, 0, 2.55%, 0, 0, 19, 286.26
1587377411, 2, 1, 1946, 1653, 0, 2.55%, 0, 0, 19, 259.87
1587377421, 2, 3, 1946, 1652, 0, 2.55%, 0, 0, 19, 279.86
1587377503, 2, 3, 1947, 1653, 0, 2.55%, 0, 0, 19, 289.36
1587377508, 2, 10, 1947, 1652, 0, 2.55%, 0, 0, 19, 292.75
1587377590, 2, 15, 1947, 1651, 0, 2.55%, 0, 0, 19, 289.30
1587377677, 2, 26, 1947, 1650, 0, 2.55%, 0, 0, 19, 281.43
1587377759, 2, 27, 1947, 1649, 0, 2.55%, 0, 0, 19, 289.84
1587377840, 2, 33, 1947, 1648, 0, 2.55%, 0, 0, 19, 261.67
1587377928, 2, 34, 1947, 1647, 0, 2.55%, 0, 0, 19, 227.93
1587378005, 2, 34, 1949, 1649, 0, 2.55%, 0, 0, 19, 278.88
1587378010, 2, 34, 1950, 1650, 0, 2.55%, 0, 0, 19, 285.45
1587378015, 2, 34, 1951, 1651, 0, 2.55%, 0, 0, 19, 289.14
1587378041, 2, 34, 1952, 1652, 0, 2.55%, 0, 0, 19, 287.59
1587378123, 2, 38, 1952, 1651, 0, 2.55%, 0, 0, 19, 294.12
1587378206, 2, 38, 1955, 1654, 0, 2.55%, 0, 0, 19, 283.13
1587378226, 2, 38, 1956, 1655, 0, 2.55%, 0, 0, 19, 288.03
1587378261, 2, 50, 1956, 1654, 0, 2.55%, 0, 0, 19, 285.10
1587378343, 2, 52, 1956, 1653, 0, 2.55%, 0, 0, 19, 287.45
1587378420, 2, 53, 1956, 1652, 0, 2.55%, 0, 0, 19, 276.78
1587378502, 2, 54, 1956, 1651, 0, 2.55%, 0, 0, 19, 285.71
1587378584, 2, 64, 1956, 1650, 0, 2.55%, 0, 0, 19, 281.37
1587378667, 2, 65, 1956, 1649, 0, 2.55%, 0, 0, 19, 277.51
1587378760, 2, 71, 1956, 1648, 0, 2.55%, 0, 0, 19, 274.50
1587378841, 2, 82, 1956, 1647, 0, 2.55%, 0, 0, 19, 288.16
1587378924, 2, 83, 1956, 1646, 0, 2.55%, 0, 0, 19, 290.48
1587379006, 2, 83, 1957, 1647, 0, 2.55%, 0, 0, 19, 283.94
1587379011, 2, 84, 1957, 1646, 0, 2.55%, 0, 0, 19, 138.21
1587379098, 2, 87, 1957, 1645, 0, 2.55%, 0, 0, 19, 283.38
1587379180, 2, 94, 1957, 1644, 0, 2.55%, 0, 0, 19, 285.20
1587379267, 2, 100, 1957, 1643, 0, 2.55%, 0, 0, 19, 324.11
1587379338, 2, 104, 1957, 1642, 0, 2.55%, 0, 0, 19, 326.75
1587379394, 2, 105, 1957, 1641, 0, 2.55%, 0, 0, 19, 322.82
1587379450, 2, 105, 1958, 1642, 0, 2.55%, 0, 0, 19, 287.60
1587379460, 2, 106, 1958, 1641, 0, 2.55%, 0, 0, 19, 314.00
1587379521, 2, 110, 1958, 1640, 0, 2.55%, 0, 0, 19, 302.75
1587379598, 2, 113, 1958, 1639, 0, 2.55%, 0, 0, 19, 321.61
1587379664, 2, 117, 1958, 1638, 0, 2.55%, 0, 0, 19, 307.53
1587379741, 2, 121, 1958, 1637, 0, 2.55%, 0, 0, 19, 316.15
1587379807, 2, 125, 1958, 1636, 0, 2.55%, 0, 0, 19, 324.65
1587379874, 2, 136, 1958, 1635, 0, 2.55%, 0, 0, 19, 325.14
1587379945, 2, 138, 1958, 1634, 0, 2.55%, 0, 0, 19, 275.66
1587380022, 2, 151, 1958, 1633, 0, 2.55%, 0, 0, 19, 300.72
1587380083, 2, 153, 1958, 1632, 0, 2.55%, 0, 0, 19, 298.56
1587380160, 2, 154, 1958, 1631, 0, 2.55%, 0, 0, 19, 299.62
1587380221, 2, 157, 1958, 1630, 0, 2.55%, 0, 0, 19, 327.25
1587380283, 2, 159, 1958, 1629, 0, 2.55%, 0, 0, 19, 308.61
1587380339, 2, 159, 1959, 1630, 0, 2.55%, 0, 0, 19, 294.05
1587380344, 2, 166, 1959, 1629, 0, 2.55%, 0, 0, 19, 313.88
1587380406, 2, 173, 1959, 1628, 0, 2.55%, 0, 0, 19, 300.02
1587380497, 2, 175, 1959, 1627, 0, 2.55%, 0, 0, 19, 295.40
1587380559, 2, 179, 1959, 1626, 0, 2.55%, 0, 0, 19, 304.78
1587380615, 2, 183, 1959, 1625, 0, 2.55%, 0, 0, 19, 299.04
1587380681, 2, 184, 1959, 1624, 0, 2.55%, 0, 0, 19, 296.55
1587380747, 2, 185, 1959, 1623, 0, 2.55%, 0, 0, 19, 296.86
1587380819, 2, 188, 1959, 1622, 0, 2.55%, 0, 0, 19, 317.80
1587380880, 2, 193, 1959, 1621, 0, 2.55%, 0, 0, 19, 290.55
1587380972, 2, 193, 1960, 1622, 0, 2.55%, 0, 0, 19, 291.40
1587380977, 2, 197, 1960, 1621, 0, 2.55%, 0, 0, 19, 308.38
1587381054, 2, 202, 1960, 1620, 0, 2.55%, 0, 0, 19, 313.77
1587381120, 2, 206, 1960, 1619, 0, 2.55%, 0, 0, 19, 317.42
1587381186, 2, 209, 1960, 1618, 0, 2.55%, 0, 0, 19, 337.25
1587381242, 2, 210, 1960, 1617, 0, 2.55%, 0, 0, 19, 328.10
1587381307, 2, 215, 1960, 1616, 0, 2.55%, 0, 0, 19, 318.30
1587381368, 2, 219, 1960, 1615, 0, 2.55%, 0, 0, 19, 329.24
1587381419, 2, 227, 1960, 1614, 0, 2.55%, 0, 0, 19, 310.02
1587381505, 2, 231, 1960, 1613, 0, 2.55%, 0, 0, 19, 314.19
1587381561, 2, 237, 1960, 1612, 0, 2.55%, 0, 0, 19, 278.47
1587381663, 2, 253, 1960, 1611, 0, 2.55%, 0, 0, 19, 307.99
1587381719, 2, 254, 1960, 1610, 0, 2.55%, 0, 0, 19, 277.03
1587381841, 2, 258, 1960, 1609, 0, 2.55%, 0, 0, 19, 292.27
1587381918, 2, 268, 1960, 1608, 0, 2.55%, 0, 0, 19, 326.40
1587381948, 2, 273, 1960, 1607, 0, 2.55%, 0, 0, 19, 335.66
1587382019, 2, 280, 1960, 1606, 0, 2.55%, 0, 0, 19, 329.18
1587382060, 2, 287, 1960, 1605, 0, 2.55%, 0, 0, 19, 357.25
1587382081, 2, 291, 1960, 1604, 0, 2.55%, 0, 0, 19, 318.60
1587382146, 2, 295, 1960, 1603, 0, 2.55%, 0, 0, 19, 317.72
1587382217, 2, 301, 1960, 1602, 0, 2.55%, 0, 0, 19, 325.30
1587382283, 2, 304, 1960, 1601, 0, 2.55%, 0, 0, 19, 310.62
1587382374, 2, 304, 1961, 1602, 0, 2.55%, 0, 0, 19, 285.46
1587382379, 2, 312, 1961, 1601, 0, 2.55%, 0, 0, 19, 280.71
1587382466, 2, 318, 1961, 1600, 0, 2.55%, 0, 0, 19, 297.54
1587382574, 2, 320, 1961, 1599, 0, 2.55%, 0, 0, 19, 304.61
1587382640, 2, 321, 1961, 1598, 0, 2.55%, 0, 0, 19, 314.34
1587382706, 2, 334, 1961, 1597, 0, 2.55%, 0, 0, 19, 323.87
1587382753, 2, 341, 1962, 1597, 0, 2.55%, 0, 0, 19, 273.57
1587382844, 2, 343, 1962, 1596, 0, 2.55%, 0, 0, 19, 303.37
1587382920, 2, 347, 1962, 1595, 0, 2.55%, 0, 0, 19, 263.27
1587383058, 2, 354, 1962, 1594, 0, 2.55%, 0, 0, 19, 242.02
1587383180, 2, 355, 1962, 1593, 0, 2.55%, 0, 0, 19, 244.56
1587383226, 2, 357, 1962, 1592, 0, 2.55%, 0, 0, 19, 321.44
1587383317, 2, 358, 1962, 1591, 0, 2.55%, 0, 0, 19, 301.54
1587383439, 2, 359, 1962, 1590, 0, 2.55%, 0, 0, 19, 300.51
1587383526, 2, 360, 1962, 1589, 0, 2.55%, 0, 0, 19, 259.20
1587383607, 2, 369, 1962, 1588, 0, 2.55%, 0, 0, 19, 290.91
1587383720, 2, 370, 1962, 1587, 0, 2.55%, 0, 0, 19, 294.67
1587383781, 2, 370, 1964, 1589, 0, 2.55%, 0, 0, 19, 311.29
1587383791, 2, 377, 1964, 1588, 0, 2.55%, 0, 0, 19, 325.78
1587383852, 2, 390, 1964, 1587, 0, 2.55%, 0, 0, 19, 324.38
1587383857, 2, 391, 1964, 1587, 0, 2.55%, 0, 0, 19, 279.39
1587383923, 2, 393, 1964, 1586, 0, 2.55%, 0, 0, 19, 322.01
1587383985, 2, 394, 1964, 1585, 0, 2.55%, 0, 0, 19, 336.36
1587384061, 2, 396, 1964, 1584, 0, 2.55%, 0, 0, 19, 277.00
1587384137, 2, 406, 1964, 1583, 0, 2.55%, 0, 0, 19, 286.41
1587384198, 2, 407, 1964, 1582, 0, 2.55%, 0, 0, 19, 316.72
1587384264, 2, 414, 1964, 1581, 0, 2.55%, 0, 0, 19, 292.29
1587384321, 2, 425, 1964, 1580, 0, 2.55%, 0, 0, 19, 277.06
1587384326, 2, 427, 1964, 1580, 0, 2.55%, 0, 0, 19, 288.45
1587384397, 2, 436, 1964, 1579, 0, 2.55%, 0, 0, 19, 248.19
1587384529, 2, 436, 1965, 1580, 0, 2.55%, 0, 0, 19, 249.29
1587384535, 2, 436, 1966, 1581, 0, 2.55%, 0, 0, 19, 248.82
1587384545, 2, 444, 1966, 1580, 0, 2.55%, 0, 0, 19, 264.01
1587384621, 2, 450, 1966, 1579, 0, 2.55%, 0, 0, 19, 111.81
1587384683, 2, 454, 1966, 1578, 0, 2.55%, 0, 0, 19, 332.48
1587384744, 2, 463, 1966, 1577, 0, 2.55%, 0, 0, 19, 314.79
1587384819, 2, 464, 1966, 1576, 0, 2.55%, 0, 0, 19, 311.87
1587384890, 2, 466, 1966, 1575, 0, 2.55%, 0, 0, 19, 312.39
1587384946, 2, 467, 1966, 1574, 0, 2.55%, 0, 0, 19, 316.18
1587385002, 2, 477, 1966, 1573, 0, 2.55%, 0, 0, 19, 327.25
1587385073, 2, 480, 1966, 1572, 0, 2.55%, 0, 0, 19, 231.73
1587385144, 2, 481, 1966, 1571, 0, 2.55%, 0, 0, 19, 321.26
1587385205, 2, 484, 1966, 1570, 0, 2.55%, 0, 0, 19, 325.22
1587385266, 2, 486, 1966, 1569, 0, 2.55%, 0, 0, 19, 327.41
1587385316, 2, 498, 1966, 1568, 0, 2.55%, 0, 0, 19, 321.11
1587385407, 2, 498, 1968, 1570, 0, 2.55%, 0, 0, 19, 270.76
1587385417, 2, 503, 1968, 1569, 0, 2.55%, 0, 0, 19, 303.09
1587385494, 2, 503, 1969, 1570, 0, 2.55%, 0, 0, 19, 307.70
1587385499, 2, 509, 1969, 1569, 0, 2.55%, 0, 0, 19, 280.46
1587385585, 2, 509, 1970, 1570, 0, 2.55%, 0, 0, 19, 274.83
1587385590, 2, 512, 1970, 1569, 0, 2.55%, 0, 0, 19, 277.95
1587385671, 2, 513, 1970, 1568, 0, 2.55%, 0, 0, 19, 294.59
1587385748, 2, 525, 1970, 1567, 0, 2.55%, 0, 0, 19, 298.64
1587385840, 2, 525, 1971, 1568, 0, 2.55%, 0, 0, 19, 298.55
1587385845, 2, 530, 1971, 1567, 0, 2.55%, 0, 0, 19, 298.01
1587385942, 2, 534, 1971, 1566, 0, 2.55%, 0, 0, 19, 297.08
1587386008, 2, 539, 1971, 1565, 0, 2.55%, 0, 0, 19, 298.84
1587386080, 2, 542, 1971, 1564, 0, 2.55%, 0, 0, 19, 301.35
1587386151, 2, 552, 1971, 1563, 0, 2.55%, 0, 0, 19, 300.97
1587386233, 2, 555, 1971, 1562, 0, 2.55%, 0, 0, 19, 329.58
1587386304, 2, 562, 1971, 1561, 0, 2.55%, 0, 0, 19, 310.17
1587386309, 2, 563, 1971, 1561, 0, 2.55%, 0, 0, 19, 330.82
1587386370, 2, 564, 1971, 1560, 0, 2.55%, 0, 0, 19, 331.97
1587386436, 2, 567, 1971, 1559, 0, 2.55%, 0, 0, 19, 329.46
1587386492, 2, 569, 1971, 1558, 0, 2.55%, 0, 0, 19, 307.70
1587386543, 2, 571, 1971, 1557, 0, 2.55%, 0, 0, 19, 312.06
1587386625, 2, 571, 1972, 1558, 0, 2.55%, 0, 0, 19, 301.96
1587386630, 2, 572, 1972, 1557, 0, 2.55%, 0, 0, 19, 307.87
1587386696, 2, 579, 1973, 1557, 0, 2.55%, 0, 0, 19, 316.24
1587386772, 2, 580, 1973, 1556, 0, 2.55%, 0, 0, 19, 347.47
1587386778, 2, 586, 1973, 1555, 0, 2.55%, 0, 0, 19, 346.47
1587386783, 2, 587, 1973, 1555, 0, 2.55%, 0, 0, 19, 343.16
1587386833, 2, 596, 1973, 1554, 0, 2.55%, 0, 0, 19, 329.04
1587386874, 2, 613, 1973, 1553, 0, 2.55%, 0, 0, 19, 305.26
1587386945, 2, 615, 1974, 1553, 0, 2.55%, 0, 0, 19, 302.17
1587386950, 2, 616, 1974, 1553, 0, 2.55%, 0, 0, 19, 327.38
1587387021, 2, 621, 1974, 1552, 0, 2.55%, 0, 0, 19, 305.54
1587387097, 2, 622, 1974, 1551, 0, 2.55%, 0, 0, 19, 305.59
1587387168, 2, 628, 1974, 1550, 0, 2.55%, 0, 0, 19, 301.62
1587387234, 2, 633, 1974, 1549, 0, 2.55%, 0, 0, 19, 317.35
1587387300, 2, 638, 1974, 1548, 0, 2.55%, 0, 0, 19, 323.34
1587387371, 2, 638, 1976, 1550, 0, 2.55%, 0, 0, 19, 221.53
1587387381, 2, 646, 1976, 1549, 0, 2.55%, 0, 0, 19, 314.97
1587387437, 2, 649, 1976, 1548, 0, 2.55%, 0, 0, 19, 317.86
1587387513, 2, 655, 1976, 1547, 0, 2.55%, 0, 0, 19, 315.75
1587387589, 2, 661, 1976, 1546, 0, 2.55%, 0, 0, 19, 302.10
1587387595, 2, 671, 1976, 1546, 0, 2.55%, 0, 0, 19, 318.41
1587387671, 2, 673, 1976, 1545, 0, 2.55%, 0, 0, 19, 295.71
1587387677, 2, 676, 1976, 1545, 0, 2.55%, 0, 0, 19, 307.36
1587387748, 2, 681, 1976, 1544, 0, 2.55%, 0, 0, 19, 317.72
1587387825, 2, 682, 1976, 1543, 0, 2.55%, 0, 0, 19, 301.96
1587387957, 2, 684, 1976, 1542, 0, 2.55%, 0, 0, 19, 267.53
1587387962, 2, 685, 1976, 1542, 0, 2.55%, 0, 0, 19, 314.00
1587388033, 2, 686, 1976, 1541, 0, 2.55%, 0, 0, 19, 308.99
1587388109, 2, 689, 1976, 1540, 0, 2.55%, 0, 0, 19, 270.99
1587388247, 2, 689, 1977, 1541, 0, 2.55%, 0, 0, 19, 47.87
1587388257, 2, 700, 1977, 1540, 0, 2.55%, 0, 0, 19, 298.35
1587388349, 2, 709, 1977, 1539, 0, 2.55%, 0, 0, 19, 276.93
1587388440, 2, 711, 1977, 1538, 0, 2.55%, 0, 0, 19, 284.93
1587388536, 2, 716, 1977, 1537, 0, 2.55%, 0, 0, 19, 244.17
1587388627, 2, 716, 1978, 1538, 0, 2.55%, 0, 0, 19, 300.90
1587388632, 2, 716, 1979, 1539, 0, 2.55%, 0, 0, 19, 287.82
1587388668, 2, 717, 1979, 1538, 0, 2.55%, 0, 0, 19, 282.60
1587388745, 2, 717, 1980, 1539, 0, 2.55%, 0, 0, 19, 292.87
1587388755, 2, 717, 1981, 1540, 0, 2.55%, 0, 0, 19, 300.43
1587388786, 2, 728, 1981, 1539, 0, 2.55%, 0, 0, 19, 291.91
1587388868, 2, 728, 1982, 1540, 0, 2.55%, 0, 0, 19, 286.55
1587388884, 2, 729, 1983, 1540, 0, 2.55%, 0, 0, 19, 33.78
1587388889, 2, 737, 1983, 1540, 0, 2.55%, 0, 0, 19, 281.48
1587388980, 2, 747, 1983, 1539, 0, 2.55%, 0, 0, 19, 290.55
1587389097, 2, 747, 1984, 1540, 0, 2.55%, 0, 0, 19, 255.59
1587389123, 2, 748, 1984, 1539, 0, 2.55%, 0, 0, 19, 270.59
1587389239, 2, 750, 1984, 1538, 0, 2.55%, 0, 0, 19, 293.16
1587389335, 2, 753, 1984, 1537, 0, 2.55%, 0, 0, 19, 290.10
1587389447, 2, 755, 1984, 1536, 0, 2.55%, 0, 0, 19, 297.94
1587389538, 2, 758, 1984, 1535, 0, 2.55%, 0, 0, 19, 274.25
1587389645, 2, 758, 1985, 1536, 0, 2.55%, 0, 0, 19, 267.10
1587389650, 2, 758, 1988, 1539, 0, 2.56%, 0, 0, 19, 278.99
1587389655, 2, 758, 1989, 1540, 0, 2.56%, 0, 0, 19, 281.46
1587389691, 2, 758, 1991, 1542, 0, 2.56%, 0, 0, 19, 284.44
1587389721, 2, 758, 1992, 1543, 0, 2.56%, 0, 0, 19, 270.90
1587389731, 2, 996, 1992, 1542, 1, 2.56%, 0, 0, 19, 277.70
1587389824, 2, 1116, 1992, 1541, 1, 2.56%, 0, 0, 19, 302.96
1587389916, 2, 1141, 1992, 1540, 1, 2.56%, 0, 0, 19, 283.78
1587390009, 2, 1549, 1992, 1539, 1, 2.56%, 0, 0, 19, 287.95
1587390014, 2, 1549, 1993, 1540, 1, 2.56%, 0, 0, 19, 293.69
1587390029, 2, 1549, 1994, 1541, 1, 2.56%, 0, 0, 19, 306.89
1587390090, 2, 1549, 1996, 1543, 1, 2.56%, 0, 0, 19, 254.47
1587390100, 2, 1549, 1997, 1544, 1, 2.56%, 0, 0, 19, 286.13
1587390110, 2, 1549, 1998, 1545, 1, 2.56%, 0, 0, 19, 289.38
1587390130, 2, 1549, 1999, 1546, 1, 2.56%, 0, 0, 19, 254.24
1587390156, 2, 1549, 2000, 1547, 1, 2.56%, 0, 0, 19, 264.29
1587390171, 2, 1549, 2001, 1548, 1, 2.56%, 0, 0, 19, 237.83
1587390176, 2, 1549, 2002, 1549, 1, 2.56%, 0, 0, 19, 288.82
1587390182, 2, 1613, 2002, 1548, 1, 2.56%, 0, 0, 19, 289.84
1587390385, 2, 1691, 2002, 1547, 1, 2.56%, 0, 0, 19, 264.42
1587390390, 2, 1712, 2002, 1547, 1, 2.56%, 0, 0, 19, 261.21
1587390716, 2, 1712, 2003, 1548, 1, 2.56%, 0, 0, 19, 267.21
1587390736, 2, 1712, 2004, 1549, 1, 2.56%, 0, 0, 19, 279.57
1587390828, 2, 1726, 2004, 1548, 1, 2.56%, 0, 0, 19, 243.07
1587390859, 2, 1726, 2005, 1549, 1, 2.56%, 0, 0, 19, 242.09
1587391042, 2, 1726, 2007, 1551, 1, 2.56%, 0, 0, 19, 243.53
1587391052, 2, 1726, 2008, 1552, 1, 2.56%, 0, 0, 19, 247.18
1587391073, 2, 1726, 2009, 1553, 1, 2.56%, 0, 0, 19, 231.88
1587391104, 2, 1726, 2011, 1555, 1, 2.56%, 0, 0, 19, 252.41
1587391139, 2, 1726, 2012, 1556, 1, 2.56%, 0, 0, 19, 241.93
1587391180, 2, 1989, 2014, 1557, 1, 2.56%, 0, 0, 19, 259.65
1587391195, 2, 1989, 2015, 1558, 1, 2.56%, 0, 0, 19, 281.06
1587391276, 2, 1989, 2016, 1559, 1, 2.56%, 0, 0, 19, 282.18
1587391281, 2, 1989, 2017, 1560, 1, 2.56%, 0, 0, 19, 295.17
1587391292, 2, 1989, 2018, 1561, 1, 2.56%, 0, 0, 19, 288.20
1587391307, 2, 1989, 2019, 1562, 1, 2.56%, 0, 0, 19, 277.23
1587391338, 2, 1989, 2020, 1563, 1, 2.56%, 0, 0, 19, 304.27
1587391363, 2, 2012, 2020, 1562, 2, 2.56%, 0, 0, 19, 265.02
1587391459, 2, 2012, 2021, 1563, 2, 2.56%, 0, 0, 19, 297.80
1587391464, 2, 2012, 2023, 1565, 2, 2.56%, 0, 0, 19, 291.30
1587391479, 2, 2012, 2024, 1566, 2, 2.56%, 0, 0, 19, 292.82
1587391494, 2, 2012, 2027, 1569, 2, 2.56%, 0, 0, 19, 280.88
1587391545, 2, 2014, 2027, 1568, 1, 2.56%, 0, 0, 19, 278.76
1587391647, 2, 2014, 2028, 1569, 1, 2.56%, 0, 0, 19, 303.52
1587391678, 2, 2014, 2029, 1570, 1, 2.56%, 0, 0, 19, 290.27
1587391694, 2, 2014, 2030, 1571, 1, 2.56%, 0, 0, 19, 299.29
1587391735, 2, 2015, 2030, 1570, 0, 2.56%, 0, 0, 19, 256.85
1587391974, 2, 2016, 2030, 1569, 0, 2.56%, 0, 0, 19, 201.91
1587392015, 2, 2016, 2031, 1570, 0, 2.56%, 0, 0, 19, 182.51
1587392127, 2, 2016, 2032, 1571, 0, 2.56%, 0, 0, 19, 183.22
1587392561, 2, 2016, 2033, 1572, 0, 2.56%, 0, 0, 19, 170.73
1587392566, 2, 2016, 2034, 1573, 0, 2.56%, 0, 0, 19, 202.74
1587392571, 2, 2016, 2035, 1574, 0, 2.57%, 0, 0, 19, 30.38
1587392581, 2, 2016, 2036, 1575, 0, 2.57%, 0, 0, 19, 205.51
1587392586, 2, 2016, 2037, 1576, 0, 2.57%, 0, 0, 19, 35.40
1587392591, 2, 2016, 2038, 1577, 0, 2.57%, 0, 0, 19, 167.10
1587392596, 2, 2016, 2040, 1579, 0, 2.57%, 0, 0, 19, 204.57
1587392607, 2, 2016, 2041, 1580, 0, 2.57%, 0, 0, 19, 210.60
1587392612, 2, 2016, 2042, 1581, 0, 2.57%, 0, 0, 19, 216.13
1587392627, 2, 2016, 2043, 1582, 0, 2.57%, 0, 0, 19, 125.53
1587392632, 2, 2016, 2045, 1584, 0, 2.57%, 0, 0, 19, 167.66
1587392652, 2, 2034, 2046, 1584, 1, 2.57%, 0, 0, 19, 183.70
1587393423, 2, 2034, 2047, 1585, 1, 2.57%, 0, 0, 19, 168.87
1587393428, 2, 2034, 2049, 1587, 1, 2.57%, 0, 0, 19, 183.35
1587393438, 2, 2034, 2051, 1589, 1, 2.57%, 0, 0, 19, 187.71
1587393449, 2, 2034, 2052, 1590, 1, 2.57%, 0, 0, 19, 199.85
1587393454, 2, 2034, 2053, 1591, 1, 2.57%, 0, 0, 19, 198.92
1587393460, 2, 2034, 2054, 1592, 1, 2.57%, 0, 0, 19, 11.03
1587393475, 2, 2034, 2055, 1593, 1, 2.57%, 0, 0, 19, 6.67
1587393490, 2, 2034, 2056, 1594, 1, 2.57%, 0, 0, 19, 191.53
1587393506, 2, 2034, 2057, 1595, 1, 2.57%, 0, 0, 19, 193.25
1587393511, 2, 2034, 2058, 1596, 1, 2.57%, 0, 0, 19, 199.40
1587393516, 2, 2034, 2059, 1597, 1, 2.57%, 0, 0, 19, 188.29
1587393521, 2, 2038, 2060, 1597, 0, 2.57%, 0, 0, 19, 168.02
1587396539, 2, 2038, 2061, 1598, 0, 2.57%, 0, 0, 19, 106.17
1587396544, 2, 2038, 2063, 1600, 0, 2.57%, 0, 0, 19, 120.15
1587396549, 2, 2038, 2064, 1601, 0, 2.57%, 0, 0, 19, 129.17
1587396564, 2, 2038, 2065, 1602, 0, 2.57%, 0, 0, 19, 126.51
1587396574, 2, 2038, 2066, 1603, 0, 2.57%, 0, 0, 19, 129.54
1587396585, 2, 2038, 2067, 1604, 0, 2.57%, 0, 0, 19, 119.46
1587396600, 2, 2038, 2069, 1606, 0, 2.57%, 0, 0, 19, 124.24
1587396605, 2, 2038, 2071, 1608, 0, 2.57%, 0, 0, 19, 120.11
1587396615, 2, 2038, 2072, 1609, 0, 2.57%, 0, 0, 19, 121.42
1587396630, 2, 2038, 2073, 1610, 0, 2.57%, 0, 0, 19, 125.14
1587396676, 2, 2038, 2074, 1611, 0, 2.57%, 0, 0, 19, 125.28
1587396697, 2, 2038, 2075, 1612, 0, 2.57%, 0, 0, 19, 127.10
1587396712, 2, 2038, 2076, 1613, 0, 2.57%, 0, 0, 19, 113.90
1587396717, 2, 2038, 2077, 1614, 0, 2.57%, 0, 0, 19, 114.23
1587396722, 2, 2038, 2078, 1615, 0, 2.57%, 0, 0, 19, 116.89
1587396773, 2, 2038, 2079, 1616, 0, 2.57%, 0, 0, 19, 119.00
1587396813, 2, 2043, 2079, 1615, 0, 2.57%, 0, 0, 19, 129.50
1587396819, 2, 2043, 2081, 1617, 0, 2.57%, 0, 0, 19, 131.02
1587397086, 2, 2043, 2082, 1618, 0, 2.57%, 0, 0, 19, 139.13
1587398342, 2, 2043, 2084, 1620, 0, 2.57%, 0, 0, 19, 153.37
1587398352, 2, 2043, 2085, 1621, 0, 2.57%, 0, 0, 19, 156.91
1587398368, 2, 2043, 2086, 1622, 0, 2.57%, 0, 0, 19, 162.51
1587398378, 2, 2043, 2088, 1624, 0, 2.57%, 0, 0, 19, 156.25
1587398418, 2, 2043, 2089, 1625, 0, 2.57%, 0, 0, 19, 158.14
1587398423, 2, 2043, 2091, 1627, 0, 2.57%, 0, 0, 19, 154.52
1587398454, 2, 2043, 2092, 1628, 0, 2.57%, 0, 0, 19, 152.72
1587398464, 2, 2043, 2093, 1629, 0, 2.57%, 0, 0, 19, 146.68
1587398474, 2, 2043, 2095, 1631, 0, 2.57%, 0, 0, 19, 155.42
1587398490, 2, 2043, 2096, 1632, 0, 2.57%, 0, 0, 19, 160.69
1587398495, 2, 2043, 2097, 1633, 0, 2.57%, 0, 0, 19, 157.98
1587398525, 2, 2043, 2098, 1634, 0, 2.57%, 0, 0, 19, 157.99
1587398551, 2, 2052, 2098, 1633, 0, 2.57%, 0, 0, 19, 138.18
1587400154, 2, 2052, 2099, 1634, 0, 2.57%, 0, 0, 19, 152.25
1587400159, 2, 2052, 2100, 1635, 0, 2.57%, 0, 0, 19, 152.08
1587400179, 2, 2052, 2102, 1637, 0, 2.57%, 0, 0, 19, 164.82
1587400189, 2, 2052, 2103, 1638, 0, 2.57%, 0, 0, 19, 164.93
1587400204, 2, 2052, 2104, 1639, 0, 2.57%, 0, 0, 19, 162.06
1587400225, 2, 2052, 2105, 1640, 0, 2.57%, 0, 0, 19, 154.88
1587400240, 2, 2052, 2106, 1641, 0, 2.57%, 0, 0, 19, 166.65
1587400271, 2, 2056, 2106, 1640, 0, 2.57%, 0, 0, 19, 150.53
1587400337, 2, 2056, 2107, 1641, 0, 2.57%, 0, 0, 19, 68.06
1587400688, 2, 2056, 2108, 1642, 0, 2.57%, 0, 0, 19, 66.50
1587402185, 2, 2056, 2109, 1643, 0, 2.57%, 0, 0, 19, 68.73
1587404390, 2, 2056, 2110, 1644, 0, 2.57%, 0, 0, 19, 68.79
1587404578, 2, 2056, 2111, 1645, 0, 2.57%, 0, 0, 19, 67.76
1587407679, 2, 2056, 2116, 1650, 0, 2.57%, 0, 0, 19, 76.40
1587407684, 2, 2056, 2117, 1651, 0, 2.57%, 0, 0, 19, 79.98
1587407689, 2, 2056, 2118, 1652, 0, 2.57%, 0, 0, 19, 83.60
1587407694, 2, 2056, 2119, 1653, 0, 2.57%, 0, 0, 19, 88.89
1587407704, 2, 2056, 2122, 1656, 0, 2.57%, 0, 0, 19, 84.45
1587407730, 2, 2056, 2123, 1657, 0, 2.57%, 0, 0, 19, 82.51
1587407766, 2, 2056, 2124, 1658, 0, 2.57%, 0, 0, 19, 82.06
1587407802, 2, 2056, 2125, 1659, 0, 2.57%, 0, 0, 19, 86.09
1587407807, 2, 2056, 2127, 1661, 0, 2.57%, 0, 0, 19, 84.20
1587407828, 2, 2056, 2128, 1662, 0, 2.57%, 0, 0, 19, 84.01
1587407864, 2, 2056, 2129, 1663, 0, 2.57%, 0, 0, 19, 85.40
1587407895, 2, 2057, 2129, 1662, 0, 2.57%, 0, 0, 19, 86.97
1587407952, 2, 2057, 2131, 1664, 0, 2.57%, 0, 0, 19, 85.88
1587412702, 2, 2057, 2132, 1665, 0, 2.57%, 0, 0, 19, 84.46
1587412949, 2, 2057, 2133, 1666, 0, 2.57%, 0, 0, 19, 101.00
1587412965, 2, 2057, 2134, 1667, 0, 2.57%, 0, 0, 19, 103.25
1587412990, 2, 2057, 2135, 1668, 0, 2.57%, 0, 0, 19, 97.19
1587412996, 2, 2057, 2136, 1669, 0, 2.57%, 0, 0, 19, 99.98
1587413006, 2, 2057, 2137, 1670, 0, 2.57%, 0, 0, 19, 110.53
1587413057, 2, 2057, 2138, 1671, 0, 2.57%, 0, 0, 19, 100.49
1587413067, 2, 2057, 2139, 1672, 0, 2.57%, 0, 0, 19, 103.16
1587413092, 2, 2057, 2140, 1673, 0, 2.57%, 0, 0, 19, 105.36
1587413111, 2, 2057, 2141, 1674, 0, 2.57%, 0, 0, 19, 11.91
1587413148, 2, 2058, 2141, 1673, 0, 2.57%, 0, 0, 19, 87.64
1587417782, 2, 2060, 2141, 1672, 0, 2.57%, 0, 0, 19, 100.98
