# unix_time, cycles_done, cur_path, paths_total, pending_total, pending_favs, map_size, unique_crashes, unique_hangs, max_depth, execs_per_sec
1587688244, 0, 0, 1, 1, 1, 0.17%, 0, 0, 1, 380.95
1587688249, 0, 0, 17, 17, 1, 0.27%, 0, 0, 2, 448.28
1587688254, 0, 0, 21, 21, 1, 0.28%, 0, 0, 2, 452.01
1587688264, 0, 0, 23, 23, 1, 0.30%, 0, 0, 2, 487.27
1587688269, 0, 0, 26, 26, 1, 0.30%, 0, 0, 2, 416.08
1587688274, 0, 0, 27, 27, 1, 0.30%, 0, 0, 2, 408.50
1587688284, 0, 0, 28, 28, 1, 0.30%, 0, 0, 2, 477.90
1587688294, 0, 0, 29, 29, 1, 0.30%, 0, 0, 2, 465.80
1587688305, 0, 0, 31, 31, 1, 0.30%, 0, 0, 2, 474.00
1587688310, 0, 0, 32, 32, 1, 0.30%, 0, 0, 2, 461.98
1587688315, 0, 0, 35, 35, 1, 0.31%, 0, 0, 2, 468.85
1587688320, 0, 4, 35, 34, 14, 0.31%, 0, 0, 2, 472.60
1587688325, 0, 10, 36, 34, 13, 0.31%, 0, 0, 3, 472.77
1587688330, 0, 10, 37, 35, 13, 0.31%, 0, 0, 3, 430.15
1587688345, 0, 10, 39, 37, 13, 0.31%, 0, 0, 3, 375.08
1587688356, 0, 12, 39, 36, 13, 0.31%, 0, 0, 3, 507.36
1587688376, 0, 12, 40, 37, 13, 0.31%, 0, 0, 3, 457.02
1587688381, 0, 13, 41, 37, 12, 0.31%, 0, 0, 3, 402.02
1587688386, 0, 13, 42, 38, 12, 0.31%, 0, 0, 3, 400.43
1587688401, 0, 13, 43, 39, 12, 0.31%, 0, 0, 3, 453.36
1587688406, 0, 14, 43, 38, 12, 0.31%, 0, 0, 3, 482.06
1587688416, 0, 16, 44, 38, 11, 0.31%, 0, 0, 3, 485.85
1587688426, 0, 16, 46, 40, 11, 0.33%, 0, 0, 3, 462.95
1587688431, 0, 16, 47, 41, 11, 0.33%, 0, 0, 3, 402.42
1587688436, 0, 16, 48, 42, 11, 0.33%, 0, 0, 3, 428.53
1587688447, 0, 17, 48, 41, 11, 0.33%, 0, 0, 3, 487.25
1587688462, 0, 19, 48, 40, 10, 0.33%, 0, 0, 3, 462.25
1587688472, 0, 19, 49, 41, 10, 0.33%, 0, 0, 3, 480.47
1587688477, 0, 21, 49, 40, 9, 0.33%, 0, 0, 3, 487.46
1587688482, 0, 24, 50, 40, 8, 0.33%, 0, 0, 3, 483.62
1587688502, 0, 24, 51, 41, 8, 0.33%, 0, 0, 3, 426.03
1587688507, 0, 24, 52, 42, 8, 0.33%, 0, 0, 3, 393.46
1587688512, 0, 26, 54, 43, 8, 0.33%, 0, 0, 3, 485.70
1587688528, 0, 28, 54, 42, 9, 0.33%, 0, 0, 3, 440.56
1587688573, 0, 34, 54, 41, 8, 0.33%, 0, 0, 3, 390.00
1587688579, 0, 36, 54, 40, 7, 0.33%, 0, 0, 3, 434.61
1587688594, 0, 41, 54, 39, 6, 0.33%, 0, 0, 3, 274.58
1587688599, 0, 41, 57, 42, 6, 0.33%, 0, 0, 4, 421.47
1587688624, 0, 44, 58, 42, 6, 0.33%, 0, 0, 4, 434.88
1587688634, 0, 44, 59, 43, 6, 0.33%, 0, 0, 4, 477.71
1587688640, 0, 47, 59, 42, 5, 0.33%, 0, 0, 4, 485.86
1587688660, 0, 47, 60, 43, 5, 0.33%, 0, 0, 4, 294.72
1587688665, 0, 49, 60, 42, 4, 0.33%, 0, 0, 4, 425.93
1587688696, 0, 52, 60, 41, 3, 0.33%, 0, 0, 4, 491.68
1587688706, 0, 52, 61, 42, 3, 0.33%, 0, 0, 4, 468.08
1587688711, 0, 52, 62, 43, 3, 0.33%, 0, 0, 4, 477.19
1587688716, 0, 53, 62, 42, 2, 0.33%, 0, 0, 4, 485.85
1587688731, 0, 53, 63, 43, 2, 0.33%, 0, 0, 4, 461.41
1587688736, 0, 56, 63, 42, 1, 0.33%, 0, 0, 4, 67.31
1587688756, 0, 56, 64, 43, 1, 0.33%, 0, 0, 5, 435.11
1587688761, 0, 56, 65, 44, 1, 0.33%, 0, 0, 5, 400.70
1587688777, 0, 64, 65, 43, 1, 0.33%, 0, 0, 5, 411.78
1587688782, 0, 64, 66, 44, 1, 0.33%, 0, 0, 6, 352.34
1587688813, 0, 64, 69, 47, 1, 0.36%, 0, 0, 6, 381.71
1587688818, 0, 64, 70, 48, 1, 0.36%, 0, 0, 6, 418.41
1587688843, 0, 64, 71, 49, 1, 0.36%, 0, 0, 6, 394.73
1587688858, 0, 64, 72, 50, 1, 0.36%, 0, 0, 6, 290.29
1587688884, 0, 64, 73, 51, 1, 0.37%, 0, 0, 6, 332.77
1587688899, 0, 65, 73, 50, 4, 0.37%, 0, 0, 6, 433.40
1587688924, 0, 67, 73, 49, 3, 0.37%, 0, 0, 6, 505.04
1587688940, 0, 69, 73, 48, 2, 0.37%, 0, 0, 6, 438.49
1587688986, 0, 69, 75, 50, 2, 0.37%, 0, 0, 7, 314.52
1587688996, 0, 69, 76, 51, 2, 0.37%, 0, 0, 7, 417.63
1587689006, 0, 69, 77, 52, 2, 0.37%, 0, 0, 7, 402.99
1587689047, 0, 72, 77, 51, 2, 0.37%, 0, 0, 7, 406.81
1587689067, 0, 75, 77, 50, 1, 0.37%, 0, 0, 7, 483.67
1587689127, 0, 75, 78, 51, 1, 0.37%, 0, 0, 8, 488.09
1587689132, 1, 8, 78, 50, 0, 0.37%, 0, 0, 8, 478.37
1587689137, 1, 8, 79, 51, 0, 0.37%, 0, 0, 8, 483.16
1587689143, 1, 15, 79, 50, 0, 0.37%, 0, 0, 8, 484.50
1587689163, 1, 30, 80, 50, 0, 0.37%, 0, 0, 8, 480.55
1587689178, 1, 35, 80, 49, 0, 0.37%, 0, 0, 8, 419.27
1587689224, 1, 35, 82, 51, 0, 0.37%, 0, 0, 8, 465.88
1587689234, 1, 43, 82, 50, 0, 0.37%, 0, 0, 8, 489.08
1587689249, 1, 45, 82, 49, 0, 0.37%, 0, 0, 8, 492.94
1587689300, 1, 46, 82, 48, 0, 0.37%, 0, 0, 8, 524.72
1587689310, 1, 46, 83, 49, 0, 0.37%, 0, 0, 8, 499.44
1587689315, 1, 46, 84, 50, 0, 0.37%, 0, 0, 8, 489.37
1587689320, 1, 50, 86, 51, 0, 0.37%, 0, 0, 8, 480.98
1587689350, 1, 55, 87, 51, 0, 0.37%, 0, 0, 8, 510.55
1587689371, 1, 55, 88, 52, 0, 0.37%, 0, 0, 8, 499.75
1587689376, 1, 60, 88, 51, 0, 0.37%, 0, 0, 8, 533.13
1587689391, 1, 67, 88, 50, 0, 0.37%, 0, 0, 8, 504.16
1587689396, 1, 74, 88, 50, 0, 0.37%, 0, 0, 8, 527.90
1587689452, 1, 76, 89, 50, 0, 0.37%, 0, 0, 8, 526.80
1587689497, 1, 76, 90, 51, 0, 0.37%, 0, 0, 8, 518.29
1587689502, 1, 79, 90, 50, 0, 0.37%, 0, 0, 8, 497.97
1587689604, 1, 80, 90, 49, 0, 0.37%, 0, 0, 8, 408.61
1587689721, 1, 80, 92, 51, 0, 0.37%, 0, 0, 8, 464.40
1587689726, 1, 80, 94, 53, 0, 0.37%, 0, 0, 8, 497.81
1587689736, 1, 80, 95, 54, 0, 0.37%, 0, 0, 8, 495.20
1587689741, 1, 80, 96, 55, 0, 0.37%, 0, 0, 8, 481.87
1587689772, 1, 80, 97, 56, 0, 0.37%, 0, 0, 8, 479.74
1587689797, 1, 87, 98, 56, 0, 0.37%, 0, 0, 8, 522.66
1587689827, 1, 89, 98, 55, 0, 0.37%, 0, 0, 8, 534.96
1587689914, 1, 92, 98, 54, 0, 0.37%, 0, 0, 8, 523.16
1587689929, 1, 92, 99, 55, 0, 0.37%, 0, 0, 8, 517.82
1587689934, 1, 92, 100, 56, 0, 0.37%, 0, 0, 8, 537.81
1587689989, 1, 92, 101, 57, 0, 0.37%, 0, 0, 8, 520.35
1587690010, 1, 99, 101, 56, 0, 0.37%, 0, 0, 8, 483.42
1587690091, 2, 4, 105, 59, 0, 0.37%, 0, 0, 8, 530.95
1587690096, 2, 4, 107, 61, 0, 0.37%, 0, 0, 8, 521.21
1587690101, 2, 4, 108, 62, 0, 0.37%, 0, 0, 8, 531.67
1587690106, 2, 18, 108, 62, 0, 0.37%, 0, 0, 8, 534.21
1587690116, 2, 18, 111, 65, 0, 0.37%, 0, 0, 8, 495.66
1587690121, 2, 18, 112, 66, 0, 0.37%, 0, 0, 8, 508.16
1587690137, 2, 18, 114, 68, 0, 0.37%, 0, 0, 8, 474.38
1587690142, 2, 18, 116, 70, 0, 0.37%, 0, 0, 8, 486.40
1587690147, 2, 18, 117, 71, 0, 0.37%, 0, 0, 8, 494.37
1587690157, 2, 18, 118, 72, 0, 0.37%, 0, 0, 8, 467.14
1587690182, 2, 20, 118, 71, 0, 0.37%, 0, 0, 8, 484.95
1587690197, 2, 28, 119, 71, 0, 0.37%, 0, 0, 8, 465.28
1587690202, 2, 32, 119, 71, 0, 0.37%, 0, 0, 8, 509.97
1587690212, 2, 37, 119, 70, 0, 0.37%, 0, 0, 8, 527.09
1587690243, 2, 57, 119, 69, 0, 0.37%, 0, 0, 8, 525.84
1587690273, 2, 58, 119, 68, 0, 0.37%, 0, 0, 8, 528.21
1587690324, 2, 65, 119, 67, 0, 0.37%, 0, 0, 8, 500.96
1587690329, 2, 81, 119, 67, 0, 0.37%, 0, 0, 8, 486.91
1587690370, 2, 81, 120, 68, 0, 0.37%, 0, 0, 8, 501.01
1587690380, 2, 82, 120, 67, 0, 0.37%, 0, 0, 8, 526.54
1587690406, 2, 84, 120, 66, 0, 0.37%, 0, 0, 8, 526.56
1587690472, 2, 95, 120, 65, 0, 0.37%, 0, 0, 8, 499.85
1587690548, 2, 102, 120, 64, 0, 0.37%, 0, 0, 8, 463.84
1587693423, 2, 107, 120, 63, 0, 0.37%, 0, 0, 8, 486.09
1587702223, 2, 107, 121, 64, 0, 0.37%, 0, 0, 8, 22.26
1587702233, 2, 114, 121, 63, 0, 0.37%, 0, 0, 8, 306.36
1587702620, 2, 114, 122, 64, 0, 0.39%, 0, 0, 8, 503.83
1587707749, 2, 121, 122, 63, 1, 0.39%, 0, 0, 8, 214.31
1587710039, 2, 121, 123, 64, 1, 0.40%, 0, 0, 8, 232.65
1587710375, 2, 121, 128, 69, 1, 0.42%, 0, 0, 8, 502.05
1587710727, 2, 121, 130, 71, 1, 0.43%, 0, 0, 8, 240.16
1587713422, 2, 121, 131, 72, 1, 0.43%, 0, 0, 8, 425.42
1587713443, 2, 122, 131, 71, 8, 0.43%, 0, 0, 8, 474.18
1587718075, 2, 124, 131, 70, 7, 0.43%, 0, 0, 8, 480.48
1587718502, 2, 124, 132, 71, 7, 0.43%, 0, 0, 8, 246.80
1587723658, 2, 125, 132, 70, 7, 0.43%, 0, 0, 8, 486.62
1587729106, 2, 126, 132, 69, 6, 0.43%, 0, 0, 8, 476.44
1587734574, 2, 127, 132, 68, 5, 0.43%, 0, 0, 8, 251.28
1587740027, 2, 128, 132, 67, 4, 0.43%, 0, 0, 8, 237.92
1587740414, 2, 128, 133, 68, 4, 0.43%, 0, 0, 8, 475.79
1587745400, 2, 129, 133, 67, 4, 0.43%, 0, 0, 8, 231.37
1587745806, 2, 129, 134, 68, 4, 0.43%, 0, 0, 8, 505.40
1587751069, 2, 130, 134, 67, 3, 0.43%, 0, 0, 8, 427.88
1587753385, 2, 130, 135, 68, 3, 0.43%, 0, 0, 8, 432.63
1587756657, 2, 130, 136, 69, 3, 0.43%, 0, 0, 8, 458.30
1587763711, 2, 130, 137, 70, 3, 0.43%, 0, 0, 8, 424.90
1587763717, 2, 130, 138, 71, 3, 0.43%, 0, 0, 8, 414.06
1587763722, 2, 130, 139, 72, 3, 0.43%, 0, 0, 8, 413.63
1587763783, 2, 130, 141, 74, 3, 0.44%, 0, 0, 8, 412.91
1587763788, 2, 132, 141, 73, 4, 0.44%, 0, 0, 8, 415.72
1587766353, 2, 132, 142, 74, 4, 0.44%, 0, 0, 8, 250.44
1587766363, 2, 132, 143, 75, 4, 0.44%, 0, 0, 8, 254.40
1587766683, 2, 132, 144, 76, 4, 0.44%, 0, 0, 8, 484.56
1587766698, 2, 132, 145, 77, 4, 0.44%, 0, 0, 8, 514.66
1587769255, 2, 133, 145, 76, 4, 0.44%, 0, 0, 8, 477.15
