# unix_time, cycles_done, cur_path, paths_total, pending_total, pending_favs, map_size, unique_crashes, unique_hangs, max_depth, execs_per_sec
1587340077, 0, 0, 1, 1, 1, 0.22%, 0, 0, 1, 181.82
1587340082, 0, 0, 10, 10, 1, 0.22%, 0, 0, 2, 313.76
1587340087, 0, 0, 13, 13, 1, 0.22%, 0, 0, 2, 359.20
1587340092, 0, 0, 19, 19, 1, 0.22%, 0, 0, 2, 372.42
1587340102, 0, 0, 21, 21, 1, 0.23%, 0, 0, 2, 366.90
1587340107, 0, 0, 25, 25, 1, 0.23%, 0, 0, 2, 368.84
1587340113, 0, 0, 26, 26, 1, 0.23%, 0, 0, 2, 371.04
1587340118, 0, 0, 28, 28, 1, 0.23%, 0, 0, 2, 369.15
1587340123, 0, 0, 29, 29, 1, 0.24%, 0, 0, 2, 364.30
1587340199, 0, 0, 31, 31, 1, 0.24%, 0, 0, 2, 385.81
1587340301, 0, 0, 63, 63, 1, 0.29%, 0, 0, 2, 383.35
1587340306, 0, 0, 101, 101, 1, 0.29%, 0, 0, 2, 402.06
1587340311, 0, 0, 107, 107, 1, 0.29%, 0, 0, 2, 403.70
1587340317, 0, 0, 109, 109, 1, 0.30%, 0, 0, 2, 407.31
1587340322, 0, 0, 111, 111, 1, 0.30%, 0, 0, 2, 405.66
1587340327, 0, 0, 114, 114, 1, 0.30%, 0, 0, 2, 401.89
1587340332, 0, 0, 116, 116, 1, 0.30%, 0, 0, 2, 399.44
1587340337, 0, 0, 117, 117, 1, 0.30%, 0, 0, 2, 408.76
1587340347, 0, 0, 118, 118, 1, 0.30%, 0, 0, 2, 404.03
1587340362, 0, 0, 119, 119, 1, 0.30%, 0, 0, 2, 399.55
1587340368, 0, 0, 120, 120, 1, 0.30%, 0, 0, 2, 388.54
1587340388, 0, 32, 120, 119, 11, 0.30%, 0, 0, 2, 377.31
1587340587, 0, 41, 120, 118, 11, 0.30%, 0, 0, 2, 451.69
1587340617, 0, 59, 120, 117, 10, 0.30%, 0, 0, 2, 483.92
1587340729, 0, 70, 120, 116, 9, 0.30%, 0, 0, 2, 400.38
1587340958, 0, 76, 120, 115, 8, 0.30%, 0, 0, 2, 417.30
1587341103, 0, 81, 120, 114, 8, 0.30%, 0, 0, 2, 441.86
1587341108, 0, 81, 121, 115, 8, 0.30%, 0, 0, 3, 525.12
1587341114, 0, 81, 123, 117, 8, 0.30%, 0, 0, 3, 536.71
1587341124, 0, 87, 123, 116, 8, 0.30%, 0, 0, 3, 479.71
1587341332, 0, 93, 123, 115, 7, 0.30%, 0, 0, 3, 394.60
1587341469, 0, 112, 123, 114, 6, 0.30%, 0, 0, 3, 364.43
1587341647, 0, 116, 123, 113, 5, 0.30%, 0, 0, 3, 344.69
1587341652, 0, 116, 124, 114, 5, 0.30%, 0, 0, 3, 387.77
1587341657, 0, 116, 125, 115, 5, 0.30%, 0, 0, 3, 394.82
1587341779, 0, 119, 125, 114, 4, 0.30%, 0, 0, 3, 397.56
1587341937, 0, 119, 128, 117, 4, 0.31%, 0, 0, 3, 393.61
1587341947, 0, 119, 129, 118, 4, 0.31%, 0, 0, 3, 399.44
1587341952, 0, 119, 130, 119, 4, 0.31%, 0, 0, 3, 387.37
1587341967, 0, 119, 131, 120, 4, 0.31%, 0, 0, 3, 427.73
1587342008, 0, 119, 132, 121, 4, 0.31%, 0, 0, 3, 403.82
1587342018, 0, 120, 132, 120, 5, 0.31%, 0, 0, 3, 487.74
1587342023, 0, 120, 133, 121, 5, 0.31%, 0, 0, 4, 500.07
1587342028, 0, 121, 133, 120, 4, 0.31%, 0, 0, 4, 515.64
1587342033, 0, 122, 133, 119, 3, 0.31%, 0, 0, 4, 499.31
1587342048, 0, 127, 134, 119, 2, 0.33%, 0, 0, 4, 461.30
1587342114, 0, 130, 134, 118, 2, 0.33%, 0, 0, 4, 405.55
1587342119, 0, 130, 135, 119, 2, 0.33%, 0, 0, 4, 407.81
1587342251, 0, 133, 136, 119, 1, 0.33%, 0, 0, 4, 400.30
1587342312, 0, 133, 138, 121, 1, 0.33%, 0, 0, 5, 509.83
1587342322, 0, 133, 139, 122, 1, 0.33%, 0, 0, 5, 483.98
1587342332, 0, 133, 140, 123, 1, 0.33%, 0, 0, 5, 480.00
1587342363, 0, 133, 141, 124, 1, 0.33%, 0, 0, 5, 484.09
1587342383, 0, 136, 141, 123, 2, 0.33%, 0, 0, 5, 550.69
1587342388, 0, 138, 142, 123, 1, 0.33%, 0, 0, 6, 525.04
1587342408, 0, 138, 143, 124, 1, 0.33%, 0, 0, 6, 463.27
1587342439, 0, 138, 144, 125, 1, 0.33%, 0, 0, 6, 490.04
1587342444, 0, 141, 144, 124, 3, 0.33%, 0, 0, 6, 486.81
1587342495, 0, 142, 144, 123, 2, 0.33%, 0, 0, 6, 470.67
1587342500, 0, 142, 145, 124, 2, 0.35%, 0, 0, 7, 472.26
1587342540, 0, 142, 147, 126, 2, 0.35%, 0, 0, 7, 478.54
1587342545, 0, 142, 148, 127, 2, 0.35%, 0, 0, 7, 448.83
1587342551, 0, 142, 149, 128, 2, 0.35%, 0, 0, 7, 467.39
1587342576, 0, 142, 150, 129, 2, 0.35%, 0, 0, 7, 486.56
1587342596, 0, 142, 151, 130, 2, 0.35%, 0, 0, 7, 477.70
1587342612, 0, 144, 151, 129, 3, 0.35%, 0, 0, 7, 472.68
1587342657, 0, 144, 153, 131, 3, 0.36%, 0, 0, 8, 504.13
1587342678, 0, 145, 153, 130, 3, 0.36%, 0, 0, 8, 522.07
1587342728, 0, 145, 154, 131, 3, 0.36%, 0, 0, 8, 451.83
1587342733, 0, 147, 154, 130, 3, 0.36%, 0, 0, 8, 431.53
1587342794, 0, 151, 154, 129, 2, 0.36%, 0, 0, 8, 427.27
1587342799, 0, 151, 156, 131, 2, 0.37%, 0, 0, 9, 436.01
1587342814, 0, 151, 157, 132, 2, 0.38%, 0, 0, 9, 434.01
1587342850, 0, 153, 158, 132, 3, 0.38%, 0, 0, 9, 479.85
1587342901, 0, 153, 159, 133, 3, 0.38%, 0, 0, 9, 488.51
1587342911, 0, 155, 161, 134, 3, 0.39%, 0, 0, 10, 446.28
1587342917, 0, 155, 162, 135, 3, 0.40%, 0, 0, 10, 428.04
1587342927, 0, 155, 164, 137, 3, 0.41%, 0, 0, 10, 476.81
1587342957, 0, 155, 165, 138, 3, 0.41%, 0, 0, 10, 421.56
1587342973, 0, 155, 166, 139, 3, 0.41%, 0, 0, 10, 461.21
1587342988, 0, 156, 166, 138, 8, 0.41%, 0, 0, 10, 447.89
1587342993, 0, 156, 167, 139, 8, 0.41%, 0, 0, 10, 478.24
1587343008, 0, 156, 168, 140, 8, 0.41%, 0, 0, 10, 404.85
1587343061, 0, 156, 169, 141, 8, 0.41%, 0, 0, 10, 459.00
1587343091, 0, 158, 169, 140, 8, 0.41%, 0, 0, 10, 470.98
1587343107, 0, 158, 170, 141, 8, 0.41%, 0, 0, 10, 330.41
1587343163, 0, 159, 171, 141, 7, 0.42%, 0, 0, 11, 454.64
1587343168, 0, 159, 172, 142, 7, 0.42%, 0, 0, 11, 460.35
1587343214, 0, 159, 173, 143, 7, 0.42%, 0, 0, 11, 426.56
1587343232, 0, 161, 173, 142, 8, 0.42%, 0, 0, 11, 428.27
1587343237, 0, 161, 174, 143, 8, 0.44%, 0, 0, 11, 400.95
1587343277, 0, 161, 175, 144, 8, 0.44%, 0, 0, 11, 387.98
1587343293, 0, 161, 176, 145, 8, 0.44%, 0, 0, 11, 407.44
1587343323, 0, 162, 176, 144, 8, 0.44%, 0, 0, 11, 447.30
1587343339, 0, 162, 177, 145, 8, 0.45%, 0, 0, 11, 512.43
1587343369, 0, 162, 178, 146, 8, 0.45%, 0, 0, 11, 424.46
1587343389, 0, 164, 178, 145, 8, 0.45%, 0, 0, 11, 238.56
1587343435, 0, 164, 179, 146, 8, 0.45%, 0, 0, 11, 491.82
1587343440, 0, 164, 180, 147, 8, 0.45%, 0, 0, 11, 487.43
1587343461, 0, 166, 180, 146, 8, 0.45%, 0, 0, 11, 492.75
1587343501, 0, 166, 182, 148, 8, 0.45%, 0, 0, 11, 480.74
1587343516, 0, 166, 183, 149, 8, 0.45%, 0, 0, 11, 481.87
1587343552, 0, 167, 183, 148, 8, 0.45%, 0, 0, 11, 501.39
1587343597, 0, 170, 183, 147, 7, 0.45%, 0, 0, 11, 474.65
1587343638, 0, 170, 184, 148, 7, 0.45%, 0, 0, 12, 503.00
1587343648, 0, 170, 185, 149, 7, 0.45%, 0, 0, 12, 495.34
1587343668, 0, 171, 186, 149, 7, 0.47%, 0, 0, 12, 492.12
1587343684, 0, 171, 188, 151, 7, 0.47%, 0, 0, 12, 454.30
1587343709, 0, 171, 189, 152, 7, 0.47%, 0, 0, 12, 501.45
1587343719, 0, 172, 189, 151, 10, 0.47%, 0, 0, 12, 503.80
1587343765, 0, 172, 190, 152, 10, 0.47%, 0, 0, 12, 479.95
1587343775, 0, 172, 191, 153, 10, 0.47%, 0, 0, 12, 489.91
1587343800, 0, 173, 191, 152, 9, 0.47%, 0, 0, 12, 495.29
1587343805, 0, 173, 194, 155, 9, 0.48%, 0, 0, 12, 509.20
1587343816, 0, 173, 195, 156, 9, 0.48%, 0, 0, 12, 504.61
1587343841, 0, 173, 196, 157, 9, 0.48%, 0, 0, 12, 489.12
1587343861, 0, 176, 198, 158, 12, 0.48%, 0, 0, 12, 502.04
1587343866, 0, 176, 200, 160, 12, 0.49%, 0, 0, 12, 505.22
1587343877, 0, 176, 201, 161, 12, 0.49%, 0, 0, 12, 499.69
1587343902, 0, 176, 202, 162, 12, 0.49%, 0, 0, 12, 503.30
1587343917, 0, 178, 202, 161, 16, 0.49%, 0, 0, 12, 519.01
1587343973, 0, 180, 202, 160, 15, 0.49%, 0, 0, 12, 440.96
1587344024, 0, 180, 203, 161, 15, 0.49%, 0, 0, 12, 491.78
1587344034, 0, 183, 203, 160, 15, 0.49%, 0, 0, 12, 491.83
1587344070, 0, 183, 204, 161, 15, 0.49%, 0, 0, 13, 486.35
1587344081, 0, 183, 205, 162, 15, 0.49%, 0, 0, 13, 504.81
1587344096, 0, 185, 205, 161, 16, 0.49%, 0, 0, 13, 491.53
1587344136, 0, 185, 206, 162, 16, 0.49%, 0, 0, 13, 497.26
1587344157, 0, 186, 206, 161, 15, 0.49%, 0, 0, 13, 451.87
1587344198, 0, 186, 207, 162, 15, 0.49%, 0, 0, 13, 514.83
1587344208, 0, 187, 207, 161, 14, 0.49%, 0, 0, 13, 515.29
1587344248, 0, 187, 208, 162, 14, 0.49%, 0, 0, 13, 507.15
1587344258, 0, 188, 208, 161, 14, 0.49%, 0, 0, 13, 524.24
1587344309, 0, 188, 209, 162, 14, 0.49%, 0, 0, 13, 514.17
1587344324, 0, 191, 210, 162, 13, 0.50%, 0, 0, 13, 503.18
1587344365, 0, 191, 211, 163, 13, 0.50%, 0, 0, 13, 492.92
1587344375, 0, 192, 211, 162, 13, 0.50%, 0, 0, 13, 507.95
1587344415, 0, 192, 212, 163, 13, 0.50%, 0, 0, 13, 481.30
1587344425, 0, 193, 212, 162, 12, 0.50%, 0, 0, 13, 520.46
1587344471, 0, 193, 213, 163, 12, 0.50%, 0, 0, 13, 512.57
1587344481, 0, 194, 213, 162, 11, 0.50%, 0, 0, 13, 511.71
1587344521, 0, 194, 214, 163, 11, 0.50%, 0, 0, 13, 64.52
1587344531, 0, 196, 214, 162, 11, 0.50%, 0, 0, 13, 410.21
1587344577, 0, 196, 215, 163, 11, 0.50%, 0, 0, 13, 209.43
1587344593, 0, 197, 215, 162, 10, 0.50%, 0, 0, 13, 491.43
1587344633, 0, 197, 216, 163, 10, 0.50%, 0, 0, 13, 498.84
1587344644, 0, 198, 216, 162, 10, 0.50%, 0, 0, 13, 501.70
1587344684, 0, 198, 217, 163, 10, 0.50%, 0, 0, 13, 496.77
1587344695, 0, 198, 218, 164, 10, 0.50%, 0, 0, 13, 488.18
1587344710, 0, 199, 218, 163, 9, 0.50%, 0, 0, 13, 469.92
1587344751, 0, 199, 219, 164, 9, 0.50%, 0, 0, 13, 466.50
1587344766, 0, 200, 220, 164, 8, 0.50%, 0, 0, 13, 477.94
1587344807, 0, 200, 221, 165, 8, 0.50%, 0, 0, 13, 509.22
1587344812, 0, 200, 222, 166, 8, 0.50%, 0, 0, 13, 500.94
1587344832, 0, 202, 222, 165, 9, 0.50%, 0, 0, 13, 462.50
1587344873, 0, 202, 223, 166, 9, 0.50%, 0, 0, 13, 493.47
1587344878, 0, 202, 224, 167, 9, 0.50%, 0, 0, 13, 327.31
1587344883, 0, 202, 225, 168, 9, 0.50%, 0, 0, 13, 421.26
1587344924, 0, 203, 225, 167, 9, 0.50%, 0, 0, 13, 462.74
1587344975, 0, 204, 226, 167, 8, 0.50%, 0, 0, 14, 520.15
1587344985, 0, 204, 227, 168, 8, 0.51%, 0, 0, 14, 513.00
1587345020, 0, 207, 227, 167, 9, 0.51%, 0, 0, 14, 504.06
1587345061, 0, 207, 228, 168, 9, 0.51%, 0, 0, 14, 487.19
1587345066, 0, 207, 229, 169, 9, 0.51%, 0, 0, 14, 491.89
1587345076, 0, 207, 230, 170, 9, 0.51%, 0, 0, 14, 472.16
1587345087, 0, 207, 231, 171, 9, 0.51%, 0, 0, 14, 472.69
1587345112, 0, 209, 231, 170, 11, 0.51%, 0, 0, 14, 499.33
1587345152, 0, 209, 232, 171, 11, 0.51%, 0, 0, 14, 509.45
1587345162, 0, 213, 232, 170, 10, 0.51%, 0, 0, 14, 499.96
1587345183, 0, 213, 233, 171, 10, 0.51%, 0, 0, 14, 427.97
1587345208, 0, 213, 234, 172, 10, 0.51%, 0, 0, 14, 499.04
1587345223, 0, 215, 234, 171, 10, 0.51%, 0, 0, 14, 509.66
1587345264, 0, 215, 235, 172, 10, 0.51%, 0, 0, 14, 518.94
1587345274, 0, 219, 235, 171, 9, 0.51%, 0, 0, 14, 496.61
1587345314, 0, 219, 236, 172, 9, 0.51%, 0, 0, 14, 508.89
1587345324, 0, 220, 236, 171, 9, 0.51%, 0, 0, 14, 505.61
1587345370, 0, 220, 237, 172, 9, 0.51%, 0, 0, 14, 501.68
1587345380, 0, 224, 239, 173, 8, 0.53%, 0, 0, 14, 506.95
1587345411, 0, 224, 240, 174, 8, 0.53%, 0, 0, 14, 540.66
1587345421, 0, 225, 240, 173, 10, 0.53%, 0, 0, 14, 517.58
1587345462, 0, 226, 241, 173, 9, 0.53%, 0, 0, 15, 525.70
1587345467, 0, 226, 242, 174, 9, 0.54%, 0, 0, 15, 517.99
1587345503, 0, 226, 243, 175, 9, 0.54%, 0, 0, 15, 522.68
1587345508, 0, 226, 244, 176, 9, 0.54%, 0, 0, 15, 533.42
1587345534, 0, 228, 244, 175, 11, 0.54%, 0, 0, 15, 492.05
1587345585, 0, 228, 245, 176, 11, 0.54%, 0, 0, 15, 495.45
1587345600, 0, 230, 245, 175, 10, 0.54%, 0, 0, 15, 497.18
1587345605, 0, 230, 246, 176, 10, 0.54%, 0, 0, 15, 492.27
1587345661, 0, 232, 246, 175, 10, 0.54%, 0, 0, 15, 504.61
1587345712, 0, 235, 246, 174, 9, 0.54%, 0, 0, 15, 511.34
1587345747, 0, 235, 247, 175, 9, 0.54%, 0, 0, 15, 523.45
1587345762, 0, 237, 247, 174, 9, 0.54%, 0, 0, 15, 530.32
1587345768, 0, 237, 248, 175, 9, 0.54%, 0, 0, 15, 542.96
1587345788, 0, 237, 249, 176, 9, 0.54%, 0, 0, 15, 484.60
1587345803, 0, 238, 249, 175, 10, 0.54%, 0, 0, 15, 536.80
1587345829, 0, 238, 250, 176, 10, 0.54%, 0, 0, 15, 544.32
1587345844, 0, 239, 250, 175, 10, 0.54%, 0, 0, 15, 540.54
1587345880, 0, 239, 251, 176, 10, 0.54%, 0, 0, 15, 553.49
1587345890, 0, 240, 251, 175, 9, 0.54%, 0, 0, 15, 535.96
1587345931, 0, 240, 252, 176, 9, 0.54%, 0, 0, 16, 527.08
1587345947, 0, 241, 252, 175, 9, 0.54%, 0, 0, 16, 504.03
1587345982, 0, 241, 253, 176, 9, 0.54%, 0, 0, 16, 483.78
1587345997, 0, 243, 253, 175, 8, 0.54%, 0, 0, 16, 528.47
1587346038, 0, 243, 254, 176, 8, 0.54%, 0, 0, 16, 555.14
1587346053, 0, 245, 254, 175, 7, 0.54%, 0, 0, 16, 516.47
1587346114, 0, 246, 254, 174, 6, 0.54%, 0, 0, 16, 521.91
1587346149, 0, 246, 255, 175, 6, 0.54%, 0, 0, 16, 514.93
1587346165, 0, 247, 255, 174, 5, 0.54%, 0, 0, 16, 523.11
1587346190, 0, 247, 256, 175, 5, 0.54%, 0, 0, 16, 541.65
1587346205, 0, 248, 256, 174, 4, 0.54%, 0, 0, 16, 515.34
1587346241, 0, 248, 257, 175, 4, 0.54%, 0, 0, 16, 519.59
1587346256, 0, 249, 257, 174, 4, 0.54%, 0, 0, 16, 541.00
1587346287, 0, 249, 258, 175, 4, 0.54%, 0, 0, 16, 538.46
1587346303, 0, 251, 258, 174, 3, 0.54%, 0, 0, 16, 538.94
1587346338, 0, 251, 259, 175, 3, 0.54%, 0, 0, 17, 549.50
1587346343, 0, 251, 260, 176, 3, 0.54%, 0, 0, 17, 541.01
1587346368, 0, 256, 260, 175, 3, 0.54%, 0, 0, 17, 549.40
1587346409, 0, 256, 261, 176, 3, 0.54%, 0, 0, 17, 540.96
1587346419, 0, 259, 261, 175, 2, 0.54%, 0, 0, 17, 527.86
1587346465, 1, 182, 261, 174, 1, 0.54%, 0, 0, 17, 594.67
1587346470, 1, 182, 263, 176, 1, 0.54%, 0, 0, 17, 581.70
1587346490, 1, 262, 263, 175, 1, 0.54%, 0, 0, 17, 550.04
1587346566, 1, 262, 264, 176, 1, 0.54%, 0, 0, 17, 490.35
1587346571, 1, 262, 265, 177, 1, 0.54%, 0, 0, 17, 480.96
1587346617, 1, 264, 265, 176, 0, 0.54%, 0, 0, 17, 413.65
1587346693, 1, 264, 266, 177, 0, 0.54%, 0, 0, 17, 377.84
1587346714, 2, 1, 266, 176, 0, 0.54%, 0, 0, 17, 388.12
1587346938, 2, 1, 273, 183, 0, 0.54%, 0, 0, 17, 362.56
1587346943, 2, 1, 275, 185, 0, 0.54%, 0, 0, 17, 359.20
1587346948, 2, 1, 277, 187, 0, 0.54%, 0, 0, 17, 367.42
1587346954, 2, 1, 278, 188, 0, 0.54%, 0, 0, 17, 328.74
1587346959, 2, 1, 279, 189, 0, 0.54%, 0, 0, 17, 260.12
1587346964, 2, 1, 280, 190, 0, 0.54%, 0, 0, 17, 294.23
1587346974, 2, 1, 282, 192, 0, 0.54%, 0, 0, 17, 371.55
1587346989, 2, 1, 283, 193, 0, 0.54%, 0, 0, 17, 353.78
1587347000, 2, 1, 284, 194, 0, 0.54%, 0, 0, 17, 361.01
1587347030, 2, 3, 285, 194, 0, 0.54%, 0, 0, 17, 355.27
1587347244, 2, 13, 285, 193, 0, 0.54%, 0, 0, 17, 364.77
1587347457, 2, 16, 285, 192, 0, 0.54%, 0, 0, 17, 382.01
1587347669, 2, 31, 285, 191, 0, 0.54%, 0, 0, 17, 395.91
1587347836, 2, 34, 285, 190, 0, 0.54%, 0, 0, 17, 400.60
1587348058, 2, 35, 285, 189, 0, 0.54%, 0, 0, 17, 388.07
1587348256, 2, 36, 285, 188, 0, 0.54%, 0, 0, 17, 388.92
1587348463, 2, 44, 285, 187, 0, 0.54%, 0, 0, 17, 427.07
1587348569, 2, 48, 285, 186, 0, 0.54%, 0, 0, 17, 435.61
1587348713, 2, 57, 285, 185, 0, 0.54%, 0, 0, 17, 423.97
1587348845, 2, 64, 285, 184, 0, 0.54%, 0, 0, 17, 379.47
1587349080, 2, 68, 285, 183, 0, 0.54%, 0, 0, 17, 382.62
1587349282, 2, 69, 285, 182, 0, 0.54%, 0, 0, 17, 405.35
1587349440, 2, 69, 286, 183, 0, 0.54%, 0, 0, 17, 381.67
1587349445, 2, 71, 286, 182, 0, 0.54%, 0, 0, 17, 525.01
1587349471, 2, 72, 286, 181, 0, 0.54%, 0, 0, 17, 443.26
1587349712, 2, 85, 286, 180, 0, 0.54%, 0, 0, 17, 394.57
1587349825, 2, 94, 286, 179, 0, 0.54%, 0, 0, 17, 453.65
1587349835, 2, 100, 286, 178, 0, 0.54%, 0, 0, 17, 527.67
1587349840, 2, 108, 286, 177, 0, 0.54%, 0, 0, 17, 431.11
1587350003, 2, 108, 288, 179, 0, 0.54%, 0, 0, 17, 347.31
1587350008, 2, 108, 289, 180, 0, 0.54%, 0, 0, 17, 345.87
1587350029, 2, 124, 289, 179, 0, 0.54%, 0, 0, 17, 412.72
1587350146, 2, 124, 291, 181, 0, 0.54%, 0, 0, 17, 395.05
1587350157, 2, 125, 291, 180, 0, 0.54%, 0, 0, 17, 412.90
1587350289, 2, 125, 292, 181, 0, 0.54%, 0, 0, 17, 386.32
1587350294, 2, 131, 292, 180, 0, 0.54%, 0, 0, 17, 454.30
1587350339, 2, 131, 293, 181, 0, 0.54%, 0, 0, 17, 401.88
1587350345, 2, 141, 293, 180, 0, 0.54%, 0, 0, 17, 407.53
1587350350, 2, 149, 293, 180, 0, 0.54%, 0, 0, 17, 454.14
1587350416, 2, 149, 294, 181, 0, 0.54%, 0, 0, 17, 439.18
1587350421, 2, 149, 295, 182, 0, 0.54%, 0, 0, 17, 434.03
1587350437, 2, 150, 295, 181, 0, 0.54%, 0, 0, 17, 463.32
1587350498, 2, 150, 296, 182, 0, 0.54%, 0, 0, 17, 475.35
1587350503, 2, 150, 297, 183, 0, 0.54%, 0, 0, 17, 380.68
1587350508, 2, 150, 298, 184, 0, 0.54%, 0, 0, 17, 403.06
1587350513, 2, 150, 300, 186, 0, 0.54%, 0, 0, 17, 402.04
1587350554, 2, 150, 301, 187, 0, 0.54%, 0, 0, 17, 449.19
1587350574, 2, 154, 301, 186, 0, 0.54%, 0, 0, 17, 440.59
1587350620, 2, 154, 302, 187, 0, 0.54%, 0, 0, 17, 447.03
1587350630, 2, 156, 303, 187, 0, 0.54%, 0, 0, 17, 436.80
1587350635, 2, 157, 303, 187, 0, 0.54%, 0, 0, 17, 464.57
1587350686, 2, 157, 305, 189, 0, 0.54%, 0, 0, 17, 421.27
1587350706, 2, 157, 306, 190, 0, 0.54%, 0, 0, 17, 438.05
1587350741, 2, 162, 306, 189, 0, 0.54%, 0, 0, 17, 418.84
1587350747, 2, 162, 308, 191, 0, 0.54%, 0, 0, 17, 404.45
1587350752, 2, 172, 308, 191, 0, 0.54%, 0, 0, 17, 426.79
1587350757, 2, 173, 310, 193, 0, 0.54%, 0, 0, 17, 430.13
1587350762, 2, 176, 311, 194, 0, 0.54%, 0, 0, 17, 425.82
1587350767, 2, 178, 312, 195, 0, 0.54%, 0, 0, 17, 434.07
1587350772, 2, 185, 314, 197, 0, 0.54%, 0, 0, 17, 432.37
1587350777, 2, 186, 314, 197, 0, 0.54%, 0, 0, 17, 443.68
1587350782, 2, 191, 315, 198, 0, 0.54%, 0, 0, 17, 431.33
1587350787, 2, 191, 317, 200, 0, 0.54%, 0, 0, 17, 429.89
1587350792, 2, 192, 319, 202, 0, 0.54%, 0, 0, 17, 436.17
1587350797, 2, 193, 319, 202, 0, 0.54%, 0, 0, 17, 419.45
1587350802, 2, 198, 320, 203, 0, 0.54%, 0, 0, 17, 449.63
1587350807, 2, 199, 322, 205, 0, 0.54%, 0, 0, 17, 439.53
1587350812, 2, 203, 322, 205, 0, 0.54%, 0, 0, 17, 441.19
1587350817, 2, 204, 323, 206, 0, 0.54%, 0, 0, 17, 427.02
1587350822, 2, 206, 323, 206, 0, 0.54%, 0, 0, 17, 500.76
1587350873, 2, 209, 324, 206, 0, 0.54%, 0, 0, 17, 426.63
1587350878, 2, 218, 325, 207, 0, 0.54%, 0, 0, 17, 448.12
1587350919, 2, 218, 326, 208, 0, 0.54%, 0, 0, 17, 496.53
1587350934, 2, 220, 327, 208, 0, 0.54%, 0, 0, 17, 451.59
1587350939, 2, 220, 328, 209, 0, 0.54%, 0, 0, 17, 451.45
1587350944, 2, 222, 328, 209, 0, 0.54%, 0, 0, 17, 481.96
1587350995, 2, 222, 329, 210, 0, 0.54%, 0, 0, 17, 467.62
1587351005, 2, 225, 329, 209, 0, 0.54%, 0, 0, 17, 425.92
1587351010, 2, 232, 332, 212, 0, 0.54%, 0, 0, 17, 435.91
1587351015, 2, 232, 334, 214, 0, 0.54%, 0, 0, 17, 450.91
1587351030, 2, 239, 335, 215, 0, 0.54%, 0, 0, 17, 446.55
1587351035, 2, 242, 335, 215, 0, 0.54%, 0, 0, 17, 493.17
1587351081, 2, 243, 335, 214, 0, 0.54%, 0, 0, 17, 454.47
1587351086, 2, 244, 335, 214, 0, 0.54%, 0, 0, 17, 477.03
1587351151, 2, 244, 336, 215, 0, 0.54%, 0, 0, 17, 463.59
1587351167, 2, 246, 336, 214, 0, 0.54%, 0, 0, 17, 443.97
1587351172, 2, 247, 337, 215, 0, 0.54%, 0, 0, 17, 428.96
1587351177, 2, 249, 339, 217, 0, 0.54%, 0, 0, 17, 449.91
1587351182, 2, 256, 340, 218, 0, 0.54%, 0, 0, 17, 444.66
1587351187, 2, 259, 341, 219, 0, 0.54%, 0, 0, 18, 360.19
1587351192, 2, 262, 341, 219, 0, 0.54%, 0, 0, 18, 427.62
1587351197, 2, 263, 341, 219, 0, 0.54%, 0, 0, 18, 407.60
1587351395, 2, 265, 341, 218, 0, 0.54%, 0, 0, 18, 331.75
1587351537, 2, 267, 341, 217, 0, 0.54%, 0, 0, 18, 304.24
1587351804, 2, 279, 341, 216, 0, 0.54%, 0, 0, 18, 216.25
1587353958, 2, 280, 341, 215, 0, 0.54%, 0, 0, 18, 211.83
1587354924, 2, 284, 341, 214, 0, 0.54%, 0, 0, 18, 137.68
1587364992, 2, 289, 341, 213, 0, 0.54%, 0, 0, 18, 200.51
1587365587, 2, 289, 343, 215, 0, 0.54%, 0, 0, 18, 265.75
1587365592, 2, 289, 344, 216, 0, 0.54%, 0, 0, 18, 256.17
1587365597, 2, 289, 345, 217, 0, 0.54%, 0, 0, 18, 257.42
1587365607, 2, 289, 346, 218, 0, 0.54%, 0, 0, 18, 280.83
1587365673, 2, 293, 346, 217, 0, 0.54%, 0, 0, 18, 305.75
1587365902, 2, 293, 348, 219, 0, 0.54%, 0, 0, 18, 300.66
1587365907, 2, 293, 349, 220, 0, 0.54%, 0, 0, 18, 365.28
1587365922, 2, 293, 350, 221, 0, 0.54%, 0, 0, 18, 371.88
1587365968, 2, 295, 350, 220, 0, 0.54%, 0, 0, 18, 382.94
1587366145, 2, 295, 351, 221, 0, 0.54%, 0, 0, 18, 367.62
1587366175, 2, 299, 351, 220, 0, 0.54%, 0, 0, 18, 72.67
1587369099, 2, 309, 351, 219, 0, 0.54%, 0, 0, 18, 247.82
1587369369, 2, 309, 352, 220, 0, 0.54%, 0, 0, 18, 323.29
1587369379, 2, 309, 353, 221, 0, 0.54%, 0, 0, 18, 309.54
1587369384, 2, 309, 354, 222, 0, 0.54%, 0, 0, 18, 281.39
1587369457, 2, 317, 354, 221, 0, 0.54%, 0, 0, 18, 242.43
1587369841, 2, 317, 355, 222, 0, 0.54%, 0, 0, 18, 265.17
1587369846, 2, 317, 356, 223, 0, 0.54%, 0, 0, 18, 257.91
1587369872, 2, 317, 357, 224, 0, 0.54%, 0, 0, 18, 254.15
1587369924, 2, 321, 357, 223, 0, 0.54%, 0, 0, 18, 388.07
1587369985, 2, 323, 357, 222, 0, 0.54%, 0, 0, 18, 398.56
1587370169, 2, 323, 358, 223, 0, 0.54%, 0, 0, 18, 382.46
1587370185, 2, 323, 360, 225, 0, 0.54%, 0, 0, 18, 358.91
1587370272, 2, 324, 360, 224, 0, 0.54%, 0, 0, 18, 374.61
1587370353, 2, 324, 361, 225, 0, 0.54%, 0, 0, 18, 382.20
1587370363, 2, 324, 362, 226, 0, 0.54%, 0, 0, 18, 387.19
1587370439, 2, 325, 362, 225, 0, 0.54%, 0, 0, 18, 378.53
1587370637, 2, 325, 363, 226, 0, 0.54%, 0, 0, 18, 353.70
1587370683, 2, 325, 364, 227, 0, 0.54%, 0, 0, 18, 372.45
1587370734, 2, 326, 364, 226, 0, 0.54%, 0, 0, 18, 388.04
1587370846, 2, 326, 365, 227, 0, 0.54%, 0, 0, 18, 345.75
1587370851, 2, 326, 368, 230, 0, 0.54%, 0, 0, 18, 344.14
1587370871, 2, 326, 369, 231, 0, 0.54%, 0, 0, 18, 389.16
1587370922, 2, 326, 370, 232, 0, 0.54%, 0, 0, 18, 358.09
1587370943, 2, 327, 370, 231, 0, 0.54%, 0, 0, 18, 275.27
1587371141, 2, 327, 371, 232, 0, 0.54%, 0, 0, 18, 359.92
1587371157, 2, 327, 372, 233, 0, 0.54%, 0, 0, 18, 385.83
1587371192, 2, 327, 373, 234, 0, 0.54%, 0, 0, 18, 344.67
1587371208, 2, 327, 374, 235, 0, 0.54%, 0, 0, 18, 399.42
1587371233, 2, 328, 374, 234, 0, 0.54%, 0, 0, 18, 401.11
1587371350, 2, 328, 375, 235, 0, 0.54%, 0, 0, 18, 388.16
1587371391, 2, 340, 375, 234, 0, 0.54%, 0, 0, 18, 380.76
1587371482, 2, 340, 376, 235, 0, 0.54%, 0, 0, 19, 409.86
1587371518, 2, 344, 376, 234, 0, 0.54%, 0, 0, 19, 260.24
1587373963, 2, 344, 377, 235, 0, 0.54%, 0, 0, 19, 119.14
1587375452, 2, 344, 378, 236, 0, 0.54%, 0, 0, 19, 156.41
1587375478, 2, 347, 378, 235, 0, 0.54%, 0, 0, 19, 154.11
1587377017, 2, 351, 378, 234, 0, 0.54%, 0, 0, 19, 190.78
1587377773, 2, 351, 379, 235, 0, 0.54%, 0, 0, 19, 227.12
1587377799, 2, 353, 379, 234, 0, 0.54%, 0, 0, 19, 195.71
1587379752, 2, 358, 379, 233, 0, 0.54%, 0, 0, 19, 180.83
1587380985, 2, 372, 379, 232, 0, 0.54%, 0, 0, 19, 186.11
1587382623, 2, 374, 379, 231, 0, 0.54%, 0, 0, 19, 183.56
1587383131, 2, 374, 380, 232, 0, 0.54%, 0, 0, 19, 281.17
1587383187, 2, 378, 380, 231, 0, 0.54%, 0, 0, 19, 255.72
1587388269, 2, 378, 381, 232, 0, 0.54%, 0, 0, 19, 96.18
1587388289, 2, 378, 383, 234, 0, 0.54%, 0, 0, 19, 115.56
1587388574, 2, 379, 383, 233, 0, 0.54%, 0, 0, 19, 119.38
1587391085, 2, 379, 384, 234, 0, 0.54%, 0, 0, 19, 172.42
1587391126, 2, 380, 384, 233, 0, 0.54%, 0, 0, 19, 105.64
1587402359, 2, 381, 384, 232, 0, 0.54%, 0, 0, 19, 45.99
1587411228, 3, 2, 384, 231, 0, 0.54%, 0, 0, 19, 199.09
1587411441, 3, 6, 384, 230, 0, 0.54%, 0, 0, 19, 391.08
1587411648, 3, 8, 384, 229, 0, 0.54%, 0, 0, 19, 425.56
1587412018, 3, 14, 384, 228, 0, 0.54%, 0, 0, 19, 386.24
1587412230, 3, 18, 384, 227, 0, 0.54%, 0, 0, 19, 384.76
1587412459, 3, 20, 384, 226, 0, 0.54%, 0, 0, 19, 378.65
1587412695, 3, 21, 384, 225, 0, 0.54%, 0, 0, 19, 503.10
1587412726, 3, 23, 384, 224, 0, 0.54%, 0, 0, 19, 510.24
1587412807, 3, 24, 384, 223, 0, 0.54%, 0, 0, 19, 462.17
1587412919, 3, 28, 384, 222, 0, 0.54%, 0, 0, 19, 423.25
1587413148, 3, 33, 384, 221, 0, 0.54%, 0, 0, 19, 364.43
1587413360, 3, 38, 384, 220, 0, 0.54%, 0, 0, 19, 402.72
1587413538, 3, 51, 384, 219, 0, 0.54%, 0, 0, 19, 389.14
1587413783, 3, 52, 384, 218, 0, 0.54%, 0, 0, 19, 505.89
1587413793, 3, 58, 384, 217, 0, 0.54%, 0, 0, 19, 532.47
1587413941, 3, 67, 384, 216, 0, 0.54%, 0, 0, 19, 385.78
1587414172, 3, 79, 384, 215, 0, 0.54%, 0, 0, 19, 364.24
1587414182, 3, 84, 384, 214, 0, 0.54%, 0, 0, 19, 499.55
1587414269, 3, 88, 384, 213, 0, 0.54%, 0, 0, 19, 457.04
1587414274, 3, 91, 384, 212, 0, 0.54%, 0, 0, 19, 444.56
1587414513, 3, 92, 384, 211, 0, 0.54%, 0, 0, 19, 429.20
1587414654, 3, 96, 384, 210, 0, 0.54%, 0, 0, 19, 582.40
1587414665, 3, 103, 384, 209, 0, 0.54%, 0, 0, 19, 555.51
1587414837, 3, 105, 384, 208, 0, 0.54%, 0, 0, 19, 406.00
1587415012, 3, 107, 384, 207, 0, 0.54%, 0, 0, 19, 426.40
1587415134, 3, 113, 384, 206, 0, 0.54%, 0, 0, 19, 464.67
1587415247, 3, 115, 384, 205, 0, 0.54%, 0, 0, 19, 414.69
1587415455, 3, 123, 384, 204, 0, 0.54%, 0, 0, 19, 414.33
1587415582, 3, 128, 384, 203, 0, 0.54%, 0, 0, 19, 434.38
1587415679, 3, 129, 384, 202, 0, 0.54%, 0, 0, 19, 447.42
1587415801, 3, 132, 384, 201, 0, 0.54%, 0, 0, 19, 470.32
1587415816, 3, 134, 384, 200, 0, 0.54%, 0, 0, 19, 474.40
1587415943, 3, 135, 384, 199, 0, 0.54%, 0, 0, 19, 445.67
1587416070, 3, 146, 384, 198, 0, 0.54%, 0, 0, 19, 481.22
1587416116, 3, 151, 384, 197, 0, 0.54%, 0, 0, 19, 479.82
1587416121, 3, 162, 384, 197, 0, 0.54%, 0, 0, 19, 437.37
1587416126, 3, 163, 384, 197, 0, 0.54%, 0, 0, 19, 519.40
1587416172, 3, 173, 384, 196, 0, 0.54%, 0, 0, 19, 434.80
1587416177, 3, 177, 384, 196, 0, 0.54%, 0, 0, 19, 489.53
1587416224, 3, 178, 384, 195, 0, 0.54%, 0, 0, 19, 480.84
1587416229, 3, 186, 384, 195, 0, 0.54%, 0, 0, 19, 468.79
1587416234, 3, 192, 384, 195, 0, 0.54%, 0, 0, 19, 459.09
1587416239, 3, 193, 386, 197, 0, 0.54%, 0, 0, 19, 467.09
1587416244, 3, 198, 387, 198, 0, 0.54%, 0, 0, 19, 459.23
1587416249, 3, 202, 387, 198, 0, 0.54%, 0, 0, 19, 456.96
1587416254, 3, 208, 387, 198, 0, 0.54%, 0, 0, 19, 481.71
1587416310, 3, 208, 388, 199, 0, 0.54%, 0, 0, 19, 460.45
1587416320, 3, 215, 388, 198, 0, 0.54%, 0, 0, 19, 467.38
1587416326, 3, 227, 388, 198, 0, 0.54%, 0, 0, 19, 430.69
1587416382, 3, 231, 388, 197, 0, 0.54%, 0, 0, 19, 478.75
1587416434, 3, 231, 389, 198, 0, 0.54%, 0, 0, 19, 467.27
1587416439, 3, 231, 390, 199, 0, 0.54%, 0, 0, 19, 477.36
1587416459, 3, 232, 390, 198, 0, 0.54%, 0, 0, 19, 483.37
1587416464, 3, 236, 390, 198, 0, 0.54%, 0, 0, 19, 520.00
1587416520, 3, 243, 390, 197, 0, 0.54%, 0, 0, 19, 474.67
1587416525, 3, 245, 391, 198, 0, 0.54%, 0, 0, 19, 478.94
1587416530, 3, 247, 391, 198, 0, 0.54%, 0, 0, 19, 249.53
1587416535, 3, 259, 391, 198, 0, 0.54%, 0, 0, 19, 430.87
1587416540, 3, 261, 391, 198, 0, 0.54%, 0, 0, 19, 422.11
1587416611, 3, 266, 391, 197, 0, 0.54%, 0, 0, 19, 398.81
1587417409, 3, 268, 391, 196, 0, 0.54%, 0, 0, 19, 367.11
1587417521, 3, 274, 391, 195, 0, 0.54%, 0, 0, 19, 76.08
1587421055, 3, 277, 391, 194, 0, 0.54%, 0, 0, 19, 230.25
1587421691, 3, 278, 391, 193, 0, 0.54%, 0, 0, 19, 130.33
1587424924, 3, 283, 391, 192, 0, 0.54%, 0, 0, 19, 117.41
