# unix_time, cycles_done, cur_path, paths_total, pending_total, pending_favs, map_size, unique_crashes, unique_hangs, max_depth, execs_per_sec
1587439082, 0, 0, 5, 5, 1, 0.40%, 0, 0, 1, 178.57
1587439087, 0, 1, 8, 8, 1, 0.40%, 0, 0, 2, 226.27
1587439098, 0, 1, 9, 9, 1, 0.41%, 0, 0, 2, 232.90
1587439103, 0, 1, 10, 10, 1, 0.41%, 0, 0, 2, 242.36
1587439108, 0, 1, 11, 11, 1, 0.41%, 0, 0, 2, 247.46
1587439113, 0, 1, 13, 13, 1, 0.42%, 0, 0, 2, 245.11
1587439123, 0, 1, 16, 16, 1, 0.42%, 0, 0, 2, 247.72
1587439169, 0, 1, 17, 17, 1, 0.42%, 0, 0, 2, 244.52
1587439190, 0, 1, 20, 20, 1, 0.42%, 0, 0, 2, 237.23
1587439205, 0, 1, 21, 21, 1, 0.42%, 0, 0, 2, 229.47
1587439282, 0, 1, 68, 68, 1, 0.60%, 0, 0, 2, 266.25
1587439287, 0, 1, 78, 78, 1, 0.60%, 0, 0, 2, 268.88
1587439292, 0, 1, 86, 86, 1, 0.60%, 0, 0, 2, 260.88
1587439297, 0, 1, 93, 93, 1, 0.60%, 0, 0, 2, 265.98
1587439302, 0, 1, 95, 95, 1, 0.60%, 0, 0, 2, 258.20
1587439307, 0, 1, 103, 103, 1, 0.60%, 0, 0, 2, 259.36
1587439312, 0, 1, 108, 108, 1, 0.60%, 0, 0, 2, 267.02
1587439317, 0, 1, 111, 111, 1, 0.60%, 0, 0, 2, 263.98
1587439323, 0, 1, 112, 112, 1, 0.60%, 0, 0, 2, 257.36
1587439333, 0, 1, 114, 114, 1, 0.60%, 0, 0, 2, 257.34
1587439338, 0, 1, 119, 119, 1, 0.60%, 0, 0, 2, 262.23
1587439343, 0, 1, 121, 121, 1, 0.60%, 0, 0, 2, 266.75
1587439348, 0, 1, 122, 122, 1, 0.60%, 0, 0, 2, 263.68
1587439353, 0, 1, 123, 123, 1, 0.60%, 0, 0, 2, 267.13
1587439359, 0, 1, 124, 124, 1, 0.60%, 0, 0, 2, 263.65
1587439364, 0, 1, 125, 125, 1, 0.60%, 0, 0, 2, 265.73
1587439374, 0, 1, 126, 126, 1, 0.60%, 0, 0, 2, 264.03
1587439379, 0, 1, 127, 127, 1, 0.60%, 0, 0, 2, 265.63
1587439389, 0, 1, 128, 128, 1, 0.61%, 0, 0, 2, 267.62
1587439405, 0, 1, 129, 129, 1, 0.61%, 0, 0, 2, 263.80
1587439410, 0, 21, 130, 129, 9, 0.61%, 0, 0, 2, 255.19
1587439513, 0, 35, 130, 128, 9, 0.61%, 0, 0, 2, 266.34
1587439615, 0, 40, 130, 127, 9, 0.61%, 0, 0, 2, 329.87
1587439731, 0, 66, 130, 126, 8, 0.61%, 0, 0, 2, 336.34
1587439736, 0, 66, 131, 127, 8, 0.61%, 0, 0, 3, 398.69
1587439762, 0, 74, 131, 126, 8, 0.61%, 0, 0, 3, 391.25
1587439838, 0, 74, 132, 127, 8, 0.61%, 0, 0, 3, 368.15
1587439843, 0, 75, 134, 128, 8, 0.61%, 0, 0, 3, 380.56
1587439848, 0, 75, 135, 129, 8, 0.61%, 0, 0, 3, 397.45
1587439858, 0, 75, 136, 130, 8, 0.61%, 0, 0, 3, 377.33
1587439868, 0, 75, 137, 131, 8, 0.61%, 0, 0, 3, 354.37
1587439894, 0, 75, 138, 132, 8, 0.61%, 0, 0, 3, 421.88
1587439955, 0, 75, 140, 134, 8, 0.61%, 0, 0, 3, 419.68
1587440022, 0, 75, 152, 146, 8, 0.61%, 0, 0, 3, 399.11
1587440027, 0, 75, 163, 157, 8, 0.61%, 0, 0, 3, 351.64
1587440032, 0, 75, 169, 163, 8, 0.61%, 0, 0, 3, 338.89
1587440037, 0, 75, 171, 165, 8, 0.61%, 0, 0, 3, 336.11
1587440042, 0, 75, 172, 166, 8, 0.61%, 0, 0, 3, 338.11
1587440047, 0, 75, 174, 168, 8, 0.61%, 0, 0, 3, 343.64
1587440052, 0, 75, 175, 169, 8, 0.61%, 0, 0, 3, 331.35
1587440119, 0, 83, 175, 168, 9, 0.61%, 0, 0, 3, 326.54
1587440124, 0, 125, 175, 167, 8, 0.61%, 0, 0, 3, 444.01
1587440200, 0, 127, 175, 166, 7, 0.61%, 0, 0, 3, 413.34
1587440281, 0, 130, 175, 165, 6, 0.61%, 0, 0, 3, 410.50
1587440312, 0, 131, 175, 164, 5, 0.61%, 0, 0, 3, 384.42
1587440383, 0, 135, 175, 163, 4, 0.61%, 0, 0, 3, 399.52
1587440423, 0, 135, 176, 164, 4, 0.61%, 0, 0, 4, 404.78
1587440566, 0, 135, 177, 165, 4, 0.61%, 0, 0, 4, 392.08
1587440571, 0, 150, 177, 164, 4, 0.61%, 0, 0, 4, 385.43
1587440642, 0, 165, 177, 163, 3, 0.61%, 0, 0, 4, 393.13
1587440810, 0, 172, 177, 162, 2, 0.61%, 0, 0, 4, 378.97
1587440969, 0, 176, 177, 161, 1, 0.61%, 0, 0, 4, 418.75
1587441131, 0, 176, 178, 162, 1, 0.61%, 0, 0, 5, 394.03
1587441141, 1, 3, 178, 161, 0, 0.61%, 0, 0, 5, 268.49
1587441649, 1, 3, 179, 162, 0, 0.61%, 0, 0, 5, 159.71
1587441869, 1, 3, 180, 163, 0, 0.61%, 0, 0, 5, 165.26
1587441955, 1, 3, 182, 165, 0, 0.61%, 0, 0, 5, 172.99
1587441960, 1, 3, 185, 168, 0, 0.61%, 0, 0, 5, 175.81
1587441966, 1, 3, 187, 170, 0, 0.61%, 0, 0, 5, 162.03
1587441986, 1, 3, 188, 171, 0, 0.61%, 0, 0, 5, 178.27
1587441992, 1, 3, 189, 172, 0, 0.61%, 0, 0, 5, 177.99
1587441997, 1, 3, 190, 173, 0, 0.61%, 0, 0, 5, 172.71
1587442013, 1, 3, 191, 174, 0, 0.61%, 0, 0, 5, 153.00
1587442018, 1, 3, 192, 175, 0, 0.61%, 0, 0, 5, 159.51
1587442065, 1, 3, 193, 176, 0, 0.61%, 0, 0, 5, 179.15
1587442070, 1, 3, 194, 177, 0, 0.61%, 0, 0, 5, 170.66
1587442080, 1, 3, 195, 178, 0, 0.61%, 0, 0, 5, 174.84
1587442085, 1, 3, 196, 179, 0, 0.61%, 0, 0, 5, 174.37
1587442126, 1, 3, 197, 180, 0, 0.61%, 0, 0, 5, 156.29
1587442157, 1, 23, 197, 179, 1, 0.61%, 0, 0, 5, 182.70
1587442254, 1, 26, 197, 178, 1, 0.61%, 0, 0, 5, 255.38
1587442418, 1, 26, 198, 179, 1, 0.61%, 0, 0, 5, 286.85
1587442423, 1, 157, 198, 178, 1, 0.61%, 0, 0, 5, 331.18
1587442641, 1, 157, 200, 180, 1, 0.61%, 0, 0, 5, 344.94
1587442646, 1, 157, 203, 183, 1, 0.61%, 0, 0, 5, 319.71
1587442651, 1, 157, 204, 184, 1, 0.61%, 0, 0, 5, 316.85
1587442702, 1, 157, 205, 185, 1, 0.61%, 0, 0, 5, 325.94
1587442712, 1, 157, 207, 187, 1, 0.61%, 0, 0, 5, 317.89
1587442727, 1, 157, 208, 188, 1, 0.61%, 0, 0, 5, 324.26
1587442742, 1, 157, 209, 189, 1, 0.61%, 0, 0, 5, 329.09
1587442747, 1, 180, 209, 188, 1, 0.61%, 0, 0, 5, 408.24
1587442793, 1, 180, 210, 189, 1, 0.61%, 0, 0, 5, 458.24
1587442798, 1, 191, 210, 188, 0, 0.61%, 0, 0, 5, 267.35
1587443053, 1, 205, 210, 187, 0, 0.61%, 0, 0, 5, 299.37
1587443363, 1, 205, 213, 190, 0, 0.61%, 0, 0, 5, 317.48
1587443368, 1, 205, 214, 191, 0, 0.61%, 0, 0, 5, 320.92
1587443409, 1, 205, 215, 192, 0, 0.61%, 0, 0, 5, 307.90
1587443465, 1, 207, 216, 192, 0, 0.61%, 0, 0, 5, 321.19
1587443770, 2, 3, 218, 193, 0, 0.61%, 0, 0, 5, 70.41
1587443775, 2, 3, 220, 195, 0, 0.61%, 0, 0, 5, 139.64
1587443780, 2, 3, 221, 196, 0, 0.61%, 0, 0, 5, 180.54
1587443791, 2, 3, 222, 197, 0, 0.61%, 0, 0, 5, 172.78
1587443796, 2, 3, 223, 198, 0, 0.61%, 0, 0, 5, 173.54
1587443806, 2, 3, 224, 199, 0, 0.61%, 0, 0, 5, 168.42
1587443811, 2, 33, 225, 200, 1, 0.61%, 0, 0, 5, 287.61
1587443857, 2, 125, 227, 201, 1, 0.61%, 0, 0, 5, 311.18
1587443862, 2, 125, 229, 203, 1, 0.63%, 0, 0, 5, 338.29
1587443867, 2, 125, 232, 206, 1, 0.63%, 0, 1, 5, 232.93
1587443872, 2, 125, 233, 207, 1, 0.63%, 3, 1, 5, 287.39
1587443888, 2, 179, 235, 209, 2, 0.64%, 3, 1, 5, 356.62
1587444405, 2, 179, 237, 211, 2, 0.64%, 3, 1, 5, 320.67
1587444410, 2, 179, 238, 212, 2, 0.64%, 4, 1, 5, 297.32
1587444415, 2, 179, 240, 214, 2, 0.64%, 5, 1, 5, 282.20
1587444425, 2, 179, 241, 215, 2, 0.64%, 6, 1, 5, 277.65
1587444446, 2, 179, 242, 216, 2, 0.64%, 8, 1, 5, 284.84
1587444451, 2, 179, 244, 218, 2, 0.64%, 8, 1, 5, 272.28
1587444481, 2, 179, 244, 218, 2, 0.64%, 9, 1, 5, 260.76
1587444486, 2, 179, 246, 220, 2, 0.64%, 9, 1, 5, 280.09
1587444491, 2, 179, 247, 221, 2, 0.64%, 9, 1, 5, 278.88
1587444502, 2, 179, 247, 221, 2, 0.64%, 10, 1, 5, 259.52
1587444507, 2, 179, 247, 221, 2, 0.64%, 12, 1, 5, 265.37
1587444512, 2, 179, 248, 222, 2, 0.64%, 12, 1, 5, 305.68
1587444517, 2, 179, 249, 223, 2, 0.64%, 12, 1, 5, 260.08
1587444522, 2, 189, 250, 223, 2, 0.64%, 12, 1, 5, 243.68
1587445688, 2, 189, 251, 224, 2, 0.64%, 12, 1, 5, 155.36
1587445704, 2, 202, 251, 223, 2, 0.64%, 13, 1, 5, 205.38
1587446014, 2, 202, 253, 225, 2, 0.64%, 13, 1, 5, 310.52
1587446019, 2, 202, 255, 227, 2, 0.64%, 14, 1, 5, 283.47
1587446024, 2, 202, 255, 227, 2, 0.64%, 16, 1, 5, 277.55
1587446045, 2, 202, 256, 228, 2, 0.64%, 16, 1, 5, 264.99
1587446050, 2, 202, 256, 228, 2, 0.64%, 17, 1, 5, 264.33
1587446081, 2, 202, 257, 229, 2, 0.64%, 17, 1, 5, 187.76
1587446152, 2, 247, 257, 228, 2, 0.64%, 17, 1, 5, 34.86
1587446208, 2, 247, 258, 229, 2, 0.64%, 17, 1, 5, 36.57
1587446723, 2, 247, 259, 230, 2, 0.64%, 17, 1, 5, 37.01
1587446799, 2, 247, 260, 231, 2, 0.64%, 17, 1, 5, 37.04
1587447677, 2, 247, 261, 232, 2, 0.64%, 17, 1, 5, 38.03
1587448428, 2, 247, 262, 233, 2, 0.64%, 17, 1, 5, 39.60
1587451475, 2, 247, 263, 234, 2, 0.64%, 17, 1, 5, 39.36
1587454017, 2, 247, 264, 235, 2, 0.64%, 17, 1, 5, 37.53
1587467971, 2, 247, 266, 237, 2, 0.64%, 18, 1, 5, 54.12
1587467976, 2, 247, 267, 238, 2, 0.64%, 18, 1, 5, 2.77
1587467981, 2, 247, 268, 239, 2, 0.64%, 18, 1, 5, 49.08
1587467986, 2, 247, 269, 240, 2, 0.64%, 19, 1, 5, 51.90
1587468017, 2, 247, 269, 240, 2, 0.64%, 20, 1, 5, 49.62
1587468037, 2, 247, 269, 240, 2, 0.64%, 21, 1, 5, 50.61
1587468043, 2, 247, 270, 241, 2, 0.64%, 21, 1, 5, 47.53
1587468058, 2, 247, 270, 241, 2, 0.64%, 22, 1, 5, 50.48
1587468063, 2, 247, 271, 242, 2, 0.64%, 25, 1, 5, 53.64
1587468068, 2, 247, 271, 242, 2, 0.64%, 26, 1, 5, 51.53
1587468083, 2, 247, 272, 243, 2, 0.64%, 26, 1, 5, 50.94
1587468135, 2, 247, 273, 244, 2, 0.64%, 26, 1, 5, 53.23
1587468181, 2, 247, 273, 244, 2, 0.64%, 27, 1, 5, 49.86
1587468216, 2, 247, 273, 244, 2, 0.64%, 28, 1, 5, 50.85
1587468247, 2, 247, 273, 244, 2, 0.64%, 29, 1, 5, 50.75
1587468329, 2, 247, 273, 244, 2, 0.64%, 30, 1, 5, 53.39
1587468421, 2, 247, 273, 244, 2, 0.64%, 31, 1, 5, 52.57
1587468477, 2, 247, 273, 244, 2, 0.64%, 32, 1, 5, 50.95
1587468502, 2, 247, 273, 244, 2, 0.64%, 33, 1, 5, 49.17
1587468620, 2, 251, 273, 243, 2, 0.64%, 33, 1, 5, 53.54
1587492325, 2, 251, 276, 246, 2, 0.64%, 34, 1, 6, 46.81
1587492330, 2, 251, 277, 247, 2, 0.64%, 36, 1, 6, 48.14
1587492335, 2, 251, 279, 249, 2, 0.64%, 36, 1, 6, 48.69
1587492351, 2, 251, 280, 250, 2, 0.64%, 38, 1, 6, 46.67
1587492356, 2, 251, 280, 250, 2, 0.64%, 39, 1, 6, 45.76
1587492361, 2, 251, 281, 251, 2, 0.64%, 39, 1, 6, 46.26
1587492371, 2, 251, 282, 252, 2, 0.64%, 41, 1, 6, 48.36
1587492387, 2, 251, 283, 253, 2, 0.64%, 41, 1, 6, 46.60
1587492392, 2, 251, 284, 254, 2, 0.64%, 43, 1, 6, 47.46
1587492397, 2, 251, 285, 255, 2, 0.64%, 44, 1, 6, 47.20
1587492412, 2, 251, 286, 256, 2, 0.64%, 44, 1, 6, 45.24
1587492417, 2, 251, 288, 258, 2, 0.64%, 45, 1, 6, 44.84
1587492453, 2, 251, 290, 260, 2, 0.64%, 45, 1, 6, 47.26
1587492458, 2, 251, 291, 261, 2, 0.64%, 45, 1, 6, 46.02
1587492468, 2, 251, 292, 262, 2, 0.64%, 45, 1, 6, 48.90
1587492488, 2, 251, 292, 262, 2, 0.64%, 46, 1, 6, 47.65
1587492493, 2, 251, 292, 262, 2, 0.64%, 47, 1, 6, 46.57
1587492524, 2, 251, 292, 262, 2, 0.64%, 48, 1, 6, 48.46
1587492529, 2, 251, 293, 263, 2, 0.64%, 48, 1, 6, 48.04
1587492539, 2, 251, 293, 263, 2, 0.64%, 49, 1, 6, 48.21
1587492544, 2, 251, 293, 263, 2, 0.64%, 50, 1, 6, 47.27
1587492575, 2, 251, 293, 263, 2, 0.64%, 51, 1, 6, 46.74
1587492591, 2, 251, 294, 264, 2, 0.64%, 51, 1, 6, 46.78
1587492596, 2, 251, 294, 264, 2, 0.64%, 52, 1, 6, 47.53
1587492626, 2, 251, 294, 264, 2, 0.64%, 53, 1, 6, 49.98
1587492682, 2, 251, 295, 265, 2, 0.64%, 53, 1, 6, 45.82
1587492687, 2, 251, 296, 266, 2, 0.64%, 53, 1, 6, 46.62
1587492693, 2, 251, 297, 267, 2, 0.64%, 53, 1, 6, 47.80
1587492739, 2, 251, 298, 268, 2, 0.64%, 54, 1, 6, 49.57
1587492744, 2, 251, 299, 269, 2, 0.64%, 54, 1, 6, 47.01
1587492784, 2, 251, 299, 269, 2, 0.64%, 55, 1, 6, 43.68
1587492790, 2, 251, 299, 269, 2, 0.64%, 56, 1, 6, 44.18
1587492846, 2, 251, 300, 270, 2, 0.64%, 56, 1, 6, 46.92
1587492856, 2, 251, 301, 271, 2, 0.64%, 56, 1, 6, 47.66
1587492866, 2, 251, 302, 272, 2, 0.64%, 56, 1, 6, 48.44
1587492876, 2, 251, 302, 272, 2, 0.64%, 57, 1, 6, 48.72
1587492892, 2, 251, 302, 272, 2, 0.64%, 58, 1, 6, 48.12
1587492897, 2, 251, 302, 272, 2, 0.64%, 59, 1, 6, 46.75
1587492907, 2, 251, 302, 272, 2, 0.64%, 60, 1, 6, 46.06
1587492922, 2, 251, 302, 272, 2, 0.64%, 61, 1, 6, 49.63
1587492953, 2, 251, 303, 273, 2, 0.64%, 61, 1, 6, 44.35
1587492963, 2, 251, 303, 273, 2, 0.64%, 62, 1, 6, 47.13
1587493030, 2, 265, 304, 273, 3, 0.64%, 62, 1, 6, 52.79
1587501851, 2, 277, 304, 272, 2, 0.64%, 62, 1, 6, 65.39
