# unix_time, cycles_done, cur_path, paths_total, pending_total, pending_favs, map_size, unique_crashes, unique_hangs, max_depth, execs_per_sec
1587340084, 0, 0, 1, 1, 1, 0.40%, 0, 0, 1, 43.01
1587340115, 0, 0, 2, 2, 1, 0.40%, 0, 0, 2, 45.46
1587340120, 0, 0, 5, 5, 1, 0.40%, 0, 0, 2, 45.20
1587340125, 0, 0, 6, 6, 1, 0.40%, 0, 0, 2, 44.88
1587340131, 0, 0, 7, 7, 1, 0.40%, 0, 0, 2, 45.16
1587340136, 0, 0, 8, 8, 1, 0.40%, 0, 0, 2, 45.45
1587340141, 0, 0, 9, 9, 1, 0.40%, 0, 0, 2, 45.40
1587340177, 0, 0, 10, 10, 1, 0.40%, 0, 0, 2, 45.47
1587340182, 0, 0, 11, 11, 1, 0.41%, 0, 0, 2, 45.66
1587340326, 0, 0, 13, 13, 1, 0.41%, 0, 0, 2, 45.07
1587340573, 0, 0, 16, 16, 1, 0.42%, 0, 0, 2, 45.43
1587340866, 0, 0, 17, 17, 1, 0.57%, 0, 0, 2, 43.65
1587340871, 0, 0, 18, 18, 1, 0.57%, 0, 0, 2, 44.24
1587341219, 0, 0, 19, 19, 1, 0.58%, 0, 0, 2, 45.14
1587341676, 0, 0, 20, 20, 1, 0.58%, 0, 0, 2, 45.41
1587341840, 0, 0, 21, 21, 1, 0.58%, 0, 0, 2, 45.38
1587341922, 0, 0, 22, 22, 1, 0.58%, 0, 0, 2, 45.06
1587342039, 0, 0, 23, 23, 1, 0.58%, 0, 0, 2, 45.77
1587342269, 0, 0, 24, 24, 1, 0.58%, 0, 0, 2, 45.77
1587342371, 0, 0, 25, 25, 1, 0.58%, 0, 0, 2, 45.61
1587342458, 0, 0, 26, 26, 1, 0.58%, 0, 0, 2, 44.61
1587342663, 0, 0, 27, 27, 1, 0.58%, 0, 0, 2, 45.57
1587342689, 0, 0, 28, 28, 1, 0.58%, 0, 0, 2, 45.94
1587342888, 0, 0, 29, 29, 1, 0.58%, 0, 0, 2, 45.20
1587342934, 0, 0, 30, 30, 1, 0.58%, 0, 0, 2, 44.27
1587342964, 0, 0, 31, 31, 1, 0.58%, 0, 0, 2, 44.91
1587343208, 0, 0, 32, 32, 1, 0.58%, 0, 0, 2, 42.51
1587343336, 0, 0, 33, 33, 1, 0.58%, 0, 0, 2, 45.37
1587343547, 0, 0, 34, 34, 1, 0.58%, 0, 0, 2, 45.43
1587344763, 0, 0, 35, 35, 1, 0.58%, 0, 0, 2, 44.25
1587346074, 0, 0, 37, 37, 1, 0.58%, 0, 0, 2, 43.81
1587346080, 0, 0, 38, 38, 1, 0.58%, 0, 0, 2, 43.95
1587348268, 0, 0, 58, 58, 1, 0.60%, 0, 0, 2, 45.88
1587348273, 0, 0, 69, 69, 1, 0.60%, 0, 0, 2, 44.92
1587348278, 0, 0, 77, 77, 1, 0.60%, 0, 0, 2, 45.84
1587348283, 0, 0, 83, 83, 1, 0.60%, 0, 0, 2, 47.42
1587348288, 0, 0, 88, 88, 1, 0.60%, 0, 0, 2, 45.81
1587348293, 0, 0, 90, 90, 1, 0.60%, 0, 0, 2, 45.29
1587348298, 0, 0, 94, 94, 1, 0.60%, 0, 0, 2, 45.27
1587348303, 0, 0, 99, 99, 1, 0.60%, 0, 0, 2, 44.97
1587348309, 0, 0, 100, 100, 1, 0.60%, 0, 0, 2, 44.45
1587348314, 0, 0, 104, 104, 1, 0.60%, 0, 0, 2, 45.80
1587348319, 0, 0, 107, 107, 1, 0.60%, 0, 0, 2, 46.11
1587348324, 0, 0, 110, 110, 1, 0.60%, 0, 0, 2, 45.35
1587348329, 0, 0, 113, 113, 1, 0.60%, 0, 0, 2, 47.14
1587348334, 0, 0, 114, 114, 1, 0.60%, 0, 0, 2, 45.81
1587348339, 0, 0, 116, 116, 1, 0.60%, 0, 0, 2, 45.99
1587348344, 0, 0, 118, 118, 1, 0.60%, 0, 0, 2, 47.47
1587348349, 0, 0, 121, 121, 1, 0.60%, 0, 0, 2, 46.51
1587348354, 0, 0, 122, 122, 1, 0.60%, 0, 0, 2, 46.02
1587348360, 0, 0, 124, 124, 1, 0.60%, 0, 0, 2, 45.19
1587348365, 0, 0, 125, 125, 1, 0.60%, 0, 0, 2, 45.61
1587348370, 0, 0, 127, 127, 1, 0.60%, 0, 0, 2, 45.30
1587348375, 0, 0, 129, 129, 1, 0.60%, 0, 0, 2, 45.30
1587348390, 0, 0, 130, 130, 1, 0.60%, 0, 0, 2, 45.55
1587348395, 0, 0, 131, 131, 1, 0.60%, 0, 0, 2, 45.36
1587348405, 0, 0, 133, 133, 1, 0.60%, 0, 0, 2, 46.28
1587348415, 0, 0, 137, 137, 1, 0.60%, 0, 0, 2, 45.94
1587348425, 0, 13, 137, 136, 9, 0.60%, 0, 0, 2, 44.33
1587356843, 0, 13, 138, 137, 9, 0.60%, 0, 0, 3, 43.62
1587356848, 0, 15, 138, 136, 8, 0.60%, 0, 0, 3, 44.04
1587363993, 0, 15, 139, 137, 8, 0.60%, 0, 0, 3, 45.34
1587363998, 0, 15, 140, 138, 8, 0.60%, 0, 0, 3, 45.96
1587364003, 0, 15, 142, 140, 8, 0.60%, 0, 0, 3, 46.14
1587364008, 0, 15, 143, 141, 8, 0.60%, 0, 0, 3, 45.23
1587364028, 0, 15, 144, 142, 8, 0.60%, 0, 0, 3, 45.04
1587364034, 0, 15, 147, 145, 8, 0.60%, 0, 0, 3, 45.66
1587364039, 0, 15, 148, 146, 8, 0.60%, 0, 0, 3, 46.85
1587364054, 0, 15, 149, 147, 8, 0.60%, 0, 0, 3, 46.61
1587364074, 0, 15, 151, 149, 8, 0.60%, 0, 0, 3, 47.16
1587364095, 0, 15, 152, 150, 8, 0.60%, 0, 0, 3, 46.10
1587364100, 0, 15, 153, 151, 8, 0.60%, 0, 0, 3, 45.78
1587364136, 0, 80, 153, 150, 9, 0.60%, 0, 0, 3, 46.14
1587364181, 0, 80, 153, 150, 9, 0.60%, 1, 0, 3, 47.92
1587364267, 0, 80, 154, 151, 9, 0.60%, 1, 0, 3, 47.74
1587364323, 0, 80, 155, 152, 9, 0.60%, 1, 0, 3, 47.89
1587364542, 0, 80, 156, 153, 9, 0.60%, 1, 0, 3, 46.45
1587364981, 0, 80, 157, 154, 9, 0.60%, 1, 0, 3, 46.96
1587366641, 0, 80, 158, 155, 9, 0.60%, 1, 0, 3, 48.92
1587369329, 0, 80, 159, 156, 9, 0.60%, 1, 0, 3, 47.77
1587369339, 0, 111, 159, 155, 7, 0.60%, 1, 0, 3, 113.18
1587369360, 0, 111, 160, 156, 7, 0.60%, 1, 0, 3, 154.23
1587369406, 0, 111, 161, 157, 7, 0.60%, 1, 0, 3, 153.03
1587369468, 0, 111, 161, 157, 7, 0.60%, 2, 0, 3, 160.47
1587371187, 0, 111, 162, 158, 7, 0.60%, 2, 0, 3, 157.95
1587371504, 0, 111, 163, 159, 7, 0.60%, 2, 0, 3, 158.17
1587372155, 0, 111, 165, 161, 7, 0.60%, 2, 0, 3, 147.72
1587372160, 0, 111, 184, 180, 7, 0.61%, 2, 0, 3, 137.08
1587372165, 0, 111, 194, 190, 7, 0.61%, 3, 0, 3, 138.20
1587372170, 0, 111, 196, 192, 7, 0.61%, 3, 0, 3, 140.94
1587372175, 0, 111, 199, 195, 7, 0.61%, 3, 0, 3, 138.18
1587372180, 0, 111, 200, 196, 7, 0.61%, 4, 0, 3, 143.19
1587372186, 0, 111, 201, 197, 7, 0.61%, 4, 0, 3, 137.35
1587372191, 0, 111, 203, 199, 7, 0.61%, 4, 0, 3, 135.29
1587372196, 0, 111, 206, 202, 7, 0.61%, 4, 0, 3, 138.42
1587372201, 0, 111, 208, 204, 7, 0.61%, 6, 0, 3, 139.40
1587372206, 0, 124, 209, 204, 10, 0.61%, 8, 0, 3, 107.16
1587372247, 0, 124, 210, 205, 10, 0.61%, 8, 0, 3, 47.88
1587372625, 0, 124, 211, 206, 10, 0.61%, 8, 0, 3, 47.42
1587372640, 0, 124, 212, 207, 10, 0.61%, 8, 0, 3, 47.45
1587372883, 0, 124, 213, 208, 10, 0.61%, 8, 0, 3, 46.63
1587377268, 0, 124, 214, 209, 10, 0.61%, 8, 0, 3, 46.81
1587377273, 0, 132, 214, 208, 10, 0.61%, 8, 0, 3, 55.97
1587379573, 0, 132, 217, 211, 10, 0.61%, 9, 0, 3, 129.53
1587379583, 0, 132, 218, 212, 10, 0.61%, 10, 0, 3, 122.60
1587379588, 0, 132, 219, 213, 10, 0.61%, 12, 0, 3, 126.41
1587379593, 0, 132, 222, 216, 10, 0.61%, 13, 0, 3, 124.94
1587379603, 0, 132, 224, 218, 10, 0.61%, 13, 0, 3, 119.58
1587379609, 0, 132, 225, 219, 10, 0.61%, 13, 0, 3, 120.29
1587379614, 0, 148, 225, 218, 9, 0.61%, 14, 0, 3, 137.15
1587379639, 0, 148, 226, 219, 9, 0.61%, 14, 0, 4, 147.96
1587379741, 0, 148, 226, 219, 9, 0.61%, 15, 0, 4, 152.14
1587382169, 0, 148, 227, 220, 9, 0.61%, 15, 0, 4, 154.38
1587382937, 0, 148, 228, 221, 9, 0.63%, 15, 0, 4, 155.83
1587382942, 0, 148, 232, 225, 9, 0.63%, 16, 0, 4, 144.06
1587382947, 0, 148, 235, 228, 9, 0.63%, 17, 0, 4, 143.47
1587382952, 0, 148, 236, 229, 9, 0.63%, 18, 0, 4, 144.79
1587382962, 0, 148, 236, 229, 9, 0.63%, 19, 0, 4, 137.76
1587382977, 0, 153, 237, 229, 9, 0.63%, 20, 0, 4, 120.78
1587387084, 0, 161, 237, 228, 8, 0.63%, 20, 0, 4, 117.48
1587389443, 0, 161, 237, 228, 8, 0.63%, 21, 0, 4, 157.00
1587390148, 0, 174, 237, 227, 7, 0.63%, 21, 0, 4, 134.91
1587393199, 0, 174, 239, 229, 7, 0.63%, 21, 0, 4, 140.84
1587393204, 0, 190, 239, 228, 6, 0.63%, 21, 0, 4, 124.66
1587396099, 0, 192, 239, 227, 6, 0.63%, 21, 0, 4, 174.43
1587397888, 0, 192, 240, 228, 6, 0.63%, 21, 0, 4, 177.88
1587398455, 0, 192, 242, 230, 6, 0.63%, 21, 0, 4, 161.73
1587398460, 0, 192, 243, 231, 6, 0.63%, 21, 0, 4, 151.04
1587398465, 0, 192, 244, 232, 6, 0.63%, 21, 0, 4, 141.60
1587398475, 0, 192, 245, 233, 6, 0.63%, 21, 0, 4, 144.62
1587398491, 0, 202, 245, 232, 8, 0.63%, 21, 0, 4, 80.75
1587404409, 0, 207, 245, 231, 8, 0.63%, 21, 0, 4, 130.96
1587407244, 0, 221, 245, 230, 7, 0.63%, 21, 0, 4, 118.65
1587408681, 0, 221, 246, 231, 7, 0.63%, 21, 0, 4, 63.67
1587410707, 0, 221, 247, 232, 7, 0.63%, 21, 0, 4, 63.03
1587410712, 0, 221, 248, 233, 7, 0.63%, 21, 0, 4, 63.48
1587410733, 0, 221, 249, 234, 7, 0.63%, 21, 0, 4, 64.02
1587410738, 0, 227, 249, 233, 7, 0.63%, 21, 0, 4, 100.99
1587410753, 0, 227, 250, 234, 7, 0.63%, 21, 0, 5, 104.06
1587410758, 0, 227, 251, 235, 7, 0.63%, 21, 0, 5, 104.76
1587415314, 0, 227, 252, 236, 7, 0.63%, 21, 0, 5, 125.90
1587415319, 0, 230, 252, 235, 6, 0.63%, 21, 0, 5, 146.92
1587417653, 0, 230, 252, 235, 6, 0.63%, 22, 0, 5, 163.80
1587418302, 0, 230, 253, 236, 6, 0.63%, 22, 0, 5, 154.70
1587418312, 0, 239, 253, 235, 6, 0.63%, 22, 0, 5, 172.50
1587420730, 0, 240, 253, 234, 5, 0.63%, 22, 0, 5, 188.97
1587422687, 0, 242, 253, 233, 4, 0.63%, 23, 0, 5, 195.93
1587424623, 0, 244, 253, 232, 3, 0.63%, 23, 0, 5, 199.53
