# unix_time, cycles_done, cur_path, paths_total, pending_total, pending_favs, map_size, unique_crashes, unique_hangs, max_depth, execs_per_sec
1587688214, 0, 0, 7, 7, 5, 0.84%, 0, 0, 1, 486.96
1587688219, 0, 0, 16, 16, 5, 0.86%, 0, 0, 2, 541.75
1587688224, 0, 0, 25, 25, 5, 0.86%, 0, 0, 2, 537.97
1587688229, 0, 0, 34, 34, 5, 0.87%, 0, 0, 2, 565.30
1587688234, 0, 0, 47, 47, 5, 0.91%, 0, 0, 2, 537.51
1587688239, 0, 0, 64, 64, 5, 0.92%, 0, 0, 2, 521.33
1587688244, 0, 0, 72, 72, 5, 0.92%, 0, 0, 2, 484.70
1587688249, 0, 0, 75, 75, 5, 0.92%, 0, 0, 2, 455.43
1587688255, 0, 0, 77, 77, 5, 0.92%, 0, 0, 2, 419.74
1587688260, 0, 0, 79, 79, 5, 0.92%, 0, 0, 2, 377.49
1587688265, 0, 0, 81, 81, 5, 0.92%, 0, 0, 2, 429.74
1587688270, 0, 0, 84, 84, 5, 0.92%, 0, 0, 2, 411.48
1587688275, 0, 0, 87, 87, 5, 0.92%, 0, 0, 2, 379.92
1587688280, 0, 0, 88, 88, 5, 0.92%, 0, 0, 2, 410.95
1587688285, 0, 0, 93, 93, 5, 0.92%, 0, 0, 2, 416.12
1587688290, 0, 0, 95, 95, 5, 0.92%, 0, 0, 2, 415.13
1587688295, 0, 0, 96, 96, 5, 0.92%, 0, 0, 2, 408.63
1587688300, 0, 0, 97, 97, 5, 0.92%, 0, 0, 2, 422.75
1587688305, 0, 0, 99, 99, 5, 0.92%, 0, 0, 2, 422.09
1587688315, 0, 2, 102, 101, 16, 0.92%, 0, 0, 2, 406.85
1587688321, 0, 2, 113, 112, 16, 0.93%, 0, 0, 2, 404.04
1587688326, 0, 2, 118, 117, 16, 0.93%, 0, 0, 2, 411.17
1587688346, 0, 2, 124, 123, 16, 0.93%, 0, 0, 2, 405.81
1587688351, 0, 2, 139, 138, 16, 0.93%, 0, 0, 2, 418.33
1587688356, 0, 2, 143, 142, 16, 0.93%, 0, 0, 2, 435.71
1587688361, 0, 2, 144, 143, 16, 0.93%, 0, 0, 2, 415.74
1587688376, 0, 2, 145, 144, 16, 0.93%, 1, 0, 2, 389.07
1587688392, 0, 2, 147, 146, 16, 0.93%, 1, 0, 2, 429.83
1587688397, 0, 2, 148, 147, 16, 0.93%, 1, 0, 2, 367.14
1587688483, 0, 2, 150, 149, 16, 0.93%, 2, 0, 2, 428.72
1587688499, 0, 2, 151, 150, 16, 0.93%, 2, 0, 2, 408.98
1587688539, 0, 2, 153, 152, 16, 0.93%, 2, 0, 2, 397.39
1587688600, 0, 2, 154, 153, 16, 0.93%, 2, 0, 2, 378.88
1587688697, 0, 2, 156, 155, 16, 0.93%, 2, 0, 2, 3.26
1587688738, 0, 2, 157, 156, 16, 0.93%, 2, 0, 2, 335.17
1587688743, 0, 2, 158, 157, 16, 0.93%, 2, 0, 2, 377.79
1587688748, 0, 2, 159, 158, 16, 0.93%, 2, 0, 2, 418.74
1587688753, 0, 2, 159, 158, 16, 0.93%, 4, 0, 2, 408.52
1587688758, 0, 2, 159, 158, 16, 0.93%, 5, 0, 2, 412.01
1587688829, 0, 2, 160, 159, 16, 0.93%, 5, 0, 2, 368.87
1587688899, 0, 2, 160, 159, 16, 0.93%, 7, 0, 2, 390.32
1587688904, 0, 2, 162, 161, 16, 0.93%, 7, 0, 2, 390.88
1587688909, 0, 2, 163, 162, 16, 0.93%, 7, 0, 2, 420.60
1587688920, 0, 2, 206, 205, 16, 0.93%, 10, 0, 2, 400.70
1587688925, 0, 2, 232, 231, 16, 0.94%, 16, 0, 2, 427.31
1587688930, 0, 2, 249, 248, 16, 0.95%, 20, 0, 2, 447.94
1587688935, 0, 2, 259, 258, 16, 0.95%, 23, 0, 2, 367.67
1587688940, 0, 2, 264, 263, 16, 0.95%, 24, 0, 2, 353.96
1587688945, 0, 2, 266, 265, 16, 0.95%, 26, 0, 2, 396.44
1587688950, 0, 2, 271, 270, 16, 0.95%, 27, 0, 2, 382.83
1587688955, 0, 2, 279, 278, 16, 0.95%, 28, 0, 2, 422.28
1587688960, 0, 2, 279, 278, 16, 0.95%, 29, 0, 2, 355.01
1587688966, 0, 2, 281, 280, 16, 0.95%, 30, 0, 2, 304.60
1587688971, 0, 2, 284, 283, 16, 0.95%, 31, 0, 2, 353.76
1587688976, 0, 2, 287, 286, 16, 0.95%, 31, 0, 2, 363.22
1587688981, 0, 2, 288, 287, 16, 0.95%, 32, 0, 2, 351.95
1587688986, 0, 2, 294, 293, 16, 0.95%, 32, 0, 2, 337.69
1587688991, 0, 2, 296, 295, 16, 0.95%, 32, 0, 2, 351.60
1587688996, 0, 2, 297, 296, 16, 0.95%, 32, 0, 2, 370.29
1587689006, 0, 2, 299, 298, 16, 0.95%, 33, 0, 2, 350.62
1587689011, 0, 11, 299, 297, 22, 0.95%, 33, 0, 2, 357.36
1587689042, 0, 20, 299, 296, 21, 0.95%, 33, 0, 2, 349.29
1587689057, 0, 25, 299, 295, 21, 0.95%, 33, 0, 2, 403.55
1587689082, 0, 36, 299, 294, 20, 0.95%, 33, 0, 2, 435.41
1587689108, 0, 39, 299, 293, 19, 0.95%, 33, 0, 2, 444.10
1587689113, 0, 40, 299, 292, 18, 0.95%, 33, 0, 2, 410.35
1587689123, 0, 42, 299, 290, 16, 0.95%, 33, 0, 2, 425.45
1587689153, 0, 43, 299, 289, 15, 0.95%, 33, 0, 2, 396.25
1587689188, 0, 44, 299, 288, 14, 0.95%, 33, 0, 2, 442.48
1587689229, 0, 45, 299, 287, 13, 0.95%, 33, 0, 2, 460.69
1587689275, 0, 53, 299, 286, 12, 0.95%, 33, 0, 2, 425.84
1587689300, 0, 53, 299, 286, 12, 0.95%, 34, 0, 2, 465.45
1587689305, 0, 58, 299, 285, 11, 0.95%, 34, 0, 2, 463.84
1587689351, 0, 65, 299, 284, 10, 0.95%, 34, 0, 2, 463.07
1587689444, 0, 68, 299, 283, 9, 0.95%, 34, 0, 2, 467.65
1587689504, 0, 158, 299, 282, 8, 0.95%, 34, 0, 2, 426.51
1587689510, 0, 158, 300, 283, 8, 0.95%, 34, 0, 3, 462.44
1587689561, 0, 158, 301, 284, 8, 0.95%, 34, 0, 3, 335.90
1587689897, 0, 158, 302, 285, 8, 0.95%, 34, 0, 3, 482.89
1587689902, 0, 158, 303, 286, 8, 0.95%, 34, 0, 3, 471.54
1587689938, 0, 158, 304, 287, 8, 0.95%, 34, 0, 3, 474.32
1587690035, 0, 158, 305, 288, 8, 0.95%, 34, 0, 3, 441.23
1587690040, 0, 179, 305, 287, 8, 0.95%, 34, 0, 3, 453.91
1587690425, 0, 179, 305, 287, 8, 0.95%, 35, 0, 3, 456.03
1587690557, 0, 206, 305, 286, 8, 0.95%, 35, 0, 3, 461.24
1587690911, 0, 206, 305, 286, 8, 0.95%, 36, 0, 3, 445.02
1587690921, 0, 207, 305, 285, 7, 0.95%, 36, 0, 3, 454.65
1587691263, 0, 207, 307, 287, 7, 0.95%, 36, 0, 3, 485.71
1587691407, 0, 227, 307, 286, 7, 0.95%, 36, 0, 3, 477.11
1587691631, 0, 227, 308, 287, 7, 0.95%, 36, 0, 3, 489.96
1587691714, 0, 227, 309, 288, 7, 0.95%, 36, 0, 3, 446.61
1587691719, 0, 232, 309, 287, 6, 0.95%, 37, 0, 3, 442.30
1587691983, 0, 232, 309, 287, 6, 0.95%, 38, 0, 3, 463.41
1587692213, 0, 232, 311, 289, 6, 0.95%, 38, 0, 3, 423.98
1587692223, 0, 252, 311, 288, 5, 0.95%, 38, 0, 3, 458.40
1587692274, 0, 252, 312, 289, 5, 0.95%, 38, 0, 3, 458.38
1587692690, 0, 285, 312, 288, 4, 0.95%, 38, 0, 3, 444.72
1587692700, 0, 285, 315, 291, 4, 0.95%, 38, 0, 3, 441.68
1587692730, 0, 285, 317, 293, 4, 0.95%, 38, 0, 3, 443.02
1587692912, 0, 285, 318, 294, 4, 0.95%, 38, 0, 3, 446.39
1587692917, 0, 285, 319, 295, 4, 0.95%, 38, 0, 3, 457.34
1587692938, 0, 285, 320, 296, 4, 0.95%, 38, 0, 3, 451.30
1587693227, 0, 285, 320, 296, 4, 0.95%, 40, 0, 3, 454.37
1587693252, 0, 285, 329, 305, 4, 0.95%, 41, 0, 3, 453.00
1587693257, 0, 285, 339, 315, 4, 0.95%, 41, 0, 3, 455.64
1587693262, 0, 285, 341, 317, 4, 0.95%, 41, 0, 3, 448.68
1587693267, 0, 285, 341, 317, 4, 0.95%, 42, 0, 3, 454.28
1587693272, 0, 285, 345, 321, 4, 0.95%, 42, 0, 3, 445.76
1587693277, 0, 285, 347, 323, 4, 0.95%, 42, 0, 3, 453.55
1587693282, 0, 285, 347, 323, 4, 0.95%, 43, 0, 3, 438.13
1587693287, 0, 285, 350, 326, 4, 0.95%, 43, 0, 3, 440.29
1587693292, 0, 285, 351, 327, 4, 0.95%, 43, 0, 3, 452.15
1587693297, 0, 285, 352, 328, 4, 0.95%, 43, 0, 3, 452.15
1587693308, 0, 303, 352, 327, 4, 0.95%, 44, 0, 3, 392.50
1587693684, 0, 303, 353, 328, 4, 0.95%, 44, 0, 4, 448.86
1587693836, 0, 303, 355, 330, 4, 0.95%, 44, 0, 4, 469.72
1587693841, 0, 305, 355, 329, 3, 0.95%, 44, 0, 4, 448.21
1587694184, 0, 305, 356, 330, 3, 0.95%, 44, 0, 4, 473.06
1587694332, 0, 306, 356, 329, 2, 0.95%, 44, 0, 4, 461.43
1587694337, 0, 306, 360, 333, 2, 0.95%, 44, 0, 4, 461.96
1587694567, 0, 306, 361, 334, 2, 0.95%, 44, 0, 4, 488.18
1587694813, 0, 306, 362, 335, 2, 0.95%, 44, 0, 4, 451.97
1587694818, 0, 307, 362, 334, 2, 0.95%, 44, 0, 4, 471.64
1587695037, 0, 307, 363, 335, 2, 0.95%, 44, 0, 4, 494.18
1587695103, 0, 307, 365, 337, 2, 0.95%, 44, 0, 4, 490.55
1587695113, 0, 307, 366, 338, 2, 0.95%, 44, 0, 4, 493.98
1587695118, 0, 307, 367, 339, 2, 0.95%, 44, 0, 4, 492.43
1587695128, 0, 307, 368, 340, 2, 0.95%, 44, 0, 4, 486.28
1587695133, 0, 307, 369, 341, 2, 0.95%, 44, 0, 4, 486.01
1587695143, 0, 307, 370, 342, 2, 0.95%, 44, 0, 4, 488.99
1587695148, 0, 307, 371, 343, 2, 0.95%, 44, 0, 4, 489.44
1587695168, 0, 340, 373, 344, 4, 0.95%, 44, 0, 4, 478.23
1587695427, 0, 340, 375, 346, 4, 0.95%, 44, 0, 4, 484.27
1587695432, 0, 357, 375, 345, 4, 0.95%, 44, 0, 4, 480.35
1587695917, 0, 357, 376, 346, 4, 0.95%, 44, 0, 5, 460.66
1587695922, 0, 368, 376, 345, 3, 0.95%, 45, 0, 5, 477.47
1587696192, 0, 369, 377, 345, 2, 0.95%, 45, 0, 5, 439.72
1587696202, 0, 369, 378, 346, 2, 0.95%, 45, 0, 5, 462.00
1587696467, 0, 372, 378, 345, 1, 0.95%, 45, 0, 5, 479.31
1587696741, 0, 376, 378, 344, 0, 0.95%, 45, 0, 5, 478.01
1587696777, 0, 376, 379, 345, 0, 0.95%, 45, 0, 6, 489.85
1587697009, 1, 1, 379, 344, 0, 0.95%, 45, 0, 6, 488.40
1587697222, 1, 1, 380, 345, 0, 0.95%, 45, 0, 6, 484.31
1587697319, 1, 1, 386, 351, 0, 0.95%, 47, 0, 6, 475.28
1587697329, 1, 1, 390, 355, 0, 0.95%, 48, 0, 6, 459.70
1587697339, 1, 1, 393, 358, 0, 0.95%, 48, 0, 6, 414.99
1587697344, 1, 1, 394, 359, 0, 0.95%, 48, 0, 6, 454.12
1587697359, 1, 1, 394, 359, 0, 0.95%, 49, 0, 6, 458.12
1587697364, 1, 1, 396, 361, 0, 0.95%, 49, 0, 6, 454.13
1587697369, 1, 1, 398, 363, 0, 0.95%, 49, 0, 6, 460.60
1587697374, 1, 1, 399, 364, 0, 0.95%, 49, 0, 6, 454.33
1587697380, 1, 1, 401, 366, 0, 0.95%, 49, 0, 6, 458.14
1587697390, 1, 3, 401, 365, 0, 0.95%, 49, 0, 6, 435.49
1587697849, 1, 3, 402, 366, 0, 0.95%, 49, 0, 6, 491.26
1587697854, 1, 3, 406, 370, 0, 0.95%, 52, 0, 6, 481.50
1587697859, 1, 3, 407, 371, 0, 0.95%, 52, 0, 6, 449.08
1587697864, 1, 3, 410, 374, 0, 0.95%, 52, 0, 6, 439.26
1587697869, 1, 3, 411, 375, 0, 0.95%, 52, 0, 6, 459.27
1587697880, 1, 3, 414, 378, 0, 0.95%, 53, 0, 6, 473.43
1587697885, 1, 3, 415, 379, 0, 0.95%, 53, 0, 6, 472.54
1587697890, 1, 3, 417, 381, 0, 0.95%, 53, 0, 6, 472.94
1587697895, 1, 3, 418, 382, 0, 0.95%, 53, 0, 6, 472.15
1587697911, 1, 3, 419, 383, 0, 0.95%, 53, 0, 6, 477.96
1587697921, 1, 99, 419, 382, 1, 0.95%, 53, 0, 6, 477.77
1587698427, 1, 99, 422, 385, 1, 0.95%, 53, 0, 6, 457.44
1587698432, 1, 99, 425, 388, 1, 0.95%, 53, 0, 6, 459.62
1587698437, 1, 99, 426, 389, 1, 0.95%, 53, 0, 6, 461.81
1587698447, 1, 99, 428, 391, 1, 0.95%, 53, 0, 6, 455.58
1587698453, 1, 99, 429, 392, 1, 0.95%, 53, 0, 6, 452.99
1587698463, 1, 99, 430, 393, 1, 0.95%, 53, 0, 6, 455.19
1587698473, 1, 99, 431, 394, 1, 0.95%, 53, 0, 6, 446.04
1587698483, 1, 99, 432, 395, 1, 0.95%, 53, 0, 6, 474.56
1587698489, 1, 99, 433, 396, 1, 0.95%, 54, 0, 6, 468.83
1587698499, 1, 330, 433, 395, 1, 0.95%, 54, 0, 6, 455.73
1587699025, 1, 330, 433, 395, 1, 0.95%, 55, 0, 6, 435.20
1587699046, 1, 330, 433, 395, 1, 0.95%, 57, 0, 6, 441.59
1587699051, 1, 330, 436, 398, 1, 0.95%, 57, 0, 6, 455.55
1587699056, 1, 330, 441, 403, 1, 0.95%, 57, 0, 6, 447.39
1587699061, 1, 330, 442, 404, 1, 0.95%, 58, 0, 6, 451.91
1587699066, 1, 330, 444, 406, 1, 0.95%, 58, 0, 6, 459.25
1587699071, 1, 330, 446, 408, 1, 0.95%, 58, 0, 6, 446.11
1587699076, 1, 330, 449, 411, 1, 0.95%, 58, 0, 6, 455.26
1587699086, 1, 330, 451, 413, 1, 0.95%, 58, 0, 6, 462.30
1587699091, 1, 330, 453, 415, 1, 0.95%, 58, 0, 6, 455.73
1587699096, 1, 330, 454, 416, 1, 0.95%, 58, 0, 6, 460.28
1587699101, 1, 330, 458, 420, 1, 0.95%, 58, 0, 6, 455.31
1587699112, 1, 330, 460, 422, 1, 0.95%, 58, 0, 6, 456.28
1587699122, 1, 411, 460, 421, 1, 0.95%, 58, 0, 6, 458.49
1587699517, 1, 411, 461, 422, 1, 0.95%, 58, 0, 6, 468.86
1587699533, 1, 429, 461, 421, 1, 0.95%, 58, 0, 6, 435.88
1587699585, 1, 429, 462, 422, 1, 0.95%, 58, 0, 6, 420.52
1587700289, 1, 429, 462, 422, 1, 0.95%, 59, 0, 6, 428.42
1587700295, 1, 429, 462, 422, 1, 0.95%, 62, 0, 6, 429.03
1587700300, 1, 429, 462, 422, 1, 0.95%, 63, 0, 6, 413.78
1587700325, 1, 429, 469, 429, 1, 0.95%, 63, 0, 6, 423.20
1587700330, 1, 429, 473, 433, 1, 0.95%, 63, 0, 6, 436.07
1587700340, 1, 429, 475, 435, 1, 0.95%, 63, 0, 6, 442.05
1587700345, 1, 429, 477, 437, 1, 0.95%, 63, 0, 6, 440.19
1587700350, 1, 429, 479, 439, 1, 0.95%, 64, 0, 6, 431.30
1587700366, 1, 429, 480, 440, 1, 0.95%, 65, 0, 6, 441.40
1587700376, 1, 429, 482, 442, 1, 0.95%, 66, 0, 6, 445.29
1587700381, 1, 429, 482, 442, 1, 0.95%, 67, 0, 6, 435.95
1587700386, 1, 429, 483, 443, 1, 0.95%, 67, 0, 6, 442.01
1587700391, 1, 429, 483, 443, 1, 0.95%, 68, 0, 6, 444.90
1587700396, 1, 460, 484, 443, 1, 0.95%, 68, 0, 6, 411.15
1587700799, 1, 460, 485, 444, 1, 0.95%, 68, 0, 6, 478.16
1587700814, 1, 460, 487, 446, 1, 0.95%, 68, 0, 6, 367.90
1587700819, 1, 460, 488, 447, 1, 0.95%, 68, 0, 6, 364.87
1587700824, 1, 460, 490, 449, 1, 0.95%, 68, 0, 6, 170.61
1587700834, 1, 460, 491, 450, 1, 0.95%, 68, 0, 6, 406.27
1587700845, 1, 460, 492, 451, 1, 0.95%, 68, 0, 6, 388.67
1587700886, 1, 460, 493, 452, 1, 0.95%, 68, 0, 6, 398.50
1587700902, 1, 489, 495, 453, 1, 0.95%, 68, 0, 6, 405.09
1587700912, 1, 489, 497, 455, 1, 0.95%, 68, 0, 6, 412.63
1587700958, 1, 489, 498, 456, 1, 0.95%, 68, 0, 6, 428.85
1587701023, 1, 489, 503, 461, 1, 0.95%, 68, 0, 6, 427.13
1587701029, 1, 489, 510, 468, 1, 0.95%, 68, 0, 6, 429.04
1587701161, 1, 489, 515, 473, 1, 0.95%, 68, 0, 6, 414.51
1587701166, 1, 489, 516, 474, 1, 0.95%, 68, 0, 6, 413.60
1587701171, 1, 489, 518, 476, 1, 0.95%, 68, 0, 6, 324.72
1587701177, 1, 489, 521, 479, 1, 0.95%, 68, 0, 6, 401.97
1587701182, 1, 489, 525, 483, 1, 0.95%, 68, 0, 6, 382.62
1587701192, 1, 489, 526, 484, 1, 0.95%, 68, 0, 6, 408.98
1587701197, 1, 489, 529, 487, 1, 0.95%, 68, 0, 6, 425.44
1587701207, 1, 489, 530, 488, 1, 0.95%, 68, 0, 6, 399.87
1587701217, 1, 489, 533, 491, 1, 0.95%, 68, 0, 6, 419.44
1587701233, 1, 489, 534, 492, 1, 0.95%, 68, 0, 6, 422.63
1587701243, 1, 510, 535, 492, 3, 0.95%, 68, 0, 6, 389.87
1587701248, 1, 510, 536, 493, 3, 0.95%, 68, 0, 6, 400.26
1587701273, 1, 510, 537, 494, 3, 0.95%, 68, 0, 6, 380.48
1587701288, 1, 510, 538, 495, 3, 0.95%, 68, 0, 6, 422.48
1587701385, 1, 510, 541, 498, 3, 0.95%, 68, 0, 6, 430.18
1587701532, 1, 510, 543, 500, 3, 0.95%, 68, 0, 6, 412.06
1587701537, 1, 510, 544, 501, 3, 0.95%, 69, 0, 6, 404.45
1587701543, 1, 510, 546, 503, 3, 0.95%, 69, 0, 6, 421.28
1587701548, 1, 510, 549, 506, 3, 0.95%, 69, 0, 6, 422.80
1587701553, 1, 510, 551, 508, 3, 0.95%, 69, 0, 6, 418.70
1587701558, 1, 510, 553, 510, 3, 0.95%, 69, 0, 6, 418.17
1587701578, 1, 510, 554, 511, 3, 0.95%, 70, 0, 6, 415.27
1587701588, 1, 510, 555, 512, 3, 0.95%, 70, 0, 6, 431.93
1587701593, 1, 510, 556, 513, 3, 0.95%, 70, 0, 6, 419.85
1587701598, 1, 510, 556, 513, 3, 0.95%, 71, 0, 6, 400.88
1587701603, 1, 510, 558, 515, 3, 0.95%, 71, 0, 6, 237.55
1587701614, 1, 521, 559, 515, 4, 0.95%, 71, 0, 6, 409.07
1587701904, 1, 521, 560, 516, 4, 0.95%, 71, 0, 6, 341.20
1587701914, 1, 521, 562, 518, 4, 0.95%, 71, 0, 6, 320.33
1587701919, 1, 521, 563, 519, 4, 0.95%, 71, 0, 6, 325.02
1587701924, 1, 521, 564, 520, 4, 0.95%, 71, 0, 6, 357.12
1587701929, 1, 521, 565, 521, 4, 0.95%, 71, 0, 6, 343.32
1587701934, 1, 521, 566, 522, 4, 0.95%, 71, 0, 6, 359.55
1587701945, 1, 521, 567, 523, 4, 0.95%, 71, 0, 6, 354.10
1587701950, 1, 521, 568, 524, 4, 0.95%, 71, 0, 6, 348.29
1587701996, 1, 528, 569, 524, 3, 0.95%, 71, 0, 6, 407.13
1587702290, 1, 528, 569, 524, 3, 0.95%, 72, 0, 6, 451.54
1587702305, 1, 530, 569, 523, 3, 0.95%, 72, 0, 6, 464.44
1587702488, 1, 536, 569, 522, 2, 0.95%, 72, 0, 6, 451.40
1587702493, 1, 536, 570, 523, 2, 0.95%, 72, 0, 7, 438.89
1587702524, 1, 536, 571, 524, 2, 0.95%, 72, 0, 7, 440.44
1587702752, 1, 536, 572, 525, 2, 0.95%, 72, 0, 7, 437.55
1587702767, 1, 536, 574, 527, 2, 0.95%, 72, 0, 7, 451.17
1587702783, 1, 536, 575, 528, 2, 0.95%, 72, 0, 7, 438.86
1587702788, 1, 536, 575, 528, 2, 0.95%, 73, 0, 7, 448.95
1587702798, 1, 536, 575, 528, 2, 0.95%, 74, 0, 7, 419.20
1587702813, 1, 536, 576, 529, 2, 0.95%, 74, 0, 7, 443.43
1587702823, 1, 539, 576, 528, 2, 0.95%, 74, 0, 7, 442.64
1587703036, 1, 539, 577, 529, 2, 0.95%, 74, 0, 7, 422.29
1587703092, 1, 569, 577, 528, 1, 0.95%, 74, 0, 7, 424.95
1587703361, 1, 576, 577, 527, 0, 0.95%, 74, 0, 7, 440.12
1587703640, 2, 5, 577, 526, 0, 0.95%, 74, 0, 7, 462.40
1587703707, 2, 5, 579, 528, 0, 0.96%, 74, 0, 7, 488.43
1587703712, 2, 5, 584, 533, 0, 0.96%, 74, 0, 7, 473.68
1587703717, 2, 5, 590, 539, 0, 0.96%, 76, 0, 7, 466.77
1587703722, 2, 5, 594, 543, 0, 0.97%, 76, 0, 7, 458.26
1587703727, 2, 5, 601, 550, 0, 0.97%, 78, 0, 7, 459.93
1587703732, 2, 5, 602, 551, 0, 0.97%, 78, 0, 7, 468.22
1587703738, 2, 5, 604, 553, 0, 0.97%, 78, 0, 7, 486.37
1587703753, 2, 5, 605, 554, 0, 0.97%, 78, 0, 7, 488.17
1587703758, 2, 5, 606, 555, 0, 0.97%, 78, 0, 7, 485.19
1587703763, 2, 5, 607, 556, 0, 0.97%, 78, 0, 7, 484.22
1587703774, 2, 5, 608, 557, 0, 0.97%, 78, 0, 7, 477.31
1587703779, 2, 108, 608, 556, 5, 0.97%, 78, 0, 7, 468.43
1587704278, 2, 108, 610, 558, 5, 0.97%, 78, 0, 7, 474.06
1587704283, 2, 108, 614, 562, 5, 0.97%, 79, 0, 7, 479.52
1587704289, 2, 108, 617, 565, 5, 0.97%, 79, 0, 7, 453.90
1587704294, 2, 108, 618, 566, 5, 0.97%, 79, 0, 7, 447.90
1587704299, 2, 108, 622, 570, 5, 0.97%, 80, 0, 7, 462.30
1587704304, 2, 108, 622, 570, 5, 0.97%, 82, 0, 7, 444.42
1587704309, 2, 108, 624, 572, 5, 0.97%, 82, 0, 7, 467.51
1587704314, 2, 108, 624, 572, 5, 0.97%, 83, 0, 7, 462.76
1587704329, 2, 108, 626, 574, 5, 0.97%, 84, 0, 7, 451.51
1587704340, 2, 108, 629, 577, 5, 0.97%, 84, 0, 7, 441.28
1587704345, 2, 108, 632, 580, 5, 0.97%, 84, 0, 7, 422.80
1587704350, 2, 108, 633, 581, 5, 0.97%, 84, 0, 7, 457.99
1587704355, 2, 118, 633, 580, 5, 0.97%, 84, 0, 7, 483.84
1587704452, 2, 125, 633, 579, 5, 0.97%, 84, 0, 7, 468.18
1587704686, 2, 149, 633, 578, 5, 0.97%, 84, 0, 7, 448.54
1587705201, 2, 205, 633, 577, 5, 0.97%, 85, 0, 7, 438.31
1587705644, 2, 241, 633, 576, 5, 0.97%, 85, 0, 7, 473.25
1587705782, 2, 454, 633, 575, 5, 0.97%, 85, 0, 7, 406.89
1587706536, 2, 454, 633, 575, 5, 0.97%, 86, 0, 7, 399.10
1587706557, 2, 454, 633, 575, 5, 0.97%, 89, 0, 7, 399.54
1587706562, 2, 454, 633, 575, 5, 0.97%, 90, 0, 7, 385.50
1587706587, 2, 454, 633, 575, 5, 0.97%, 94, 0, 7, 377.73
1587706592, 2, 454, 634, 576, 5, 0.97%, 94, 0, 7, 387.44
1587706602, 2, 454, 635, 577, 5, 0.97%, 94, 0, 7, 403.61
1587706607, 2, 454, 636, 578, 5, 0.97%, 94, 0, 7, 419.47
1587706618, 2, 454, 637, 579, 5, 0.97%, 95, 0, 7, 414.43
1587706628, 2, 454, 640, 582, 5, 0.97%, 97, 0, 7, 402.51
1587706633, 2, 454, 641, 583, 5, 0.97%, 97, 0, 7, 413.45
1587706673, 2, 478, 641, 582, 5, 0.97%, 97, 0, 7, 416.86
1587706806, 2, 478, 642, 583, 5, 0.97%, 97, 0, 7, 410.14
1587707453, 2, 478, 644, 585, 5, 0.97%, 97, 0, 7, 407.04
1587707458, 2, 478, 645, 586, 5, 0.97%, 97, 0, 7, 424.54
1587707468, 2, 478, 646, 587, 5, 0.97%, 97, 0, 7, 423.75
1587707473, 2, 478, 649, 590, 5, 0.97%, 97, 0, 7, 405.43
1587707478, 2, 478, 650, 591, 5, 0.97%, 97, 0, 7, 425.63
1587707483, 2, 478, 652, 593, 5, 0.97%, 97, 0, 7, 433.17
1587707488, 2, 478, 653, 594, 5, 0.97%, 98, 0, 7, 419.96
1587707493, 2, 478, 654, 595, 5, 0.97%, 98, 0, 7, 416.03
1587707498, 2, 478, 655, 596, 5, 0.97%, 99, 0, 7, 427.21
1587707503, 2, 478, 656, 597, 5, 0.97%, 100, 0, 7, 430.70
1587707508, 2, 478, 657, 598, 5, 0.97%, 100, 0, 7, 415.51
1587707529, 2, 478, 658, 599, 5, 0.97%, 100, 0, 7, 420.04
1587707534, 2, 526, 658, 598, 5, 0.97%, 100, 0, 7, 419.64
1587707763, 2, 564, 658, 597, 5, 0.97%, 100, 0, 7, 396.41
1587707835, 2, 564, 659, 598, 5, 0.97%, 100, 0, 7, 408.15
1587708084, 2, 585, 659, 597, 5, 0.97%, 100, 0, 7, 400.69
1587709739, 2, 592, 659, 596, 4, 0.97%, 101, 0, 7, 416.85
1587714748, 2, 592, 660, 597, 4, 0.97%, 101, 0, 7, 223.59
1587720573, 2, 592, 661, 598, 4, 0.97%, 101, 0, 7, 386.82
1587720578, 2, 592, 663, 600, 4, 0.97%, 101, 0, 7, 393.98
1587720588, 2, 592, 664, 601, 4, 0.97%, 101, 0, 7, 381.20
1587720614, 2, 592, 665, 602, 4, 0.98%, 101, 0, 7, 70.95
1587720619, 2, 592, 666, 603, 4, 0.98%, 101, 0, 7, 322.49
1587720624, 2, 592, 667, 604, 4, 0.98%, 101, 0, 7, 370.13
1587720655, 2, 593, 667, 603, 4, 0.98%, 101, 0, 7, 401.87
1587722476, 2, 593, 668, 604, 4, 0.98%, 101, 0, 7, 385.96
1587731408, 2, 595, 668, 603, 3, 0.98%, 101, 0, 7, 390.45
1587732908, 2, 606, 668, 602, 2, 0.98%, 101, 0, 7, 317.26
1587739151, 2, 614, 668, 601, 2, 0.98%, 101, 0, 7, 429.54
1587740560, 2, 614, 672, 605, 2, 0.98%, 102, 0, 7, 443.91
1587740565, 2, 614, 673, 606, 2, 0.98%, 104, 0, 7, 441.31
1587740570, 2, 614, 677, 610, 2, 0.98%, 104, 0, 7, 392.67
1587740575, 2, 614, 678, 611, 2, 0.98%, 104, 0, 7, 375.35
1587740580, 2, 614, 678, 611, 2, 0.98%, 105, 0, 7, 375.87
1587740585, 2, 614, 679, 612, 2, 0.98%, 106, 0, 7, 437.59
1587740590, 2, 614, 681, 614, 2, 0.98%, 107, 0, 7, 397.48
1587740595, 2, 614, 686, 619, 2, 0.98%, 107, 0, 7, 429.03
1587740611, 2, 614, 687, 620, 2, 0.98%, 107, 0, 7, 444.98
1587740616, 2, 614, 688, 621, 2, 0.98%, 108, 0, 7, 309.98
1587740621, 2, 614, 688, 621, 2, 0.98%, 109, 0, 7, 405.35
1587740641, 2, 622, 688, 620, 4, 0.98%, 109, 0, 7, 438.79
1587741768, 2, 622, 689, 621, 4, 0.98%, 109, 0, 7, 440.11
1587741778, 2, 622, 690, 622, 4, 0.98%, 109, 0, 7, 433.31
1587741789, 2, 630, 690, 621, 5, 0.98%, 109, 0, 7, 357.81
1587745776, 2, 630, 690, 621, 5, 0.98%, 110, 0, 7, 418.82
1587745781, 2, 630, 694, 625, 5, 0.98%, 112, 0, 7, 418.32
1587745797, 2, 630, 695, 626, 5, 0.98%, 113, 0, 7, 431.08
1587745802, 2, 630, 695, 626, 5, 0.98%, 114, 0, 7, 426.91
1587745812, 2, 630, 697, 628, 5, 0.98%, 115, 0, 7, 422.22
1587745817, 2, 630, 697, 628, 5, 0.98%, 116, 0, 7, 432.80
1587745837, 2, 630, 697, 628, 5, 0.98%, 117, 0, 7, 441.50
1587745847, 2, 630, 697, 628, 5, 0.98%, 118, 0, 7, 428.10
1587745857, 2, 664, 697, 627, 4, 0.98%, 118, 0, 7, 400.91
1587746484, 2, 664, 697, 627, 4, 0.98%, 119, 0, 7, 388.19
1587746709, 2, 664, 698, 628, 4, 0.98%, 119, 0, 7, 176.23
1587761358, 2, 664, 699, 629, 4, 0.98%, 119, 0, 7, 391.07
1587761363, 2, 664, 701, 631, 4, 0.98%, 120, 0, 7, 373.00
1587761383, 2, 665, 701, 630, 3, 0.98%, 120, 0, 7, 343.98
