# unix_time, cycles_done, cur_path, paths_total, pending_total, pending_favs, map_size, unique_crashes, unique_hangs, max_depth, execs_per_sec
1587688284, 0, 0, 19, 19, 11, 0.68%, 0, 0, 1, 448.38
1587688289, 0, 0, 61, 61, 11, 1.11%, 0, 0, 2, 479.38
1587688294, 0, 0, 71, 71, 11, 1.13%, 0, 0, 2, 488.33
1587688300, 0, 0, 74, 74, 11, 1.14%, 0, 0, 2, 494.95
1587688305, 0, 0, 104, 104, 11, 1.21%, 0, 2, 2, 454.24
1587688310, 0, 0, 122, 122, 11, 1.25%, 0, 5, 2, 32.80
1587688316, 0, 0, 144, 144, 11, 1.28%, 0, 8, 2, 39.82
1587688321, 0, 0, 167, 167, 11, 1.30%, 0, 9, 2, 444.19
1587688326, 0, 0, 170, 170, 11, 1.30%, 0, 12, 2, 463.25
1587688332, 0, 0, 182, 182, 11, 1.44%, 0, 15, 2, 39.97
1587688338, 0, 0, 187, 187, 11, 1.44%, 0, 18, 2, 47.37
1587688343, 0, 0, 190, 190, 11, 1.44%, 0, 20, 2, 418.94
1587688348, 0, 0, 199, 199, 11, 1.45%, 0, 21, 2, 389.44
1587688353, 0, 0, 207, 207, 11, 1.45%, 0, 21, 2, 450.63
1587688358, 0, 0, 212, 212, 11, 1.45%, 0, 22, 2, 458.21
1587688364, 0, 0, 218, 218, 11, 1.48%, 0, 25, 2, 50.88
1587688370, 0, 0, 224, 224, 11, 1.50%, 0, 26, 2, 81.23
1587688375, 0, 0, 231, 231, 11, 1.52%, 0, 27, 2, 17.91
1587688380, 0, 0, 231, 231, 11, 1.52%, 0, 28, 2, 322.10
1587688385, 0, 0, 234, 234, 11, 1.52%, 0, 28, 2, 334.48
1587688390, 0, 0, 237, 237, 11, 1.52%, 0, 29, 2, 41.69
1587688395, 0, 0, 242, 242, 11, 1.56%, 0, 29, 2, 432.76
1587688400, 0, 0, 244, 244, 11, 1.57%, 0, 30, 2, 424.03
1587688405, 0, 0, 253, 253, 11, 1.59%, 0, 30, 2, 444.10
1587688410, 0, 0, 256, 256, 11, 1.60%, 0, 31, 2, 489.96
1587688416, 0, 0, 258, 258, 11, 1.60%, 0, 32, 2, 444.10
1587688421, 0, 7, 264, 263, 57, 1.61%, 0, 32, 2, 457.94
1587688431, 0, 7, 265, 264, 57, 1.61%, 0, 32, 2, 416.57
1587688436, 0, 7, 271, 270, 57, 1.61%, 0, 32, 2, 432.93
1587688441, 0, 7, 273, 272, 57, 1.61%, 0, 33, 2, 448.35
1587688447, 0, 7, 278, 277, 57, 1.64%, 0, 34, 2, 23.36
1587688452, 0, 7, 281, 280, 57, 1.65%, 0, 35, 2, 441.25
1587688457, 0, 7, 289, 288, 57, 1.65%, 0, 35, 2, 462.21
1587688462, 0, 7, 295, 294, 57, 1.66%, 0, 35, 2, 424.01
1587688468, 0, 7, 296, 295, 57, 1.66%, 0, 36, 2, 88.78
1587688473, 0, 7, 301, 300, 57, 1.67%, 0, 37, 2, 421.64
1587688479, 0, 7, 302, 301, 57, 1.67%, 0, 39, 2, 55.22
1587688484, 0, 7, 305, 304, 57, 1.67%, 0, 40, 2, 399.74
1587688489, 0, 7, 309, 308, 57, 1.67%, 0, 40, 2, 440.09
1587688494, 0, 7, 311, 310, 57, 1.67%, 0, 40, 2, 466.58
1587688505, 0, 7, 314, 313, 57, 1.69%, 0, 41, 2, 74.61
1587688510, 0, 7, 317, 316, 57, 1.69%, 0, 42, 2, 57.12
1587688515, 0, 7, 317, 316, 57, 1.69%, 0, 44, 2, 416.15
1587688520, 0, 7, 319, 318, 57, 1.69%, 0, 44, 2, 444.98
1587688525, 0, 10, 320, 318, 65, 1.70%, 0, 44, 2, 452.93
1587688535, 0, 10, 324, 322, 65, 1.71%, 0, 44, 2, 423.66
1587688540, 0, 10, 328, 326, 65, 1.72%, 0, 44, 2, 401.95
1587688551, 0, 10, 329, 327, 65, 1.72%, 0, 45, 2, 450.96
1587688556, 0, 10, 329, 327, 65, 1.72%, 0, 46, 2, 402.43
1587688561, 0, 10, 329, 327, 65, 1.72%, 0, 47, 2, 379.83
1587688566, 0, 10, 330, 328, 65, 1.72%, 0, 47, 2, 385.59
1587688601, 0, 10, 330, 328, 65, 1.72%, 0, 48, 2, 378.82
1587688606, 0, 10, 332, 330, 65, 1.73%, 0, 48, 2, 344.30
1587688612, 0, 10, 333, 331, 65, 1.73%, 0, 48, 2, 384.01
1587688617, 0, 10, 335, 333, 65, 1.73%, 0, 48, 2, 326.15
1587688622, 0, 10, 338, 336, 65, 1.73%, 0, 48, 2, 375.26
1587688627, 0, 34, 338, 335, 64, 1.73%, 0, 48, 2, 428.67
1587688632, 0, 34, 339, 336, 64, 1.73%, 0, 48, 3, 483.68
1587688637, 0, 47, 339, 335, 63, 1.73%, 0, 48, 3, 473.72
1587688642, 0, 47, 345, 341, 63, 1.78%, 0, 48, 3, 477.86
1587688647, 0, 47, 364, 360, 63, 1.90%, 0, 48, 3, 499.31
1587688652, 0, 47, 366, 362, 63, 1.90%, 0, 48, 3, 453.81
1587688657, 0, 47, 366, 362, 63, 1.90%, 0, 49, 3, 31.60
1587688663, 0, 52, 368, 363, 84, 1.90%, 0, 49, 3, 367.36
1587688668, 0, 52, 370, 365, 84, 1.91%, 0, 49, 3, 431.41
1587688678, 0, 52, 371, 366, 84, 1.91%, 0, 49, 3, 418.11
1587688683, 0, 72, 371, 365, 85, 1.91%, 0, 49, 3, 445.48
1587688698, 0, 72, 372, 366, 85, 1.91%, 0, 49, 3, 483.21
1587688708, 0, 80, 373, 366, 84, 1.91%, 0, 49, 3, 472.95
1587688714, 0, 89, 374, 366, 83, 1.91%, 0, 50, 3, 497.20
1587688719, 0, 89, 377, 369, 83, 1.91%, 0, 50, 3, 498.05
1587688729, 0, 89, 381, 373, 83, 1.91%, 0, 50, 3, 462.57
1587688734, 0, 89, 384, 376, 83, 1.91%, 0, 50, 3, 426.41
1587688744, 0, 89, 385, 377, 83, 1.91%, 0, 50, 3, 415.26
1587688749, 0, 89, 387, 379, 83, 1.91%, 0, 50, 3, 442.95
1587688754, 0, 89, 388, 380, 83, 1.91%, 0, 50, 3, 419.09
1587688769, 0, 89, 391, 383, 83, 1.99%, 0, 50, 3, 363.74
1587688774, 0, 89, 392, 384, 83, 1.99%, 0, 50, 3, 394.47
1587688780, 0, 89, 392, 384, 83, 1.99%, 0, 51, 3, 38.22
1587688785, 0, 89, 394, 386, 83, 1.99%, 0, 51, 3, 263.90
1587688790, 0, 89, 395, 387, 83, 2.00%, 0, 51, 3, 378.31
1587688795, 0, 89, 396, 388, 83, 2.00%, 0, 51, 3, 310.99
1587688815, 0, 89, 397, 389, 83, 2.00%, 0, 51, 3, 390.84
1587688820, 0, 89, 398, 390, 83, 2.00%, 0, 51, 3, 408.80
1587688825, 0, 100, 398, 388, 88, 2.00%, 0, 52, 3, 415.94
1587688830, 0, 104, 398, 387, 87, 2.00%, 0, 52, 3, 402.11
1587688840, 0, 104, 401, 390, 87, 2.00%, 0, 52, 3, 390.26
1587688845, 0, 104, 402, 391, 87, 2.00%, 0, 52, 3, 427.73
1587688850, 0, 117, 402, 390, 87, 2.00%, 0, 52, 3, 351.87
1587688861, 0, 124, 402, 389, 86, 2.00%, 0, 52, 3, 278.93
1587688866, 0, 128, 403, 389, 85, 2.00%, 0, 52, 3, 296.39
1587688886, 0, 128, 406, 392, 85, 2.01%, 0, 52, 3, 329.24
1587688891, 0, 128, 407, 393, 85, 2.01%, 0, 52, 3, 382.28
1587688896, 0, 128, 409, 395, 85, 2.01%, 0, 52, 3, 393.63
1587688901, 0, 128, 409, 395, 85, 2.01%, 0, 53, 3, 388.27
1587688907, 0, 128, 411, 397, 85, 2.02%, 0, 54, 3, 542.00
1587688912, 0, 128, 412, 398, 85, 2.02%, 0, 55, 3, 215.07
1587688922, 0, 128, 412, 398, 85, 2.02%, 0, 56, 3, 8.62
1587688932, 0, 128, 413, 399, 85, 2.03%, 0, 56, 3, 487.34
1587688937, 0, 128, 415, 401, 85, 2.03%, 0, 56, 3, 335.93
1587688952, 0, 128, 416, 402, 85, 2.03%, 0, 56, 3, 439.61
1587688968, 0, 137, 417, 402, 86, 2.03%, 0, 56, 3, 380.12
1587688983, 0, 139, 419, 403, 87, 2.04%, 0, 56, 3, 361.54
1587688993, 0, 139, 420, 404, 87, 2.05%, 0, 57, 3, 328.32
1587688998, 0, 145, 420, 402, 88, 2.05%, 0, 58, 3, 305.65
1587689003, 0, 145, 423, 405, 88, 2.05%, 0, 58, 3, 371.94
1587689009, 0, 151, 423, 404, 87, 2.05%, 0, 58, 3, 345.47
1587689014, 0, 151, 426, 407, 87, 2.05%, 0, 59, 3, 311.81
1587689019, 0, 163, 426, 406, 88, 2.05%, 0, 59, 3, 341.93
1587689024, 0, 166, 427, 406, 87, 2.05%, 0, 59, 3, 333.88
1587689029, 0, 166, 429, 408, 87, 2.06%, 0, 59, 3, 391.31
1587689034, 0, 166, 430, 409, 87, 2.06%, 0, 59, 3, 399.17
1587689049, 0, 166, 431, 410, 87, 2.06%, 0, 59, 3, 434.13
1587689054, 0, 166, 432, 411, 87, 2.06%, 0, 59, 3, 407.37
1587689060, 0, 173, 432, 410, 89, 2.06%, 0, 60, 3, 73.58
1587689065, 0, 173, 433, 411, 89, 2.06%, 0, 61, 3, 419.82
1587689070, 0, 173, 434, 412, 89, 2.06%, 0, 61, 3, 451.36
1587689075, 0, 173, 435, 413, 89, 2.06%, 0, 61, 3, 448.00
1587689086, 0, 174, 435, 412, 89, 2.06%, 0, 61, 3, 491.14
1587689091, 0, 194, 437, 413, 88, 2.07%, 0, 62, 3, 497.55
1587689096, 0, 194, 438, 414, 88, 2.07%, 0, 62, 3, 517.59
1587689106, 0, 194, 438, 414, 88, 2.07%, 0, 63, 3, 483.42
1587689111, 0, 194, 439, 415, 88, 2.07%, 0, 63, 3, 441.25
1587689116, 0, 194, 442, 418, 88, 2.07%, 0, 63, 3, 449.55
1587689121, 0, 194, 444, 420, 88, 2.09%, 0, 63, 3, 423.88
1587689126, 0, 194, 447, 423, 88, 2.09%, 0, 63, 3, 462.61
1587689131, 0, 194, 450, 426, 88, 2.09%, 0, 63, 3, 469.17
1587689136, 0, 194, 451, 427, 88, 2.09%, 0, 63, 3, 459.61
1587689141, 0, 194, 454, 430, 88, 2.09%, 0, 63, 3, 443.70
1587689146, 0, 194, 455, 431, 88, 2.09%, 0, 63, 3, 440.60
1587689151, 0, 194, 458, 434, 88, 2.10%, 0, 63, 3, 382.63
1587689156, 0, 194, 460, 436, 88, 2.10%, 0, 63, 3, 417.68
1587689172, 0, 194, 461, 437, 88, 2.10%, 0, 63, 3, 460.67
1587689182, 0, 194, 463, 439, 88, 2.10%, 0, 63, 3, 412.19
1587689187, 0, 198, 468, 443, 94, 2.11%, 0, 63, 3, 503.10
1587689192, 0, 198, 473, 448, 94, 2.12%, 0, 63, 3, 500.04
1587689202, 0, 198, 474, 449, 94, 2.12%, 0, 63, 3, 463.65
1587689207, 0, 198, 475, 450, 94, 2.13%, 0, 63, 3, 492.43
1587689212, 0, 198, 482, 457, 94, 2.13%, 0, 63, 3, 460.16
1587689218, 0, 198, 484, 459, 94, 2.15%, 0, 64, 3, 66.39
1587689223, 0, 198, 485, 460, 94, 2.15%, 0, 64, 3, 453.96
1587689228, 0, 198, 486, 461, 94, 2.15%, 0, 64, 3, 466.06
1587689233, 0, 198, 487, 462, 94, 2.15%, 0, 64, 3, 460.70
1587689238, 0, 198, 491, 466, 94, 2.15%, 0, 64, 3, 480.93
1587689243, 0, 198, 493, 468, 94, 2.15%, 0, 64, 3, 472.85
1587689259, 0, 198, 494, 469, 94, 2.16%, 0, 65, 3, 427.76
1587689274, 0, 198, 495, 470, 94, 2.16%, 0, 65, 3, 462.20
1587689279, 0, 198, 496, 471, 94, 2.16%, 0, 65, 3, 445.84
1587689284, 0, 198, 498, 473, 94, 2.16%, 0, 65, 3, 419.24
1587689289, 0, 200, 498, 472, 102, 2.16%, 0, 65, 3, 427.47
1587689294, 0, 201, 498, 471, 101, 2.16%, 0, 66, 3, 485.87
1587689305, 0, 201, 501, 474, 101, 2.18%, 0, 67, 3, 328.56
1587689310, 0, 201, 502, 475, 101, 2.18%, 0, 67, 3, 436.66
1587689315, 0, 201, 503, 476, 101, 2.18%, 0, 67, 3, 455.74
1587689320, 0, 201, 505, 478, 101, 2.19%, 0, 67, 3, 452.51
1587689325, 0, 201, 506, 479, 101, 2.19%, 0, 67, 3, 430.05
1587689330, 0, 201, 507, 480, 101, 2.20%, 0, 69, 3, 505.24
1587689345, 0, 201, 507, 480, 101, 2.20%, 0, 70, 3, 479.65
1587689350, 0, 201, 508, 481, 101, 2.20%, 0, 70, 3, 465.48
1587689360, 0, 211, 508, 480, 102, 2.20%, 0, 71, 3, 526.91
1587689365, 0, 211, 509, 481, 102, 2.20%, 0, 71, 3, 533.83
1587689371, 0, 212, 509, 480, 103, 2.20%, 0, 71, 3, 525.68
1587689376, 0, 212, 510, 481, 103, 2.20%, 0, 72, 3, 440.69
1587689381, 0, 213, 547, 517, 102, 2.22%, 0, 72, 3, 496.00
1587689386, 0, 213, 556, 526, 102, 2.22%, 0, 72, 3, 513.09
1587689396, 0, 213, 566, 536, 102, 2.22%, 0, 72, 3, 532.08
1587689401, 0, 213, 567, 537, 102, 2.22%, 0, 72, 3, 514.13
1587689406, 0, 213, 570, 540, 102, 2.22%, 0, 72, 3, 509.62
1587689411, 0, 213, 579, 549, 102, 2.22%, 0, 72, 3, 465.88
1587689416, 0, 213, 584, 554, 102, 2.22%, 0, 72, 3, 480.25
1587689421, 0, 213, 588, 558, 102, 2.25%, 0, 72, 3, 479.67
1587689426, 0, 213, 592, 562, 102, 2.26%, 0, 72, 3, 488.46
1587689431, 0, 213, 596, 566, 102, 2.26%, 0, 72, 3, 468.88
1587689437, 0, 213, 598, 568, 102, 2.26%, 0, 72, 3, 478.50
1587689442, 0, 213, 602, 572, 102, 2.26%, 0, 72, 3, 476.18
1587689447, 0, 220, 604, 573, 109, 2.26%, 0, 72, 3, 469.66
1587689452, 0, 220, 606, 575, 109, 2.26%, 0, 72, 3, 531.37
1587689457, 0, 230, 608, 576, 109, 2.26%, 0, 72, 3, 537.13
1587689462, 0, 230, 612, 580, 109, 2.27%, 0, 72, 3, 517.74
1587689467, 0, 239, 612, 579, 112, 2.27%, 0, 73, 3, 548.67
1587689473, 0, 243, 613, 579, 111, 2.28%, 0, 74, 3, 50.41
1587689478, 0, 244, 614, 579, 110, 2.28%, 0, 75, 3, 504.87
1587689483, 0, 244, 615, 580, 110, 2.28%, 0, 75, 3, 454.89
1587689488, 0, 248, 616, 580, 110, 2.38%, 0, 76, 3, 240.23
1587689493, 0, 248, 619, 583, 110, 2.39%, 0, 76, 3, 378.12
1587689499, 0, 248, 620, 584, 110, 2.40%, 0, 76, 3, 413.91
1587689504, 0, 248, 623, 587, 110, 2.41%, 0, 76, 3, 399.13
1587689514, 0, 248, 625, 589, 110, 2.44%, 0, 76, 3, 417.76
1587689519, 0, 248, 626, 590, 110, 2.44%, 0, 76, 3, 421.70
1587689524, 0, 248, 627, 591, 110, 2.44%, 0, 76, 3, 410.78
1587689529, 0, 248, 628, 592, 110, 2.44%, 0, 76, 3, 409.43
1587689534, 0, 248, 630, 594, 110, 2.44%, 0, 76, 3, 400.80
1587689539, 0, 248, 632, 596, 110, 2.44%, 0, 76, 3, 407.72
1587689544, 0, 248, 635, 599, 110, 2.44%, 0, 76, 3, 424.91
1587689554, 0, 248, 636, 600, 110, 2.45%, 0, 76, 3, 295.26
1587689565, 0, 248, 637, 601, 110, 2.45%, 0, 76, 3, 351.37
1587689570, 0, 248, 638, 602, 110, 2.46%, 0, 77, 3, 13.89
1587689575, 0, 259, 639, 602, 118, 2.46%, 0, 77, 3, 424.22
1587689586, 0, 259, 642, 605, 118, 2.48%, 0, 78, 3, 54.98
1587689591, 0, 259, 643, 606, 118, 2.48%, 0, 78, 3, 421.32
1587689596, 0, 259, 647, 610, 118, 2.48%, 0, 78, 3, 396.24
1587689606, 0, 259, 648, 611, 118, 2.48%, 0, 78, 3, 410.99
1587689611, 0, 259, 649, 612, 118, 2.48%, 0, 78, 3, 414.37
1587689621, 0, 259, 650, 613, 118, 2.48%, 0, 78, 3, 429.09
1587689626, 0, 259, 652, 615, 118, 2.48%, 0, 78, 3, 422.00
1587689631, 0, 259, 653, 616, 118, 2.48%, 0, 78, 3, 453.24
1587689651, 0, 259, 653, 616, 118, 2.48%, 0, 79, 3, 475.65
1587689657, 0, 259, 654, 617, 118, 2.48%, 0, 79, 3, 472.86
1587689662, 0, 259, 655, 618, 118, 2.48%, 0, 79, 3, 467.77
1587689667, 0, 263, 656, 618, 118, 2.48%, 0, 79, 3, 477.18
1587689672, 0, 263, 657, 619, 118, 2.48%, 0, 79, 3, 507.91
1587689677, 0, 264, 658, 619, 118, 2.48%, 0, 79, 3, 500.78
1587689687, 0, 264, 659, 620, 118, 2.48%, 0, 79, 3, 513.51
1587689698, 0, 277, 659, 619, 118, 2.48%, 0, 80, 3, 491.66
1587689708, 0, 277, 661, 621, 118, 2.48%, 0, 80, 3, 467.86
1587689713, 0, 278, 662, 621, 117, 2.48%, 0, 80, 3, 508.25
1587689718, 0, 286, 662, 620, 117, 2.48%, 0, 80, 3, 497.81
1587689729, 0, 286, 662, 620, 117, 2.48%, 0, 81, 3, 53.60
1587689734, 0, 286, 663, 621, 117, 2.48%, 0, 81, 3, 466.07
1587689739, 0, 291, 663, 620, 116, 2.48%, 0, 81, 3, 496.30
1587689755, 0, 305, 664, 620, 113, 2.48%, 0, 81, 3, 497.86
1587689760, 0, 312, 665, 620, 112, 2.49%, 0, 81, 3, 487.58
1587689770, 0, 312, 666, 621, 112, 2.49%, 0, 81, 3, 513.18
1587689786, 0, 313, 667, 621, 111, 2.50%, 0, 81, 3, 270.17
1587689801, 0, 313, 668, 622, 111, 2.50%, 0, 81, 3, 507.14
1587689806, 0, 315, 668, 621, 111, 2.50%, 0, 81, 3, 493.91
1587689811, 0, 319, 669, 621, 110, 2.51%, 0, 81, 3, 535.39
1587689816, 0, 319, 669, 621, 110, 2.51%, 0, 82, 3, 566.71
1587689822, 0, 319, 671, 623, 110, 2.51%, 0, 82, 3, 517.89
1587689827, 0, 321, 671, 622, 109, 2.51%, 0, 82, 3, 510.46
1587689832, 0, 321, 672, 623, 109, 2.51%, 0, 82, 3, 525.82
1587689842, 0, 327, 672, 622, 109, 2.51%, 0, 82, 3, 546.27
1587689852, 0, 337, 672, 621, 108, 2.51%, 0, 82, 3, 553.07
1587689862, 0, 338, 672, 620, 107, 2.51%, 0, 82, 3, 530.79
1587689872, 0, 338, 673, 621, 107, 2.51%, 0, 82, 4, 522.94
1587689877, 0, 339, 674, 621, 106, 2.51%, 0, 82, 4, 553.78
1587689887, 0, 339, 674, 621, 106, 2.51%, 0, 83, 4, 561.13
1587689892, 0, 341, 674, 620, 106, 2.51%, 0, 83, 4, 547.99
1587689908, 0, 343, 674, 619, 105, 2.51%, 0, 83, 4, 537.27
1587689913, 0, 343, 675, 620, 105, 2.51%, 0, 83, 4, 542.80
1587689918, 0, 343, 675, 620, 105, 2.51%, 0, 84, 4, 351.15
1587689923, 0, 344, 675, 619, 104, 2.51%, 0, 84, 4, 483.08
1587689928, 0, 344, 675, 619, 104, 2.51%, 0, 85, 4, 548.47
1587689938, 0, 345, 675, 618, 103, 2.51%, 0, 85, 4, 551.41
1587689944, 0, 345, 676, 619, 103, 2.51%, 0, 85, 4, 563.73
1587689949, 0, 346, 676, 618, 103, 2.51%, 0, 85, 4, 531.75
1587689959, 0, 347, 676, 617, 102, 2.51%, 0, 85, 4, 528.57
1587689979, 0, 348, 676, 616, 101, 2.51%, 0, 85, 4, 551.80
1587689984, 0, 348, 677, 617, 101, 2.51%, 0, 85, 4, 550.05
1587689989, 0, 349, 677, 616, 101, 2.51%, 0, 85, 4, 517.41
1587689994, 0, 349, 679, 618, 101, 2.51%, 0, 85, 4, 550.45
1587689999, 0, 349, 680, 619, 101, 2.53%, 0, 85, 4, 554.51
1587690004, 0, 349, 681, 620, 101, 2.53%, 0, 85, 4, 497.43
1587690009, 0, 352, 681, 619, 102, 2.53%, 0, 85, 4, 495.77
1587690025, 0, 352, 682, 620, 102, 2.53%, 0, 85, 4, 486.90
1587690030, 0, 353, 682, 619, 101, 2.53%, 0, 85, 4, 496.93
1587690045, 0, 354, 682, 618, 100, 2.53%, 0, 85, 4, 496.23
1587690060, 0, 354, 682, 618, 100, 2.53%, 0, 86, 4, 141.48
1587690065, 0, 358, 682, 617, 99, 2.53%, 0, 86, 4, 447.10
1587690075, 0, 359, 682, 616, 98, 2.53%, 0, 86, 4, 531.76
1587690080, 0, 359, 683, 617, 98, 2.53%, 0, 86, 4, 518.95
1587690086, 0, 360, 684, 617, 98, 2.53%, 0, 86, 4, 521.81
1587690091, 0, 360, 685, 618, 98, 2.54%, 0, 86, 4, 544.80
1587690096, 0, 360, 687, 620, 98, 2.55%, 0, 87, 4, 81.04
1587690106, 0, 361, 688, 620, 99, 2.55%, 0, 87, 4, 533.50
1587690121, 0, 364, 688, 619, 99, 2.55%, 0, 87, 4, 525.14
1587690132, 0, 364, 689, 620, 99, 2.56%, 0, 88, 4, 272.35
1587690137, 0, 364, 690, 621, 99, 2.56%, 0, 88, 4, 434.38
1587690142, 0, 364, 692, 623, 99, 2.56%, 0, 88, 4, 463.46
1587690147, 0, 364, 693, 624, 99, 2.56%, 0, 88, 4, 485.47
1587690152, 0, 364, 694, 625, 99, 2.56%, 0, 88, 4, 453.62
1587690162, 0, 364, 695, 626, 99, 2.56%, 0, 88, 4, 473.25
1587690167, 0, 364, 697, 628, 99, 2.56%, 0, 88, 4, 473.90
1587690182, 0, 364, 698, 629, 99, 2.56%, 0, 88, 4, 469.60
1587690197, 0, 364, 699, 630, 99, 2.56%, 0, 88, 4, 434.54
1587690203, 0, 364, 700, 631, 99, 2.56%, 0, 88, 4, 467.58
1587690208, 0, 368, 700, 630, 100, 2.56%, 0, 88, 4, 485.01
1587690213, 0, 368, 701, 631, 100, 2.56%, 0, 88, 4, 530.64
1587690223, 0, 368, 701, 631, 100, 2.56%, 0, 89, 4, 82.11
1587690228, 0, 369, 702, 631, 99, 2.56%, 0, 89, 4, 535.16
1587690243, 0, 373, 702, 630, 98, 2.56%, 0, 89, 4, 530.27
1587690258, 0, 388, 703, 630, 97, 2.56%, 0, 89, 4, 530.69
1587690274, 0, 388, 705, 632, 97, 2.56%, 0, 89, 4, 520.69
1587690279, 0, 389, 705, 631, 96, 2.56%, 0, 89, 4, 530.71
1587690284, 0, 389, 706, 632, 96, 2.56%, 0, 89, 4, 553.05
1587690289, 0, 389, 706, 632, 96, 2.56%, 0, 90, 4, 556.83
1587690294, 0, 392, 707, 632, 96, 2.56%, 0, 90, 4, 468.12
1587690299, 0, 392, 707, 632, 96, 2.56%, 0, 91, 4, 556.07
1587690325, 0, 392, 709, 634, 96, 2.56%, 0, 91, 4, 508.69
1587690330, 0, 392, 710, 635, 96, 2.56%, 0, 91, 4, 485.13
1587690335, 0, 392, 710, 635, 96, 2.56%, 0, 92, 4, 528.71
1587690340, 0, 392, 711, 636, 96, 2.56%, 0, 92, 4, 499.61
1587690345, 0, 392, 712, 637, 96, 2.56%, 0, 92, 4, 525.24
1587690360, 0, 392, 713, 638, 96, 2.56%, 0, 93, 4, 439.01
1587690365, 0, 392, 714, 639, 96, 2.56%, 0, 93, 4, 470.30
1587690376, 0, 392, 715, 640, 96, 2.56%, 0, 93, 4, 498.11
1587690381, 0, 392, 716, 641, 96, 2.57%, 0, 93, 4, 514.21
1587690386, 0, 392, 718, 643, 96, 2.57%, 0, 93, 4, 499.01
1587690391, 0, 393, 719, 643, 95, 2.57%, 0, 93, 4, 503.04
1587690401, 0, 393, 719, 643, 95, 2.57%, 0, 94, 4, 549.08
1587690406, 0, 393, 720, 644, 95, 2.57%, 0, 94, 4, 502.88
1587690411, 0, 394, 721, 644, 94, 2.57%, 0, 94, 4, 514.90
1587690417, 0, 394, 721, 644, 94, 2.57%, 0, 95, 4, 97.58
1587690422, 0, 394, 722, 645, 94, 2.57%, 0, 95, 4, 507.60
1587690427, 0, 394, 724, 647, 94, 2.57%, 0, 95, 4, 461.83
1587690432, 0, 394, 724, 647, 94, 2.57%, 0, 96, 4, 466.24
1587690442, 0, 398, 724, 646, 93, 2.57%, 0, 97, 4, 494.91
1587690452, 0, 405, 734, 655, 92, 2.57%, 0, 97, 4, 526.73
1587690478, 0, 405, 737, 658, 92, 2.57%, 0, 97, 4, 518.02
1587690483, 0, 405, 741, 662, 92, 2.57%, 0, 98, 4, 487.97
1587690488, 0, 405, 745, 666, 92, 2.57%, 0, 98, 4, 459.39
1587690493, 0, 405, 748, 669, 92, 2.57%, 0, 99, 4, 60.63
1587690498, 0, 405, 751, 672, 92, 2.60%, 0, 99, 4, 431.85
1587690503, 0, 405, 752, 673, 92, 2.60%, 0, 99, 4, 456.67
1587690524, 0, 405, 754, 675, 92, 2.60%, 0, 99, 4, 452.43
1587690539, 0, 408, 755, 675, 91, 2.60%, 0, 99, 4, 397.72
1587690565, 0, 408, 756, 676, 91, 2.60%, 0, 99, 4, 524.48
1587690570, 0, 410, 756, 675, 91, 2.60%, 0, 100, 4, 16.62
1587690576, 0, 410, 756, 675, 91, 2.60%, 0, 103, 4, 4.78
1587690581, 0, 410, 758, 677, 91, 2.60%, 0, 103, 4, 277.78
1587690591, 0, 419, 758, 675, 90, 2.60%, 0, 103, 4, 452.76
1587690597, 0, 419, 758, 675, 90, 2.60%, 0, 104, 4, 28.47
1587690602, 0, 419, 759, 676, 90, 2.60%, 0, 104, 4, 456.26
1587690607, 0, 420, 760, 676, 90, 2.60%, 0, 105, 4, 514.64
1587690612, 0, 420, 764, 680, 90, 2.60%, 0, 105, 4, 473.17
1587690617, 0, 420, 766, 682, 90, 2.60%, 0, 105, 4, 489.04
1587690622, 0, 420, 766, 682, 90, 2.60%, 0, 106, 4, 476.39
1587690627, 0, 420, 767, 683, 90, 2.60%, 0, 106, 4, 491.15
1587690632, 0, 420, 768, 684, 90, 2.60%, 0, 106, 4, 477.12
1587690643, 0, 420, 768, 684, 90, 2.60%, 0, 107, 4, 483.25
1587690663, 0, 421, 768, 683, 90, 2.60%, 0, 107, 4, 482.09
1587690668, 0, 424, 769, 683, 89, 2.60%, 0, 107, 4, 509.53
1587690673, 0, 427, 769, 682, 88, 2.60%, 0, 107, 4, 499.43
1587690678, 0, 428, 770, 682, 87, 2.62%, 0, 107, 4, 526.05
1587690683, 0, 436, 772, 683, 86, 2.62%, 0, 107, 4, 519.98
1587690693, 0, 437, 772, 682, 86, 2.62%, 0, 107, 4, 503.87
1587690708, 0, 454, 773, 682, 86, 2.62%, 0, 107, 4, 514.88
1587690734, 0, 454, 776, 685, 86, 2.64%, 0, 107, 4, 381.59
1587690739, 0, 456, 776, 684, 86, 2.64%, 0, 107, 4, 488.29
1587690764, 0, 456, 777, 685, 86, 2.64%, 0, 108, 4, 442.40
1587690774, 0, 458, 778, 685, 85, 2.64%, 0, 108, 4, 510.96
1587690820, 0, 464, 778, 684, 84, 2.64%, 0, 108, 4, 507.12
1587690840, 0, 465, 778, 683, 83, 2.64%, 0, 108, 4, 527.57
1587690866, 0, 465, 780, 685, 83, 2.64%, 0, 108, 4, 502.53
1587690871, 0, 465, 781, 686, 83, 2.64%, 0, 108, 4, 497.63
1587690881, 0, 467, 781, 685, 83, 2.64%, 0, 108, 4, 517.07
1587690887, 0, 467, 782, 686, 83, 2.64%, 0, 108, 4, 502.02
1587690892, 0, 469, 782, 685, 83, 2.64%, 0, 108, 4, 531.96
1587690912, 0, 469, 784, 687, 83, 2.64%, 0, 108, 4, 500.70
1587690922, 0, 470, 784, 686, 83, 2.64%, 0, 108, 4, 534.66
1587690942, 0, 471, 784, 685, 82, 2.64%, 0, 108, 4, 516.15
1587690967, 0, 473, 785, 685, 81, 2.64%, 0, 108, 4, 517.04
1587690973, 0, 473, 785, 685, 81, 2.64%, 0, 109, 4, 535.78
1587690993, 0, 481, 785, 684, 80, 2.64%, 0, 109, 4, 498.56
1587691039, 0, 483, 787, 685, 79, 2.64%, 0, 109, 4, 515.61
1587691059, 0, 483, 788, 686, 79, 2.64%, 0, 109, 4, 517.29
1587691079, 0, 483, 789, 687, 79, 2.64%, 0, 109, 4, 523.86
1587691090, 0, 483, 790, 688, 79, 2.64%, 0, 109, 4, 467.82
1587691130, 0, 490, 790, 687, 80, 2.64%, 0, 109, 4, 534.58
1587691140, 0, 490, 792, 689, 80, 2.64%, 0, 109, 4, 488.99
1587691146, 0, 499, 792, 688, 79, 2.64%, 0, 110, 4, 553.26
1587691151, 0, 499, 793, 689, 79, 2.64%, 0, 110, 4, 536.95
1587691156, 0, 499, 795, 691, 79, 2.66%, 0, 110, 4, 510.85
1587691161, 0, 499, 797, 693, 79, 2.66%, 0, 110, 4, 489.42
1587691171, 0, 499, 798, 694, 79, 2.66%, 0, 110, 4, 464.33
1587691181, 0, 499, 798, 694, 79, 2.66%, 0, 111, 4, 475.00
1587691191, 0, 502, 799, 694, 79, 2.66%, 0, 111, 4, 501.99
1587691197, 0, 502, 799, 694, 79, 2.66%, 0, 112, 4, 523.85
1587691213, 0, 502, 799, 694, 79, 2.66%, 0, 113, 4, 73.03
1587691218, 0, 502, 803, 698, 79, 2.66%, 0, 113, 4, 480.43
1587691223, 0, 502, 804, 699, 79, 2.66%, 0, 113, 4, 513.80
1587691233, 0, 502, 805, 700, 79, 2.66%, 0, 113, 4, 517.40
1587691253, 0, 502, 805, 700, 79, 2.66%, 0, 114, 4, 76.47
1587691268, 0, 502, 806, 701, 79, 2.66%, 0, 114, 4, 510.94
1587691279, 0, 505, 806, 700, 79, 2.66%, 0, 114, 4, 534.55
1587691284, 0, 508, 806, 699, 78, 2.66%, 0, 114, 4, 534.65
1587691294, 0, 512, 806, 698, 77, 2.66%, 0, 114, 4, 550.89
1587691319, 0, 525, 806, 697, 76, 2.66%, 0, 114, 4, 547.04
1587691350, 0, 545, 806, 696, 75, 2.66%, 0, 114, 4, 481.68
1587691355, 0, 545, 807, 697, 75, 2.66%, 0, 114, 4, 529.41
1587691370, 0, 545, 809, 699, 75, 2.66%, 0, 114, 4, 549.77
1587691380, 0, 545, 810, 700, 75, 2.66%, 0, 114, 4, 530.84
1587691385, 0, 545, 811, 701, 75, 2.66%, 0, 114, 4, 501.99
1587691390, 0, 565, 811, 700, 74, 2.66%, 0, 114, 4, 491.74
1587691395, 0, 565, 812, 701, 74, 2.66%, 0, 114, 4, 480.80
1587691416, 0, 565, 813, 702, 74, 2.66%, 0, 114, 4, 490.86
1587691421, 0, 565, 813, 702, 74, 2.66%, 0, 115, 4, 9.57
1587691426, 0, 567, 814, 702, 73, 2.67%, 0, 115, 4, 542.79
1587691441, 0, 567, 815, 703, 73, 2.67%, 0, 115, 4, 534.20
1587691457, 0, 567, 817, 705, 73, 2.67%, 0, 115, 4, 503.68
1587691462, 0, 567, 820, 708, 73, 2.69%, 0, 115, 4, 479.53
1587691467, 0, 567, 822, 710, 73, 2.69%, 0, 115, 4, 481.67
1587691482, 0, 567, 825, 713, 73, 2.69%, 0, 115, 4, 488.60
1587691492, 0, 567, 826, 714, 73, 2.69%, 0, 116, 4, 521.84
1587691502, 0, 574, 829, 716, 77, 2.69%, 0, 116, 4, 506.48
1587691518, 0, 574, 830, 717, 77, 2.69%, 0, 116, 4, 495.59
1587691523, 0, 574, 831, 718, 77, 2.69%, 0, 116, 4, 481.60
1587691528, 0, 574, 831, 718, 77, 2.69%, 0, 117, 4, 25.97
1587691533, 0, 587, 831, 717, 77, 2.69%, 0, 117, 4, 512.43
1587691548, 0, 587, 832, 718, 77, 2.69%, 0, 117, 4, 540.10
1587691558, 0, 587, 833, 719, 77, 2.69%, 0, 117, 4, 531.59
1587691569, 0, 587, 834, 720, 77, 2.69%, 0, 117, 4, 506.48
1587691574, 0, 587, 836, 722, 77, 2.69%, 0, 117, 4, 489.30
1587691579, 0, 587, 837, 723, 77, 2.69%, 0, 117, 4, 513.62
1587691584, 0, 587, 838, 724, 77, 2.69%, 0, 117, 4, 519.37
1587691615, 0, 603, 840, 725, 77, 2.69%, 0, 117, 4, 531.68
1587691620, 0, 603, 841, 726, 77, 2.69%, 0, 117, 4, 551.37
1587691650, 0, 604, 841, 725, 77, 2.69%, 0, 117, 4, 547.84
1587691655, 0, 606, 841, 724, 76, 2.69%, 0, 117, 4, 539.53
1587691660, 0, 606, 842, 725, 76, 2.69%, 0, 117, 4, 516.22
1587691665, 0, 608, 843, 725, 76, 2.69%, 0, 117, 4, 537.45
1587691670, 0, 609, 843, 724, 76, 2.69%, 0, 117, 4, 523.89
1587691675, 0, 609, 847, 728, 76, 2.69%, 0, 117, 4, 518.66
1587691685, 0, 610, 847, 727, 75, 2.69%, 0, 117, 4, 525.76
1587691690, 0, 612, 847, 726, 74, 2.69%, 0, 117, 4, 489.97
1587691695, 0, 613, 847, 725, 73, 2.69%, 0, 117, 4, 467.43
1587691701, 0, 618, 847, 724, 72, 2.69%, 0, 117, 4, 466.64
1587691706, 0, 618, 849, 726, 72, 2.69%, 0, 118, 4, 360.02
1587691711, 0, 618, 852, 729, 72, 2.70%, 0, 119, 4, 490.55
1587691721, 0, 618, 855, 732, 72, 2.70%, 0, 119, 4, 413.87
1587691731, 0, 618, 857, 734, 72, 2.71%, 0, 119, 4, 410.69
1587691736, 0, 618, 858, 735, 72, 2.71%, 0, 119, 4, 438.98
1587691741, 0, 618, 859, 736, 72, 2.71%, 0, 119, 4, 418.62
1587691757, 0, 618, 861, 738, 72, 2.71%, 0, 119, 4, 408.23
1587691762, 0, 618, 862, 739, 72, 2.71%, 0, 119, 4, 414.89
1587691767, 0, 620, 864, 740, 75, 2.71%, 0, 119, 4, 505.86
1587691772, 0, 620, 865, 741, 75, 2.71%, 0, 120, 4, 533.74
1587691777, 0, 621, 865, 740, 74, 2.71%, 0, 120, 4, 511.25
1587691782, 0, 624, 866, 740, 73, 2.71%, 0, 120, 4, 534.81
1587691792, 0, 625, 867, 740, 73, 2.71%, 0, 121, 4, 550.97
1587691802, 0, 628, 868, 740, 72, 2.71%, 0, 121, 4, 472.12
1587691812, 0, 628, 869, 741, 72, 2.71%, 0, 122, 4, 362.17
1587691818, 0, 628, 873, 745, 72, 2.71%, 0, 122, 4, 396.85
1587691823, 0, 628, 875, 747, 72, 2.71%, 0, 123, 4, 418.04
1587691828, 0, 628, 877, 749, 72, 2.71%, 0, 123, 4, 418.98
1587691833, 0, 628, 878, 750, 72, 2.71%, 0, 123, 4, 429.22
1587691838, 0, 628, 880, 752, 72, 2.71%, 0, 123, 4, 444.12
1587691848, 0, 628, 881, 753, 72, 2.71%, 0, 123, 4, 432.55
1587691858, 0, 628, 882, 754, 72, 2.71%, 0, 123, 4, 439.00
1587691873, 0, 628, 883, 755, 72, 2.71%, 0, 123, 4, 406.48
1587691878, 0, 628, 884, 756, 72, 2.71%, 0, 123, 4, 410.52
1587691883, 0, 628, 885, 757, 72, 2.71%, 0, 123, 4, 444.24
1587691889, 0, 632, 885, 756, 71, 2.71%, 0, 123, 4, 484.47
1587691899, 0, 633, 886, 756, 70, 2.71%, 0, 123, 4, 466.86
1587691914, 0, 633, 887, 757, 70, 2.71%, 0, 123, 4, 539.17
1587691919, 0, 634, 887, 756, 69, 2.71%, 0, 123, 4, 514.69
1587691924, 0, 639, 887, 755, 68, 2.71%, 0, 123, 4, 517.83
1587691934, 0, 639, 889, 757, 68, 2.71%, 0, 124, 4, 340.53
1587691939, 0, 639, 891, 759, 68, 2.71%, 0, 124, 4, 467.02
1587691944, 0, 639, 892, 760, 68, 2.72%, 0, 124, 4, 476.76
1587691949, 0, 639, 894, 762, 68, 2.72%, 0, 124, 4, 482.97
1587691965, 0, 639, 895, 763, 68, 2.72%, 0, 124, 4, 482.97
1587691980, 0, 639, 896, 764, 68, 2.72%, 0, 124, 4, 508.66
1587691985, 0, 639, 897, 765, 68, 2.72%, 0, 124, 4, 445.85
1587692005, 0, 655, 898, 765, 70, 2.72%, 0, 124, 4, 508.61
1587692016, 0, 655, 898, 765, 70, 2.72%, 0, 125, 4, 75.04
1587692021, 0, 655, 900, 767, 70, 2.72%, 0, 125, 4, 533.93
1587692026, 0, 656, 900, 766, 70, 2.72%, 0, 125, 4, 523.98
1587692037, 0, 661, 900, 765, 69, 2.72%, 0, 125, 4, 549.47
1587692042, 0, 663, 900, 764, 68, 2.72%, 0, 125, 4, 517.30
1587692067, 0, 664, 900, 763, 67, 2.72%, 0, 125, 4, 526.83
1587692072, 0, 665, 900, 762, 66, 2.72%, 0, 125, 4, 525.23
1587692087, 0, 668, 901, 762, 65, 2.72%, 0, 125, 4, 510.89
1587692097, 0, 668, 903, 764, 65, 2.73%, 0, 125, 4, 508.99
1587692102, 0, 671, 903, 763, 65, 2.73%, 0, 125, 4, 519.52
1587692112, 0, 673, 903, 762, 64, 2.73%, 0, 125, 4, 526.90
1587692117, 0, 673, 904, 763, 64, 2.73%, 0, 125, 5, 555.95
1587692123, 0, 673, 904, 763, 64, 2.73%, 0, 126, 5, 90.46
1587692128, 0, 673, 905, 764, 64, 2.73%, 0, 126, 5, 507.52
1587692134, 0, 675, 905, 763, 63, 2.73%, 0, 126, 5, 518.22
1587692144, 0, 675, 905, 763, 63, 2.73%, 0, 127, 5, 518.60
1587692149, 0, 676, 905, 762, 62, 2.73%, 0, 127, 5, 508.24
1587692159, 0, 676, 907, 764, 62, 2.73%, 0, 127, 5, 534.41
1587692179, 0, 677, 907, 763, 61, 2.73%, 0, 127, 5, 520.42
1587692194, 0, 679, 907, 762, 60, 2.73%, 0, 127, 5, 511.15
1587692210, 0, 679, 909, 764, 60, 2.73%, 0, 127, 5, 514.24
1587692215, 0, 679, 910, 765, 60, 2.73%, 0, 127, 5, 471.95
1587692220, 0, 679, 912, 767, 60, 2.73%, 0, 127, 5, 486.00
1587692225, 0, 679, 914, 769, 60, 2.73%, 0, 127, 5, 469.71
1587692230, 0, 679, 914, 769, 60, 2.73%, 0, 128, 5, 446.37
1587692281, 0, 680, 914, 768, 59, 2.73%, 0, 128, 5, 515.62
1587692301, 0, 684, 914, 767, 58, 2.73%, 0, 128, 5, 512.41
1587692311, 0, 684, 915, 768, 58, 2.73%, 0, 129, 5, 551.95
1587692321, 0, 685, 916, 768, 57, 2.73%, 0, 129, 5, 524.13
1587692332, 0, 685, 916, 768, 57, 2.73%, 0, 130, 5, 368.41
1587692337, 0, 685, 917, 769, 57, 2.73%, 0, 130, 5, 478.12
1587692342, 0, 685, 920, 772, 57, 2.73%, 0, 130, 5, 500.61
1587692352, 0, 685, 921, 773, 57, 2.73%, 0, 130, 5, 513.32
1587692357, 0, 685, 922, 774, 57, 2.73%, 0, 130, 5, 508.02
1587692367, 0, 685, 923, 775, 57, 2.73%, 0, 130, 5, 480.88
1587692403, 0, 687, 924, 775, 56, 2.73%, 0, 130, 5, 482.05
1587692413, 0, 687, 924, 775, 56, 2.73%, 0, 131, 5, 68.41
1587692423, 0, 691, 924, 774, 56, 2.73%, 0, 131, 5, 466.24
1587692433, 0, 691, 925, 775, 56, 2.73%, 0, 131, 5, 477.02
1587692439, 0, 693, 926, 775, 55, 2.73%, 0, 131, 5, 513.50
1587692444, 0, 693, 927, 776, 55, 2.73%, 0, 131, 5, 533.95
1587692449, 0, 693, 928, 777, 55, 2.73%, 0, 131, 5, 514.10
1587692454, 0, 693, 931, 780, 55, 2.73%, 0, 131, 5, 488.97
1587692459, 0, 693, 934, 783, 55, 2.73%, 0, 131, 5, 509.56
1587692464, 0, 693, 935, 784, 55, 2.73%, 0, 131, 5, 505.80
1587692469, 0, 693, 936, 785, 55, 2.73%, 0, 131, 5, 512.09
1587692509, 0, 693, 938, 787, 55, 2.73%, 0, 131, 5, 503.24
1587692514, 0, 695, 939, 787, 54, 2.73%, 0, 131, 5, 541.81
1587692524, 0, 705, 941, 788, 54, 2.73%, 0, 131, 5, 544.38
1587692535, 0, 705, 944, 791, 54, 2.73%, 0, 131, 5, 503.44
1587692540, 0, 705, 945, 792, 54, 2.73%, 0, 131, 5, 455.13
1587692551, 0, 705, 945, 792, 54, 2.73%, 0, 132, 5, 17.91
1587692561, 0, 705, 946, 793, 54, 2.73%, 0, 132, 5, 447.24
1587692571, 0, 705, 946, 793, 54, 2.73%, 0, 133, 5, 393.30
1587692591, 0, 705, 947, 794, 54, 2.73%, 0, 133, 5, 396.19
1587692612, 0, 709, 947, 793, 54, 2.73%, 0, 134, 5, 67.90
1587692673, 0, 709, 948, 794, 54, 2.73%, 0, 134, 5, 499.81
1587692678, 0, 715, 948, 793, 53, 2.73%, 0, 134, 5, 516.70
1587692684, 0, 715, 950, 795, 53, 2.74%, 0, 135, 5, 535.98
1587692694, 0, 715, 951, 796, 53, 2.74%, 0, 135, 5, 530.55
1587692745, 0, 715, 953, 798, 53, 2.74%, 0, 135, 5, 518.76
1587692750, 0, 715, 954, 799, 53, 2.74%, 0, 135, 5, 501.91
1587692766, 0, 715, 956, 801, 53, 2.74%, 0, 135, 5, 502.84
1587692771, 0, 715, 957, 802, 53, 2.74%, 0, 135, 5, 507.11
1587692781, 0, 715, 958, 803, 53, 2.75%, 0, 135, 5, 511.74
1587692791, 0, 715, 960, 805, 53, 2.75%, 0, 135, 5, 507.17
1587692801, 0, 715, 961, 806, 53, 2.75%, 0, 135, 5, 526.11
1587692806, 0, 717, 962, 806, 59, 2.75%, 0, 135, 5, 515.35
1587692863, 0, 717, 963, 807, 59, 2.75%, 0, 135, 5, 522.75
1587692868, 0, 728, 963, 806, 58, 2.75%, 0, 136, 5, 489.76
1587692873, 0, 728, 965, 808, 58, 2.75%, 0, 136, 5, 535.58
1587692893, 0, 728, 966, 809, 58, 2.75%, 0, 136, 5, 446.55
1587692898, 0, 747, 967, 809, 59, 2.75%, 0, 136, 5, 500.71
1587692903, 0, 747, 969, 811, 59, 2.75%, 0, 136, 5, 514.92
1587692929, 0, 747, 971, 813, 59, 2.75%, 0, 136, 5, 506.32
1587692939, 0, 747, 972, 814, 59, 2.75%, 0, 136, 5, 508.16
1587692959, 0, 756, 972, 813, 59, 2.75%, 0, 136, 5, 464.10
1587692965, 0, 756, 972, 813, 59, 2.75%, 0, 137, 5, 409.52
1587692970, 0, 756, 972, 813, 59, 2.75%, 0, 138, 5, 102.65
1587692975, 0, 757, 972, 812, 58, 2.75%, 0, 138, 5, 258.12
1587692990, 0, 758, 972, 811, 57, 2.75%, 0, 138, 5, 407.90
1587693005, 0, 758, 974, 813, 57, 2.75%, 0, 138, 5, 487.53
1587693020, 0, 759, 974, 812, 56, 2.75%, 0, 138, 5, 455.91
1587693026, 0, 759, 975, 813, 56, 2.75%, 0, 138, 5, 482.00
1587693031, 0, 759, 976, 814, 56, 2.75%, 0, 138, 5, 465.54
1587693036, 0, 759, 977, 815, 56, 2.75%, 0, 138, 5, 491.59
1587693056, 0, 762, 977, 814, 55, 2.75%, 0, 138, 5, 497.85
1587693061, 0, 762, 977, 814, 55, 2.75%, 1, 138, 5, 492.74
1587693066, 0, 769, 979, 815, 54, 2.76%, 1, 139, 5, 533.23
1587693071, 0, 771, 979, 814, 54, 2.76%, 1, 139, 5, 519.21
1587693082, 0, 771, 981, 816, 54, 2.76%, 1, 139, 5, 504.15
1587693092, 0, 771, 982, 817, 54, 2.76%, 1, 139, 5, 488.30
1587693107, 0, 771, 983, 818, 54, 2.76%, 1, 139, 5, 477.85
1587693112, 0, 771, 984, 819, 54, 2.76%, 1, 139, 5, 466.34
1587693143, 0, 772, 985, 819, 53, 2.76%, 1, 139, 5, 492.58
1587693168, 0, 778, 985, 818, 52, 2.76%, 1, 139, 5, 537.99
1587693189, 0, 781, 985, 817, 51, 2.76%, 1, 139, 5, 517.14
1587693199, 0, 781, 987, 819, 51, 2.76%, 1, 139, 5, 466.01
1587693214, 0, 782, 987, 818, 50, 2.76%, 1, 139, 5, 531.72
1587693234, 0, 782, 988, 819, 50, 2.76%, 1, 139, 5, 512.53
1587693239, 0, 787, 988, 818, 49, 2.76%, 1, 139, 5, 501.97
1587693245, 0, 787, 989, 819, 49, 2.76%, 1, 139, 5, 514.76
1587693331, 0, 787, 990, 820, 49, 2.76%, 1, 139, 5, 493.73
1587693336, 0, 788, 990, 819, 50, 2.76%, 1, 139, 5, 515.00
1587693423, 0, 788, 991, 820, 50, 2.77%, 1, 139, 5, 520.44
1587693428, 0, 793, 992, 820, 50, 2.78%, 1, 140, 5, 575.10
1587693444, 0, 796, 992, 819, 50, 2.78%, 1, 140, 5, 560.93
1587693449, 0, 796, 993, 820, 50, 2.80%, 1, 140, 5, 570.05
1587693454, 0, 796, 995, 822, 50, 2.80%, 1, 140, 5, 532.53
1587693459, 0, 796, 996, 823, 50, 2.80%, 1, 140, 5, 540.90
1587693469, 0, 797, 996, 822, 51, 2.80%, 1, 140, 5, 534.30
1587693479, 0, 797, 997, 823, 51, 2.80%, 1, 140, 5, 529.93
1587693489, 0, 800, 997, 822, 50, 2.80%, 1, 141, 5, 476.91
1587693500, 0, 800, 998, 823, 50, 2.80%, 1, 141, 5, 501.19
1587693505, 0, 808, 998, 822, 50, 2.80%, 1, 141, 5, 501.59
1587693525, 0, 808, 1001, 825, 50, 2.80%, 1, 141, 5, 558.23
1587693535, 0, 808, 1004, 828, 50, 2.80%, 1, 141, 5, 520.45
1587693540, 0, 808, 1005, 829, 50, 2.80%, 1, 141, 5, 494.49
1587693576, 0, 808, 1006, 830, 50, 2.80%, 1, 142, 5, 488.06
1587693581, 0, 808, 1007, 831, 50, 2.80%, 1, 142, 5, 499.49
1587693586, 0, 814, 1008, 831, 49, 2.80%, 1, 142, 5, 530.06
1587693612, 0, 814, 1010, 833, 49, 2.80%, 1, 142, 5, 486.49
1587693617, 0, 814, 1011, 834, 49, 2.80%, 1, 142, 5, 475.54
1587693622, 0, 814, 1012, 835, 49, 2.80%, 1, 142, 5, 502.87
1587693632, 0, 814, 1013, 836, 49, 2.80%, 1, 142, 5, 478.66
1587693647, 0, 814, 1013, 836, 49, 2.80%, 1, 143, 5, 521.14
1587693658, 0, 814, 1014, 837, 49, 2.80%, 1, 143, 5, 474.11
1587693668, 0, 817, 1016, 838, 49, 2.80%, 1, 143, 5, 498.31
1587693673, 0, 817, 1017, 839, 49, 2.80%, 1, 143, 5, 523.43
1587693678, 0, 817, 1018, 840, 49, 2.80%, 1, 143, 5, 494.13
1587693683, 0, 817, 1020, 842, 49, 2.80%, 1, 143, 5, 477.25
1587693698, 0, 817, 1020, 842, 49, 2.80%, 1, 144, 5, 455.00
1587693734, 0, 824, 1020, 841, 49, 2.80%, 1, 144, 5, 512.53
1587693765, 0, 824, 1022, 843, 49, 2.80%, 1, 145, 5, 496.30
1587693775, 0, 824, 1023, 844, 49, 2.80%, 1, 145, 5, 508.04
1587693780, 0, 824, 1024, 845, 49, 2.80%, 1, 145, 5, 510.98
1587693785, 0, 824, 1025, 846, 49, 2.80%, 1, 145, 5, 500.75
1587693790, 0, 824, 1026, 847, 49, 2.80%, 1, 145, 5, 432.96
1587693816, 0, 829, 1026, 846, 48, 2.80%, 1, 145, 5, 518.66
1587693821, 0, 829, 1027, 847, 48, 2.80%, 1, 145, 5, 545.65
1587693831, 0, 840, 1027, 846, 48, 2.80%, 1, 145, 5, 531.85
1587693851, 0, 840, 1029, 848, 48, 2.80%, 1, 145, 5, 509.69
1587693857, 0, 840, 1029, 848, 48, 2.80%, 1, 146, 5, 60.58
1587693867, 0, 841, 1029, 847, 47, 2.80%, 1, 146, 5, 545.91
1587693872, 0, 841, 1029, 847, 47, 2.80%, 1, 147, 5, 527.53
1587693877, 0, 841, 1030, 848, 47, 2.80%, 1, 147, 5, 506.13
1587693882, 0, 842, 1030, 847, 46, 2.80%, 1, 147, 5, 541.28
1587693887, 0, 847, 1030, 846, 45, 2.80%, 1, 147, 5, 493.16
1587693898, 0, 861, 1030, 845, 44, 2.80%, 1, 147, 5, 525.77
1587693908, 0, 861, 1030, 845, 44, 2.80%, 1, 148, 5, 417.46
1587693913, 0, 861, 1032, 847, 44, 2.80%, 1, 148, 5, 421.18
1587693918, 0, 861, 1033, 848, 44, 2.80%, 1, 148, 5, 431.16
1587693928, 0, 861, 1034, 849, 44, 2.80%, 1, 148, 5, 443.82
1587693938, 0, 861, 1035, 850, 44, 2.80%, 1, 148, 5, 452.62
1587693964, 0, 862, 1035, 849, 43, 2.80%, 1, 148, 5, 526.10
1587693969, 0, 862, 1036, 850, 43, 2.80%, 1, 148, 5, 461.46
1587693979, 0, 863, 1036, 849, 42, 2.80%, 1, 148, 5, 511.37
1587693984, 0, 863, 1036, 849, 42, 2.80%, 1, 149, 5, 364.93
1587693989, 0, 864, 1036, 848, 41, 2.80%, 1, 149, 5, 49.12
1587694005, 0, 865, 1036, 847, 40, 2.80%, 1, 149, 5, 493.78
1587694015, 0, 866, 1036, 846, 39, 2.80%, 1, 150, 5, 563.12
1587694020, 0, 866, 1037, 847, 39, 2.80%, 1, 150, 5, 471.73
1587694030, 0, 868, 1037, 846, 38, 2.80%, 1, 150, 5, 502.60
1587694046, 0, 868, 1037, 846, 38, 2.80%, 1, 151, 5, 75.52
1587694051, 0, 868, 1038, 847, 38, 2.80%, 1, 151, 5, 487.91
1587694056, 0, 868, 1039, 848, 38, 2.80%, 1, 151, 5, 456.77
1587694077, 0, 874, 1039, 847, 37, 2.80%, 1, 151, 5, 502.89
1587694088, 0, 874, 1039, 847, 37, 2.80%, 1, 152, 5, 68.24
1587694098, 0, 876, 1039, 846, 36, 2.80%, 1, 152, 5, 441.35
1587694118, 0, 883, 1039, 845, 35, 2.80%, 1, 152, 5, 485.36
1587694124, 0, 883, 1039, 845, 35, 2.80%, 1, 153, 5, 28.26
1587694129, 0, 883, 1040, 846, 35, 2.80%, 1, 153, 5, 431.22
1587694139, 0, 887, 1042, 847, 34, 2.80%, 1, 153, 5, 499.22
1587694149, 0, 887, 1042, 847, 34, 2.80%, 1, 154, 5, 243.78
1587694154, 0, 887, 1044, 849, 34, 2.80%, 1, 154, 5, 460.80
1587694165, 0, 891, 1044, 848, 34, 2.80%, 1, 155, 5, 61.85
1587694170, 0, 891, 1045, 849, 34, 2.80%, 1, 155, 5, 472.91
1587694175, 0, 897, 1045, 848, 33, 2.80%, 1, 155, 5, 490.08
1587694195, 0, 901, 1045, 847, 32, 2.80%, 1, 155, 5, 531.43
1587694206, 0, 901, 1047, 849, 32, 2.80%, 1, 156, 5, 566.92
1587694211, 0, 907, 1047, 848, 31, 2.80%, 1, 156, 5, 520.35
1587694236, 0, 907, 1049, 850, 31, 2.80%, 1, 156, 6, 507.96
1587694251, 0, 914, 1049, 849, 31, 2.80%, 1, 156, 6, 498.82
1587694262, 0, 914, 1051, 851, 31, 2.80%, 1, 157, 6, 226.41
1587694267, 0, 914, 1052, 852, 31, 2.80%, 1, 157, 6, 445.32
1587694277, 0, 919, 1052, 851, 33, 2.80%, 1, 157, 6, 526.69
1587694292, 0, 923, 1052, 850, 33, 2.80%, 1, 157, 6, 519.93
1587694307, 0, 923, 1052, 850, 33, 2.80%, 1, 158, 6, 380.28
1587694312, 0, 923, 1053, 851, 33, 2.80%, 1, 158, 6, 485.92
1587694317, 0, 938, 1054, 851, 32, 2.81%, 1, 158, 6, 531.50
1587694322, 0, 938, 1054, 851, 32, 2.81%, 1, 159, 6, 435.56
1587694327, 0, 945, 1054, 850, 33, 2.81%, 1, 159, 6, 520.91
1587694337, 0, 948, 1054, 849, 32, 2.81%, 1, 159, 6, 494.94
1587694399, 0, 949, 1054, 848, 31, 2.81%, 1, 159, 6, 487.63
1587694459, 0, 950, 1054, 847, 30, 2.81%, 1, 159, 6, 530.57
1587694474, 0, 950, 1055, 848, 30, 2.81%, 1, 159, 6, 539.36
1587694525, 0, 955, 1055, 847, 30, 2.81%, 1, 159, 6, 429.93
1587694597, 0, 955, 1056, 848, 30, 2.81%, 1, 159, 6, 511.12
1587694602, 0, 955, 1057, 849, 30, 2.81%, 1, 159, 6, 514.10
1587694612, 0, 955, 1059, 851, 30, 2.81%, 1, 159, 6, 530.22
1587694617, 0, 955, 1060, 852, 30, 2.81%, 1, 159, 6, 529.98
1587694623, 0, 955, 1061, 853, 30, 2.81%, 1, 159, 6, 523.57
1587694628, 0, 955, 1063, 855, 30, 2.81%, 1, 159, 6, 523.93
1587694643, 0, 955, 1064, 856, 30, 2.81%, 1, 159, 6, 516.00
1587694648, 0, 955, 1065, 857, 30, 2.81%, 1, 159, 6, 528.18
1587694659, 0, 956, 1066, 857, 30, 2.81%, 1, 159, 6, 510.21
1587694664, 0, 956, 1066, 857, 30, 2.81%, 1, 160, 6, 491.79
1587694771, 0, 957, 1066, 856, 29, 2.81%, 1, 160, 6, 516.47
1587694877, 0, 958, 1066, 855, 28, 2.81%, 1, 160, 6, 513.70
1587694949, 0, 958, 1068, 857, 28, 2.81%, 1, 160, 6, 502.20
1587694964, 0, 963, 1068, 856, 28, 2.81%, 1, 160, 6, 529.38
1587694980, 0, 963, 1069, 857, 28, 2.82%, 1, 160, 6, 559.37
1587694985, 0, 963, 1071, 859, 28, 2.82%, 1, 160, 6, 527.58
1587694990, 0, 963, 1073, 861, 28, 2.82%, 1, 161, 6, 490.19
1587695020, 0, 963, 1074, 862, 28, 2.82%, 1, 161, 6, 512.11
1587695035, 0, 963, 1075, 863, 28, 2.82%, 1, 161, 6, 493.60
1587695051, 0, 964, 1075, 862, 29, 2.82%, 1, 161, 6, 539.10
1587695066, 0, 964, 1076, 863, 29, 2.82%, 1, 161, 6, 561.64
1587695076, 0, 967, 1076, 862, 29, 2.82%, 1, 161, 6, 548.46
1587695096, 0, 967, 1077, 863, 29, 2.82%, 1, 161, 6, 513.73
1587695106, 0, 977, 1078, 863, 28, 2.82%, 1, 161, 6, 542.79
1587695112, 0, 977, 1079, 864, 28, 2.82%, 1, 161, 6, 536.48
1587695117, 0, 977, 1080, 865, 28, 2.82%, 1, 161, 6, 525.66
1587695122, 0, 977, 1081, 866, 28, 2.82%, 1, 161, 6, 530.26
1587695132, 0, 977, 1082, 867, 28, 2.82%, 1, 161, 6, 525.10
1587695137, 0, 977, 1083, 868, 28, 2.82%, 1, 161, 6, 539.01
1587695147, 0, 977, 1084, 869, 28, 2.82%, 1, 161, 6, 530.07
1587695152, 0, 977, 1085, 870, 28, 2.82%, 1, 161, 6, 512.34
1587695167, 0, 977, 1086, 871, 28, 2.82%, 1, 161, 6, 517.01
1587695172, 0, 978, 1086, 870, 28, 2.82%, 1, 162, 6, 350.00
1587695178, 0, 983, 1087, 870, 27, 2.82%, 1, 163, 6, 72.97
1587695199, 0, 983, 1088, 871, 27, 2.82%, 1, 163, 6, 489.37
1587695209, 0, 988, 1088, 870, 27, 2.82%, 1, 163, 6, 533.81
1587695296, 0, 989, 1088, 869, 26, 2.82%, 1, 163, 6, 443.92
1587695413, 0, 989, 1089, 870, 26, 2.82%, 1, 163, 6, 482.17
1587695418, 0, 990, 1089, 869, 25, 2.82%, 1, 163, 6, 524.59
1587695438, 0, 990, 1090, 870, 25, 2.82%, 1, 163, 6, 549.44
1587695474, 0, 990, 1091, 871, 25, 2.82%, 1, 163, 6, 529.25
1587695494, 0, 990, 1092, 872, 25, 2.82%, 1, 163, 6, 540.90
1587695499, 0, 990, 1093, 873, 25, 2.82%, 1, 163, 6, 542.62
1587695504, 0, 990, 1094, 874, 25, 2.82%, 1, 163, 6, 547.28
1587695510, 0, 990, 1095, 875, 25, 2.83%, 1, 163, 6, 538.75
1587695520, 0, 991, 1095, 874, 27, 2.83%, 1, 164, 6, 580.14
1587695530, 0, 991, 1097, 876, 27, 2.83%, 1, 164, 6, 520.96
1587695535, 0, 991, 1099, 878, 27, 2.83%, 1, 164, 6, 515.38
1587695550, 0, 991, 1099, 878, 27, 2.83%, 1, 165, 6, 513.00
1587695560, 0, 991, 1100, 879, 27, 2.83%, 1, 165, 6, 521.49
1587695566, 0, 991, 1101, 880, 27, 2.83%, 1, 165, 6, 504.95
1587695591, 0, 992, 1102, 880, 27, 2.83%, 1, 165, 6, 493.15
1587695596, 0, 992, 1103, 881, 27, 2.83%, 1, 165, 6, 481.47
1587695611, 0, 993, 1103, 880, 27, 2.83%, 1, 165, 6, 540.18
1587695622, 0, 993, 1104, 881, 27, 2.84%, 1, 165, 6, 536.92
1587695627, 0, 997, 1104, 880, 27, 2.84%, 2, 166, 6, 541.29
1587695637, 0, 997, 1105, 881, 27, 2.84%, 2, 166, 6, 558.46
1587695642, 0, 997, 1109, 885, 27, 2.84%, 2, 166, 6, 531.93
1587695657, 0, 997, 1110, 886, 27, 2.84%, 2, 166, 6, 512.87
1587695672, 0, 997, 1111, 887, 27, 2.84%, 2, 166, 6, 511.60
1587695687, 0, 997, 1111, 887, 27, 2.84%, 2, 167, 6, 557.58
1587695703, 0, 1007, 1111, 886, 27, 2.84%, 2, 167, 6, 523.31
1587695738, 0, 1016, 1111, 885, 26, 2.84%, 2, 167, 6, 536.80
1587695748, 0, 1026, 1111, 884, 25, 2.84%, 2, 167, 6, 534.37
1587695758, 0, 1026, 1112, 885, 25, 2.84%, 2, 167, 6, 505.62
1587695763, 0, 1041, 1112, 884, 24, 2.84%, 2, 167, 6, 509.17
1587695774, 0, 1041, 1112, 884, 24, 2.84%, 2, 168, 6, 40.43
1587695779, 0, 1041, 1114, 886, 24, 2.84%, 2, 168, 6, 472.52
1587695794, 0, 1049, 1114, 885, 23, 2.84%, 2, 168, 6, 497.84
1587695810, 0, 1049, 1115, 886, 23, 2.84%, 2, 168, 7, 529.76
1587695815, 0, 1050, 1115, 885, 22, 2.84%, 2, 168, 7, 542.60
1587695835, 0, 1051, 1116, 885, 21, 2.84%, 2, 168, 7, 546.86
1587695845, 0, 1051, 1116, 885, 21, 2.84%, 2, 169, 7, 420.27
1587695855, 0, 1051, 1118, 887, 21, 2.84%, 2, 169, 7, 535.58
1587695865, 0, 1051, 1119, 888, 21, 2.84%, 2, 169, 7, 523.81
1587695870, 0, 1051, 1121, 890, 21, 2.84%, 2, 169, 7, 517.95
1587695891, 0, 1051, 1123, 892, 21, 2.84%, 2, 169, 7, 520.50
1587695916, 0, 1053, 1123, 891, 21, 2.84%, 2, 169, 7, 516.24
1587695921, 0, 1053, 1123, 891, 21, 2.84%, 2, 171, 7, 20.24
1587695926, 0, 1053, 1124, 892, 21, 2.84%, 2, 171, 7, 464.53
1587695932, 0, 1054, 1125, 892, 20, 2.84%, 2, 172, 7, 544.79
1587695998, 0, 1059, 1125, 891, 19, 2.84%, 2, 172, 7, 531.29
1587696085, 0, 1059, 1125, 891, 19, 2.84%, 2, 173, 7, 371.64
1587696095, 0, 1068, 1125, 890, 18, 2.84%, 2, 173, 7, 534.79
1587696115, 0, 1068, 1127, 892, 18, 2.84%, 2, 173, 7, 525.93
1587696126, 0, 1068, 1128, 893, 18, 2.84%, 2, 174, 7, 33.73
1587696131, 0, 1068, 1129, 894, 18, 2.84%, 2, 174, 7, 491.83
1587696141, 0, 1068, 1130, 895, 18, 2.84%, 2, 174, 7, 506.39
1587696146, 0, 1068, 1131, 896, 18, 2.84%, 2, 174, 7, 496.14
1587696157, 0, 1068, 1132, 897, 18, 2.84%, 2, 174, 7, 484.83
1587696167, 0, 1068, 1133, 898, 18, 2.84%, 2, 174, 7, 482.49
1587696172, 0, 1068, 1133, 898, 18, 2.84%, 2, 175, 7, 550.57
1587696182, 0, 1069, 1134, 898, 17, 2.84%, 2, 175, 7, 518.97
1587696213, 0, 1075, 1134, 897, 17, 2.84%, 2, 175, 7, 524.14
1587696233, 0, 1075, 1135, 898, 17, 2.84%, 2, 175, 7, 502.03
1587696238, 0, 1075, 1136, 899, 17, 2.84%, 2, 175, 7, 491.19
1587696248, 0, 1079, 1136, 898, 16, 2.84%, 2, 175, 7, 515.85
1587696258, 0, 1086, 1136, 897, 15, 2.84%, 2, 175, 7, 531.42
1587696279, 0, 1086, 1137, 898, 15, 2.84%, 2, 175, 7, 524.35
1587696284, 0, 1090, 1137, 897, 14, 2.84%, 2, 175, 7, 502.80
1587696366, 0, 1090, 1138, 898, 14, 2.84%, 2, 175, 7, 511.94
1587696376, 0, 1090, 1139, 899, 14, 2.84%, 2, 175, 7, 501.23
1587696381, 0, 1090, 1140, 900, 14, 2.84%, 2, 175, 7, 502.77
1587696386, 0, 1091, 1140, 899, 13, 2.84%, 2, 175, 7, 508.66
1587696411, 0, 1091, 1141, 900, 13, 2.84%, 2, 175, 7, 499.24
1587696482, 0, 1092, 1141, 899, 13, 2.84%, 2, 175, 7, 522.17
1587696488, 0, 1092, 1142, 900, 13, 2.84%, 2, 175, 7, 529.82
1587696503, 0, 1092, 1142, 900, 13, 2.84%, 2, 176, 7, 360.22
1587696508, 0, 1092, 1143, 901, 13, 2.84%, 2, 176, 7, 510.85
1587696569, 0, 1092, 1146, 904, 13, 2.84%, 2, 176, 7, 505.95
1587696574, 0, 1092, 1147, 905, 13, 2.84%, 2, 176, 7, 538.67
1587696579, 0, 1092, 1149, 907, 13, 2.84%, 2, 176, 7, 493.98
1587696605, 0, 1092, 1150, 908, 13, 2.84%, 2, 176, 7, 497.61
1587696610, 0, 1092, 1151, 909, 13, 2.85%, 2, 176, 7, 521.33
1587696625, 0, 1092, 1152, 910, 13, 2.85%, 2, 176, 7, 497.95
1587696631, 0, 1094, 1152, 909, 13, 2.85%, 2, 176, 7, 523.70
1587696702, 0, 1099, 1152, 908, 12, 2.85%, 2, 176, 7, 551.84
1587696722, 0, 1099, 1154, 910, 12, 2.85%, 2, 176, 7, 515.00
1587696727, 0, 1099, 1155, 911, 12, 2.85%, 2, 176, 7, 523.72
1587696747, 0, 1101, 1155, 910, 12, 2.85%, 2, 176, 7, 522.63
1587696752, 0, 1101, 1156, 911, 12, 2.85%, 2, 176, 7, 556.29
1587696762, 0, 1102, 1156, 910, 12, 2.85%, 2, 176, 7, 527.03
1587696767, 0, 1102, 1157, 911, 12, 2.85%, 2, 176, 7, 557.46
1587696777, 0, 1102, 1158, 912, 12, 2.85%, 2, 176, 7, 538.88
1587696782, 0, 1103, 1160, 913, 13, 2.86%, 2, 176, 7, 552.08
1587696793, 0, 1103, 1161, 914, 13, 2.86%, 2, 176, 7, 510.17
1587696798, 0, 1104, 1162, 914, 13, 2.86%, 2, 176, 7, 468.20
1587696813, 0, 1104, 1163, 915, 13, 2.86%, 2, 176, 7, 544.13
1587696818, 0, 1115, 1163, 914, 12, 2.86%, 2, 176, 7, 544.74
1587696838, 0, 1133, 1163, 913, 11, 2.86%, 2, 176, 7, 537.83
1587696843, 0, 1133, 1164, 914, 11, 2.86%, 2, 176, 8, 549.86
1587696859, 0, 1133, 1165, 915, 11, 2.86%, 2, 177, 8, 481.82
1587696864, 0, 1133, 1166, 916, 11, 2.86%, 2, 177, 8, 507.92
1587696869, 0, 1133, 1169, 919, 11, 2.86%, 2, 177, 8, 517.00
1587696874, 0, 1133, 1170, 920, 11, 2.86%, 2, 177, 8, 515.19
1587696910, 0, 1133, 1172, 922, 11, 2.86%, 2, 177, 8, 510.16
1587696930, 0, 1140, 1172, 921, 11, 2.86%, 2, 177, 8, 511.61
1587696951, 0, 1140, 1172, 921, 11, 2.86%, 2, 178, 8, 496.62
1587697022, 0, 1150, 1173, 921, 10, 2.86%, 2, 178, 8, 525.13
1587697042, 0, 1150, 1174, 922, 10, 2.86%, 2, 178, 8, 540.41
1587697108, 0, 1150, 1175, 923, 10, 2.86%, 2, 178, 8, 512.01
1587697114, 0, 1153, 1176, 923, 9, 2.86%, 2, 179, 8, 562.52
1587697134, 0, 1155, 1176, 922, 8, 2.86%, 2, 179, 8, 535.78
1587697149, 0, 1156, 1176, 921, 7, 2.86%, 2, 179, 8, 557.55
1587697154, 0, 1156, 1177, 922, 7, 2.86%, 2, 179, 8, 571.57
1587697159, 0, 1156, 1179, 924, 7, 2.86%, 2, 179, 8, 578.26
1587697164, 0, 1156, 1180, 925, 7, 2.86%, 2, 179, 8, 535.46
1587697169, 0, 1158, 1180, 924, 7, 2.86%, 2, 179, 8, 552.25
1587697190, 0, 1159, 1180, 923, 6, 2.86%, 2, 180, 8, 512.44
1587697205, 0, 1163, 1180, 922, 5, 2.86%, 2, 180, 8, 525.33
1587697230, 0, 1163, 1181, 923, 5, 2.86%, 2, 180, 9, 510.15
1587697240, 0, 1167, 1181, 922, 4, 2.86%, 2, 180, 9, 510.32
1587697250, 0, 1167, 1182, 923, 4, 2.86%, 2, 180, 9, 544.39
1587697280, 0, 1176, 1182, 922, 4, 2.86%, 2, 180, 9, 513.53
1587697291, 0, 1176, 1184, 924, 4, 2.86%, 2, 180, 9, 546.16
1587697296, 1, 147, 1184, 923, 3, 2.86%, 2, 180, 9, 534.26
1587697326, 1, 147, 1186, 925, 3, 2.86%, 2, 180, 9, 493.29
1587697331, 1, 147, 1187, 926, 3, 2.86%, 2, 180, 9, 489.56
1587697336, 1, 282, 1187, 925, 3, 2.86%, 2, 180, 9, 519.08
1587697342, 1, 423, 1187, 924, 2, 2.86%, 2, 180, 9, 505.21
1587697347, 1, 638, 1189, 925, 2, 2.86%, 2, 180, 9, 483.48
1587697362, 1, 638, 1190, 926, 2, 2.86%, 2, 180, 9, 511.58
1587697367, 1, 638, 1192, 928, 2, 2.86%, 2, 180, 9, 502.66
1587697382, 1, 652, 1192, 927, 1, 2.86%, 2, 180, 9, 525.69
1587697392, 1, 652, 1193, 928, 1, 2.86%, 2, 180, 9, 510.73
1587697407, 1, 735, 1193, 927, 1, 2.86%, 2, 180, 9, 545.86
1587697438, 1, 735, 1195, 929, 1, 2.86%, 2, 180, 9, 491.37
1587697448, 1, 735, 1196, 930, 1, 2.86%, 2, 180, 9, 509.77
1587697458, 1, 735, 1199, 933, 1, 2.86%, 2, 180, 9, 472.88
1587697463, 1, 735, 1200, 934, 1, 2.86%, 2, 180, 9, 499.20
1587697473, 1, 735, 1201, 935, 1, 2.86%, 2, 180, 9, 494.73
1587697499, 1, 741, 1202, 935, 1, 2.86%, 2, 180, 9, 521.75
1587697519, 1, 741, 1203, 936, 1, 2.86%, 2, 180, 9, 529.95
1587697529, 1, 741, 1204, 937, 1, 2.86%, 2, 180, 9, 503.87
1587697534, 1, 801, 1204, 936, 1, 2.86%, 2, 180, 9, 528.91
1587697569, 1, 1074, 1204, 935, 1, 2.86%, 2, 180, 9, 528.50
1587697615, 1, 1074, 1205, 936, 1, 2.86%, 2, 180, 9, 508.74
1587697620, 1, 1074, 1206, 937, 1, 2.86%, 2, 180, 9, 501.17
1587697625, 1, 1074, 1208, 939, 1, 2.86%, 2, 180, 9, 481.62
1587697642, 1, 1074, 1208, 939, 1, 2.86%, 2, 181, 9, 68.82
1587697652, 1, 1074, 1208, 939, 1, 2.86%, 2, 182, 9, 525.79
1587697657, 1, 1074, 1209, 940, 1, 2.87%, 2, 182, 9, 499.42
1587697687, 1, 1193, 1209, 939, 2, 2.87%, 2, 183, 9, 545.42
1587697692, 1, 1193, 1210, 940, 2, 2.87%, 2, 183, 9, 519.69
1587697758, 1, 1193, 1213, 943, 2, 2.87%, 2, 183, 9, 519.68
1587697773, 1, 1193, 1215, 945, 2, 2.87%, 2, 183, 9, 523.11
1587697778, 1, 1193, 1216, 946, 2, 2.88%, 2, 183, 9, 514.66
1587697819, 1, 1208, 1216, 945, 3, 2.88%, 2, 183, 9, 512.11
1587697824, 1, 1208, 1224, 953, 3, 2.88%, 2, 183, 9, 481.34
1587697830, 1, 1208, 1225, 954, 3, 2.88%, 2, 183, 9, 479.34
1587697997, 1, 1208, 1225, 954, 3, 2.88%, 2, 184, 9, 471.60
1587698063, 1, 1208, 1226, 955, 3, 2.88%, 2, 184, 9, 453.24
1587698068, 1, 1208, 1229, 958, 3, 2.88%, 2, 184, 9, 497.46
1587698074, 1, 1208, 1232, 961, 3, 2.88%, 2, 184, 9, 489.95
1587698079, 1, 1208, 1234, 963, 3, 2.88%, 2, 184, 9, 495.70
1587698084, 1, 1208, 1235, 964, 3, 2.88%, 2, 184, 9, 497.79
1587698094, 1, 1208, 1237, 966, 3, 2.88%, 2, 184, 9, 495.91
1587698114, 1, 1208, 1238, 967, 3, 2.89%, 2, 184, 9, 498.26
1587698125, 1, 1208, 1239, 968, 3, 2.89%, 2, 184, 9, 485.77
1587698130, 1, 1209, 1239, 967, 6, 2.89%, 2, 184, 9, 502.34
1587698135, 1, 1209, 1239, 967, 6, 2.89%, 2, 185, 9, 568.73
1587698211, 1, 1215, 1239, 966, 5, 2.89%, 2, 185, 9, 491.51
1587698221, 1, 1215, 1239, 966, 5, 2.89%, 2, 186, 9, 530.38
1587698307, 1, 1215, 1240, 967, 5, 2.89%, 2, 186, 9, 521.86
1587698409, 1, 1218, 1240, 966, 5, 2.89%, 2, 186, 9, 483.09
1587698663, 1, 1218, 1241, 967, 5, 2.89%, 2, 186, 9, 467.11
1587698678, 1, 1218, 1242, 968, 5, 2.89%, 2, 186, 9, 498.45
1587698689, 1, 1218, 1243, 969, 5, 2.89%, 2, 186, 9, 509.00
1587698694, 1, 1218, 1243, 969, 5, 2.89%, 2, 187, 9, 489.14
1587698699, 1, 1224, 1246, 971, 4, 2.89%, 2, 187, 9, 475.92
1587698947, 1, 1224, 1247, 972, 4, 2.89%, 2, 187, 9, 510.57
1587698952, 1, 1224, 1248, 973, 4, 2.89%, 2, 188, 9, 508.37
1587698977, 1, 1224, 1249, 974, 4, 2.89%, 2, 188, 9, 508.06
1587698983, 1, 1226, 1250, 974, 4, 2.89%, 2, 189, 9, 493.08
1587698988, 1, 1226, 1251, 975, 4, 2.89%, 2, 189, 9, 464.42
1587699317, 1, 1226, 1251, 975, 4, 2.89%, 2, 190, 9, 503.83
1587699323, 1, 1226, 1252, 976, 4, 2.89%, 2, 190, 9, 491.65
1587699333, 1, 1226, 1253, 977, 4, 2.89%, 2, 190, 9, 476.91
1587699358, 1, 1226, 1254, 978, 4, 2.89%, 2, 190, 9, 480.29
1587699363, 1, 1237, 1254, 977, 4, 2.89%, 2, 190, 9, 443.57
1587699439, 1, 1237, 1255, 978, 4, 2.89%, 2, 190, 9, 404.27
1587699709, 1, 1237, 1255, 978, 4, 2.89%, 2, 191, 9, 36.80
1587699852, 1, 1239, 1256, 978, 3, 2.89%, 2, 191, 9, 465.53
1587699857, 1, 1239, 1257, 979, 3, 2.89%, 2, 191, 9, 495.70
1587700050, 1, 1247, 1257, 978, 4, 2.89%, 2, 191, 9, 496.73
1587700055, 1, 1247, 1261, 982, 4, 2.90%, 2, 191, 10, 491.26
1587700280, 1, 1250, 1261, 981, 4, 2.90%, 2, 191, 10, 488.42
1587700361, 1, 1250, 1261, 981, 4, 2.90%, 2, 192, 10, 469.77
1587700594, 1, 1250, 1262, 982, 4, 2.90%, 2, 192, 10, 469.06
1587700600, 1, 1250, 1263, 983, 4, 2.90%, 2, 192, 10, 480.87
1587700605, 1, 1250, 1264, 984, 4, 2.90%, 2, 192, 10, 499.62
1587700620, 1, 1250, 1265, 985, 4, 2.90%, 2, 192, 10, 484.70
1587700645, 1, 1255, 1265, 984, 3, 2.90%, 2, 192, 10, 490.96
1587700843, 1, 1255, 1266, 985, 3, 2.90%, 2, 192, 10, 415.79
1587700868, 1, 1255, 1267, 986, 3, 2.90%, 2, 192, 10, 419.32
1587700878, 1, 1255, 1268, 987, 3, 2.90%, 2, 192, 10, 470.04
1587700889, 1, 1255, 1269, 988, 3, 2.90%, 2, 192, 10, 448.86
1587700904, 1, 1256, 1269, 987, 2, 2.90%, 2, 192, 10, 466.24
1587701051, 1, 1258, 1269, 986, 1, 2.90%, 2, 192, 10, 441.04
1587701056, 1, 1258, 1270, 987, 1, 2.90%, 2, 192, 11, 376.00
1587701305, 1, 1258, 1270, 987, 1, 2.90%, 2, 193, 11, 480.80
1587701310, 1, 1260, 1270, 986, 0, 2.90%, 2, 193, 11, 463.06
1587701549, 1, 1260, 1271, 987, 0, 2.90%, 2, 193, 11, 449.19
1587701559, 1, 1260, 1272, 988, 0, 2.90%, 2, 193, 11, 460.12
1587701604, 1, 1263, 1272, 987, 0, 2.90%, 2, 193, 11, 410.52
1587701615, 1, 1263, 1274, 989, 0, 2.90%, 2, 193, 11, 399.60
1587702035, 1, 1263, 1275, 990, 0, 2.90%, 2, 193, 11, 417.78
1587702040, 1, 1263, 1279, 994, 0, 2.90%, 2, 193, 11, 379.27
1587702046, 1, 1263, 1280, 995, 0, 2.90%, 2, 193, 11, 418.64
1587702051, 1, 1263, 1281, 996, 0, 2.90%, 2, 193, 11, 384.93
1587702056, 1, 1263, 1282, 997, 0, 2.90%, 2, 193, 11, 418.85
1587702066, 1, 1263, 1283, 998, 0, 2.90%, 2, 193, 11, 359.76
1587702076, 1, 1263, 1284, 999, 0, 2.90%, 2, 193, 11, 413.56
1587702097, 1, 1264, 1284, 998, 0, 2.90%, 2, 193, 11, 299.27
1587702107, 1, 1264, 1285, 999, 0, 2.90%, 2, 193, 11, 319.59
1587702616, 1, 1264, 1287, 1001, 0, 2.90%, 2, 193, 11, 464.23
1587702621, 1, 1264, 1288, 1002, 0, 2.90%, 2, 193, 11, 471.80
1587702627, 1, 1264, 1289, 1003, 0, 2.90%, 2, 193, 11, 472.34
1587702632, 1, 1264, 1290, 1004, 0, 2.90%, 2, 193, 11, 463.98
1587702657, 1, 1267, 1290, 1003, 0, 2.90%, 2, 193, 11, 451.68
1587702678, 1, 1267, 1291, 1004, 0, 2.90%, 2, 193, 11, 483.09
1587702861, 1, 1267, 1293, 1006, 0, 2.90%, 2, 193, 11, 494.22
1587702896, 1, 1267, 1294, 1007, 0, 2.90%, 2, 193, 11, 492.56
1587702901, 1, 1270, 1294, 1006, 0, 2.90%, 2, 193, 11, 474.38
1587703150, 1, 1270, 1296, 1008, 0, 2.91%, 2, 193, 12, 495.00
1587703155, 1, 1270, 1299, 1011, 0, 2.91%, 2, 193, 12, 431.72
1587703160, 1, 1270, 1303, 1015, 0, 2.91%, 2, 193, 12, 472.75
1587703170, 1, 1270, 1307, 1019, 0, 2.91%, 2, 193, 12, 503.26
1587703180, 1, 1270, 1308, 1020, 0, 2.91%, 2, 193, 12, 493.36
1587703190, 1, 1270, 1309, 1021, 0, 2.91%, 2, 193, 12, 480.42
1587703201, 1, 1294, 1310, 1021, 5, 2.91%, 2, 193, 12, 468.44
1587703211, 1, 1294, 1312, 1023, 5, 2.91%, 2, 193, 13, 440.32
1587703261, 1, 1294, 1313, 1024, 5, 2.91%, 2, 193, 13, 427.83
1587703478, 1, 1294, 1314, 1025, 5, 2.91%, 2, 193, 13, 458.63
1587703484, 1, 1294, 1315, 1026, 5, 2.91%, 2, 193, 13, 490.17
1587703499, 1, 1294, 1316, 1027, 5, 2.91%, 2, 193, 13, 463.10
1587703509, 1, 1294, 1317, 1028, 5, 2.92%, 2, 193, 13, 473.33
1587703529, 1, 1295, 1317, 1027, 6, 2.92%, 2, 193, 13, 479.57
1587703625, 1, 1295, 1318, 1028, 6, 2.92%, 2, 193, 13, 480.54
1587703890, 1, 1295, 1320, 1030, 6, 2.92%, 2, 193, 13, 454.60
1587703895, 1, 1295, 1326, 1036, 6, 2.92%, 2, 193, 13, 481.55
1587703910, 1, 1295, 1327, 1037, 6, 2.92%, 2, 193, 13, 484.63
1587703925, 1, 1304, 1327, 1036, 7, 2.92%, 2, 193, 13, 481.11
1587704145, 1, 1304, 1328, 1037, 7, 2.92%, 2, 193, 13, 477.12
1587704165, 1, 1304, 1329, 1038, 7, 2.92%, 2, 193, 13, 454.06
1587704175, 1, 1304, 1330, 1039, 7, 2.92%, 2, 193, 13, 479.04
1587704195, 1, 1314, 1330, 1038, 6, 2.92%, 2, 193, 13, 449.82
1587704200, 1, 1314, 1331, 1039, 6, 2.92%, 2, 193, 14, 437.06
1587704205, 1, 1314, 1332, 1040, 6, 2.92%, 2, 193, 14, 429.48
1587704464, 1, 1314, 1333, 1041, 6, 2.92%, 2, 193, 14, 415.94
1587704541, 1, 1314, 1335, 1043, 6, 2.92%, 2, 194, 14, 456.03
1587704551, 1, 1314, 1337, 1045, 6, 2.92%, 2, 194, 14, 483.38
1587704556, 1, 1314, 1338, 1046, 6, 2.92%, 2, 194, 14, 466.31
1587704561, 1, 1314, 1339, 1047, 6, 2.92%, 2, 194, 14, 466.06
1587704566, 1, 1314, 1340, 1048, 6, 2.92%, 2, 194, 14, 490.78
1587704571, 1, 1314, 1341, 1049, 6, 2.92%, 2, 194, 14, 482.34
1587704581, 1, 1314, 1342, 1050, 6, 2.92%, 2, 194, 14, 466.50
1587704591, 1, 1315, 1342, 1049, 6, 2.92%, 2, 194, 14, 455.34
1587704920, 1, 1315, 1345, 1052, 6, 2.92%, 2, 194, 14, 480.32
1587704925, 1, 1315, 1346, 1053, 6, 2.93%, 2, 194, 14, 497.64
1587704950, 1, 1315, 1347, 1054, 6, 2.93%, 2, 194, 14, 495.83
1587704955, 1, 1316, 1347, 1053, 6, 2.93%, 2, 194, 14, 470.50
1587705244, 1, 1316, 1348, 1054, 6, 2.93%, 2, 194, 14, 406.65
1587705264, 1, 1322, 1348, 1053, 6, 2.93%, 2, 194, 14, 450.94
1587705743, 1, 1327, 1348, 1052, 5, 2.93%, 2, 194, 14, 447.97
1587705794, 1, 1327, 1349, 1053, 5, 2.93%, 2, 194, 14, 461.86
1587705982, 1, 1327, 1350, 1054, 5, 2.93%, 2, 194, 14, 424.14
1587706012, 1, 1327, 1353, 1057, 5, 2.93%, 2, 194, 14, 483.73
1587706033, 1, 1327, 1355, 1059, 5, 2.93%, 2, 194, 14, 481.02
1587706053, 1, 1327, 1355, 1059, 5, 2.93%, 2, 195, 14, 466.85
1587706058, 1, 1327, 1356, 1060, 5, 2.93%, 2, 195, 14, 476.73
1587706063, 1, 1331, 1356, 1059, 8, 2.93%, 2, 195, 14, 449.01
1587706409, 1, 1331, 1357, 1060, 8, 2.93%, 2, 195, 15, 471.35
1587706419, 1, 1331, 1358, 1061, 8, 2.94%, 2, 195, 15, 472.50
1587706440, 1, 1331, 1359, 1062, 8, 2.94%, 2, 195, 15, 488.05
1587706450, 1, 1331, 1360, 1063, 8, 2.94%, 2, 195, 15, 491.92
1587706455, 1, 1331, 1361, 1064, 8, 2.94%, 2, 195, 15, 493.99
1587706465, 1, 1331, 1362, 1065, 8, 2.94%, 2, 195, 15, 455.33
1587706475, 1, 1335, 1362, 1064, 8, 2.94%, 2, 195, 15, 461.85
1587706480, 1, 1335, 1363, 1065, 8, 2.94%, 2, 195, 15, 439.87
1587706522, 1, 1335, 1364, 1066, 8, 2.94%, 2, 195, 15, 433.05
1587706537, 1, 1335, 1366, 1068, 8, 2.94%, 2, 195, 15, 442.54
1587706822, 1, 1335, 1370, 1072, 8, 2.94%, 2, 195, 15, 456.93
1587706832, 1, 1335, 1371, 1073, 8, 2.94%, 2, 195, 15, 478.95
1587706837, 1, 1335, 1373, 1075, 8, 2.94%, 2, 195, 15, 476.63
1587706862, 1, 1335, 1374, 1076, 8, 2.94%, 2, 195, 15, 472.99
1587706873, 1, 1335, 1374, 1076, 8, 2.94%, 2, 196, 15, 452.33
1587706888, 1, 1345, 1375, 1076, 11, 2.94%, 2, 196, 15, 472.04
1587707228, 1, 1345, 1376, 1077, 11, 2.94%, 2, 196, 15, 485.67
1587707233, 1, 1345, 1377, 1078, 11, 2.94%, 2, 196, 15, 498.00
1587707253, 1, 1345, 1378, 1079, 11, 2.94%, 2, 196, 15, 491.54
1587707289, 1, 1347, 1379, 1079, 10, 2.94%, 2, 196, 15, 464.73
1587707315, 1, 1347, 1379, 1079, 10, 2.94%, 2, 197, 15, 69.84
1587707698, 1, 1348, 1379, 1078, 9, 2.94%, 2, 197, 15, 472.27
1587707758, 1, 1348, 1380, 1079, 9, 2.94%, 2, 197, 15, 459.28
1587707956, 1, 1348, 1384, 1083, 9, 2.94%, 2, 197, 15, 449.99
1587707961, 1, 1348, 1385, 1084, 9, 2.94%, 2, 197, 15, 467.33
1587707966, 1, 1348, 1386, 1085, 9, 2.94%, 2, 198, 15, 502.49
1587707987, 1, 1348, 1387, 1086, 9, 2.94%, 2, 198, 15, 480.42
1587708007, 1, 1348, 1388, 1087, 9, 2.94%, 2, 198, 15, 445.94
1587708027, 1, 1349, 1388, 1086, 9, 2.94%, 2, 198, 15, 371.65
1587708357, 1, 1350, 1388, 1085, 8, 2.94%, 2, 198, 15, 405.73
1587708631, 1, 1350, 1389, 1086, 8, 2.94%, 2, 198, 15, 444.80
1587708636, 1, 1350, 1390, 1087, 8, 2.94%, 2, 198, 15, 437.02
1587708641, 1, 1350, 1391, 1088, 8, 2.94%, 2, 198, 15, 427.18
1587708692, 1, 1350, 1392, 1089, 8, 2.94%, 2, 198, 15, 474.71
1587708702, 1, 1351, 1392, 1088, 7, 2.94%, 2, 198, 15, 436.42
1587709072, 1, 1357, 1392, 1087, 6, 2.94%, 2, 198, 15, 431.96
1587709083, 1, 1357, 1394, 1089, 6, 2.94%, 2, 198, 16, 421.69
1587709108, 1, 1357, 1394, 1089, 6, 2.94%, 2, 199, 16, 462.90
1587709572, 1, 1357, 1395, 1090, 6, 2.95%, 2, 199, 16, 420.33
1587709577, 1, 1357, 1397, 1092, 6, 2.95%, 2, 199, 16, 80.22
1587709583, 1, 1357, 1399, 1094, 6, 2.95%, 2, 199, 16, 385.04
1587709588, 1, 1357, 1401, 1096, 6, 2.95%, 2, 199, 16, 457.76
1587709608, 1, 1357, 1402, 1097, 6, 2.95%, 2, 199, 16, 470.63
1587709623, 1, 1357, 1403, 1098, 6, 2.95%, 2, 199, 16, 462.65
1587709634, 1, 1357, 1405, 1100, 6, 2.95%, 2, 199, 16, 63.87
1587709644, 1, 1363, 1405, 1099, 9, 2.95%, 2, 199, 16, 463.68
1587709995, 1, 1363, 1406, 1100, 9, 2.95%, 2, 199, 16, 479.62
1587710005, 1, 1363, 1407, 1101, 9, 2.95%, 2, 199, 16, 284.87
1587710011, 1, 1363, 1408, 1102, 9, 2.95%, 2, 199, 16, 374.33
1587710021, 1, 1363, 1409, 1103, 9, 2.95%, 2, 199, 16, 482.88
1587710041, 1, 1364, 1409, 1102, 8, 2.95%, 2, 199, 16, 432.06
1587710128, 1, 1364, 1409, 1102, 8, 2.95%, 2, 200, 16, 416.93
1587710311, 1, 1364, 1410, 1103, 8, 2.95%, 2, 200, 16, 442.03
1587710397, 1, 1365, 1410, 1102, 7, 2.95%, 2, 200, 16, 464.58
1587710469, 1, 1365, 1411, 1103, 7, 2.95%, 2, 200, 16, 419.96
1587710484, 1, 1365, 1411, 1103, 7, 2.95%, 2, 201, 16, 462.57
1587710769, 1, 1372, 1411, 1102, 7, 2.95%, 2, 201, 16, 465.56
1587710958, 1, 1372, 1412, 1103, 7, 2.95%, 2, 201, 16, 463.41
1587710988, 1, 1386, 1412, 1102, 6, 2.95%, 2, 201, 16, 461.62
1587711242, 1, 1386, 1414, 1104, 6, 2.95%, 2, 201, 16, 483.04
1587711247, 1, 1386, 1415, 1105, 6, 2.95%, 2, 201, 16, 492.61
1587711252, 1, 1386, 1417, 1107, 6, 2.95%, 2, 201, 16, 486.04
1587711273, 1, 1386, 1418, 1108, 6, 2.95%, 2, 201, 16, 472.16
1587711308, 1, 1392, 1418, 1107, 7, 2.95%, 2, 201, 16, 303.77
1587711344, 1, 1392, 1418, 1107, 7, 2.95%, 2, 202, 16, 408.77
1587711796, 1, 1394, 1418, 1106, 6, 2.95%, 2, 202, 16, 416.87
1587711847, 1, 1394, 1418, 1106, 6, 2.95%, 2, 203, 16, 444.25
1587712441, 1, 1397, 1418, 1105, 5, 2.95%, 2, 203, 16, 426.97
1587712482, 1, 1397, 1418, 1105, 5, 2.95%, 2, 204, 16, 32.23
1587712858, 1, 1397, 1419, 1106, 5, 2.95%, 2, 204, 17, 383.30
1587713045, 1, 1397, 1421, 1108, 5, 2.95%, 2, 204, 17, 439.73
1587713050, 1, 1397, 1422, 1109, 5, 2.95%, 2, 204, 17, 459.42
1587713055, 1, 1397, 1423, 1110, 5, 2.95%, 2, 204, 17, 19.03
1587713060, 1, 1397, 1426, 1113, 5, 2.95%, 2, 204, 17, 475.84
1587713065, 1, 1397, 1427, 1114, 5, 2.95%, 2, 204, 17, 477.18
1587713070, 1, 1397, 1428, 1115, 5, 2.95%, 2, 204, 17, 271.42
1587713075, 1, 1397, 1429, 1116, 5, 2.95%, 2, 205, 17, 474.22
1587713081, 1, 1397, 1430, 1117, 5, 2.95%, 2, 205, 17, 459.96
1587713086, 1, 1397, 1431, 1118, 5, 2.95%, 2, 205, 17, 471.37
1587713096, 1, 1402, 1432, 1118, 5, 2.95%, 2, 205, 17, 287.46
1587713111, 1, 1402, 1433, 1119, 5, 2.96%, 2, 205, 17, 402.62
1587713142, 1, 1402, 1433, 1119, 5, 2.96%, 2, 206, 17, 419.69
1587713776, 1, 1402, 1434, 1120, 5, 2.96%, 2, 206, 17, 428.59
1587713807, 1, 1410, 1434, 1119, 5, 2.96%, 2, 206, 17, 427.19
1587714116, 1, 1414, 1434, 1118, 4, 2.96%, 2, 206, 17, 440.95
1587714385, 1, 1415, 1434, 1117, 3, 2.96%, 2, 206, 17, 452.14
1587714719, 1, 1415, 1435, 1118, 3, 2.96%, 2, 206, 17, 457.24
1587714724, 1, 1415, 1436, 1119, 3, 2.96%, 2, 206, 17, 481.43
1587714765, 1, 1415, 1437, 1120, 3, 2.96%, 2, 206, 17, 466.22
1587714776, 1, 1415, 1438, 1121, 3, 2.96%, 2, 206, 17, 459.49
1587714791, 1, 1418, 1438, 1120, 3, 2.96%, 2, 206, 17, 455.37
1587714836, 1, 1418, 1438, 1120, 3, 2.96%, 2, 207, 17, 434.75
1587715406, 1, 1418, 1439, 1121, 3, 2.96%, 2, 207, 18, 465.56
1587715411, 1, 1418, 1440, 1122, 3, 2.96%, 2, 207, 18, 106.03
1587715421, 1, 1418, 1441, 1123, 3, 2.96%, 2, 207, 18, 449.00
1587715431, 1, 1418, 1442, 1124, 3, 2.96%, 2, 207, 18, 461.64
1587715467, 1, 1432, 1442, 1123, 2, 2.96%, 2, 207, 18, 403.17
1587715964, 1, 1432, 1443, 1124, 2, 2.96%, 2, 207, 18, 367.18
1587716127, 1, 1432, 1444, 1125, 2, 2.96%, 2, 207, 18, 441.05
1587716137, 1, 1432, 1445, 1126, 2, 2.96%, 2, 207, 18, 416.21
1587716147, 1, 1432, 1445, 1126, 2, 2.96%, 2, 208, 18, 452.79
1587716152, 1, 1432, 1446, 1127, 2, 2.96%, 2, 208, 18, 445.92
1587716167, 1, 1434, 1446, 1126, 2, 2.96%, 2, 208, 18, 435.78
1587716411, 1, 1434, 1447, 1127, 2, 2.96%, 2, 208, 18, 445.78
1587716482, 1, 1434, 1448, 1128, 2, 2.96%, 2, 208, 18, 477.17
1587716492, 1, 1434, 1449, 1129, 2, 2.96%, 2, 208, 18, 476.48
1587716497, 1, 1434, 1450, 1130, 2, 2.96%, 2, 208, 18, 473.24
1587716548, 1, 1442, 1450, 1129, 2, 2.96%, 2, 208, 18, 314.75
1587716599, 1, 1442, 1450, 1129, 2, 2.96%, 2, 209, 18, 438.59
1587717204, 1, 1442, 1451, 1130, 2, 2.96%, 2, 209, 19, 461.73
1587717209, 1, 1442, 1452, 1131, 2, 2.96%, 2, 209, 19, 449.39
1587717214, 1, 1442, 1454, 1133, 2, 2.96%, 2, 209, 19, 458.46
1587717240, 1, 1447, 1454, 1132, 1, 2.96%, 2, 209, 19, 439.85
1587717255, 1, 1447, 1455, 1133, 1, 2.97%, 2, 209, 19, 439.40
1587717678, 1, 1447, 1456, 1134, 1, 2.97%, 2, 209, 19, 471.50
1587717684, 1, 1447, 1457, 1135, 1, 2.97%, 2, 209, 19, 480.62
1587717699, 1, 1447, 1458, 1136, 1, 2.97%, 2, 209, 19, 476.58
1587717709, 1, 1447, 1459, 1137, 1, 2.97%, 2, 209, 19, 474.56
1587717714, 1, 1447, 1460, 1138, 1, 2.97%, 2, 209, 19, 469.29
1587717720, 1, 1447, 1462, 1140, 1, 2.97%, 2, 209, 19, 472.45
1587717725, 1, 1454, 1462, 1139, 1, 2.97%, 2, 209, 19, 421.38
1587717735, 1, 1454, 1462, 1139, 1, 2.97%, 2, 210, 19, 60.93
1587718163, 1, 1454, 1463, 1140, 1, 2.97%, 2, 210, 20, 462.29
1587718173, 1, 1454, 1463, 1140, 1, 2.97%, 2, 211, 20, 481.23
1587718183, 1, 1454, 1464, 1141, 1, 2.97%, 2, 211, 20, 475.73
1587718214, 1, 1463, 1464, 1140, 1, 2.97%, 2, 211, 20, 445.37
1587718224, 1, 1463, 1465, 1141, 1, 2.97%, 2, 212, 21, 443.04
1587718321, 1, 1463, 1466, 1142, 1, 2.97%, 2, 212, 21, 425.81
1587718621, 1, 1463, 1467, 1143, 1, 2.97%, 2, 212, 21, 470.89
1587718626, 1, 1463, 1468, 1144, 1, 2.97%, 2, 212, 21, 452.76
1587718637, 1, 1463, 1470, 1146, 1, 2.97%, 2, 212, 21, 467.98
1587718642, 1, 1463, 1471, 1147, 1, 2.97%, 2, 212, 21, 22.57
1587718657, 1, 1463, 1472, 1148, 1, 2.97%, 2, 212, 21, 465.62
1587718667, 1, 1463, 1472, 1148, 1, 2.97%, 2, 213, 21, 481.95
1587718693, 1, 1465, 1472, 1147, 2, 2.97%, 2, 213, 21, 462.41
1587718703, 1, 1465, 1473, 1148, 2, 2.97%, 2, 214, 22, 448.27
1587719121, 1, 1467, 1473, 1147, 1, 2.97%, 2, 214, 22, 445.79
1587719131, 1, 1467, 1473, 1147, 1, 2.97%, 2, 215, 22, 415.00
1587719545, 2, 2, 1473, 1146, 0, 2.97%, 2, 216, 22, 471.18
1587719555, 2, 2, 1474, 1147, 0, 2.97%, 2, 216, 22, 527.62
1587719561, 2, 2, 1480, 1153, 0, 2.97%, 2, 216, 22, 125.62
1587719566, 2, 2, 1484, 1157, 0, 2.97%, 2, 216, 22, 401.95
1587719576, 2, 2, 1486, 1159, 0, 2.97%, 2, 216, 22, 473.93
1587719581, 2, 2, 1487, 1160, 0, 2.97%, 2, 216, 22, 481.11
1587719591, 2, 2, 1488, 1161, 0, 2.97%, 2, 216, 22, 476.09
1587719601, 2, 2, 1489, 1162, 0, 2.97%, 2, 216, 22, 481.61
1587719607, 2, 2, 1491, 1164, 0, 2.97%, 2, 216, 22, 488.81
1587719627, 2, 227, 1492, 1164, 1, 2.97%, 2, 216, 22, 498.68
1587719632, 2, 262, 1492, 1163, 1, 2.97%, 2, 216, 22, 520.99
1587719652, 2, 271, 1492, 1162, 1, 2.97%, 2, 216, 22, 523.39
1587719657, 2, 271, 1493, 1163, 1, 2.97%, 2, 216, 22, 501.31
1587719662, 2, 457, 1493, 1162, 1, 2.97%, 2, 216, 22, 505.98
1587719703, 2, 556, 1493, 1161, 1, 2.97%, 2, 216, 22, 503.22
1587719734, 2, 842, 1493, 1160, 1, 2.97%, 2, 217, 22, 513.61
1587719739, 2, 917, 1493, 1160, 1, 2.97%, 2, 217, 22, 529.73
1587719754, 2, 979, 1493, 1159, 1, 2.97%, 2, 217, 22, 486.67
1587719764, 2, 979, 1494, 1160, 1, 2.97%, 2, 217, 22, 476.39
1587719769, 2, 979, 1495, 1161, 1, 2.97%, 2, 217, 22, 469.05
1587719779, 2, 979, 1496, 1162, 1, 2.97%, 2, 217, 22, 451.41
1587719790, 2, 979, 1497, 1163, 1, 2.97%, 2, 217, 22, 451.19
1587719795, 2, 979, 1498, 1164, 1, 2.97%, 2, 217, 22, 467.06
1587719800, 2, 979, 1499, 1165, 1, 2.97%, 2, 217, 22, 460.10
1587719815, 2, 979, 1500, 1166, 1, 2.97%, 2, 217, 22, 417.64
1587719835, 2, 1165, 1500, 1165, 1, 2.97%, 2, 217, 22, 506.47
1587719881, 2, 1360, 1501, 1165, 2, 2.97%, 2, 217, 22, 468.13
1587720374, 2, 1360, 1504, 1168, 2, 2.97%, 2, 217, 22, 428.42
1587720379, 2, 1360, 1508, 1172, 2, 2.97%, 2, 217, 22, 452.15
1587720384, 2, 1360, 1511, 1175, 2, 2.97%, 2, 217, 22, 381.79
1587720389, 2, 1360, 1513, 1177, 2, 2.97%, 2, 217, 22, 429.76
1587720394, 2, 1360, 1515, 1179, 2, 2.97%, 2, 217, 22, 447.39
1587720399, 2, 1360, 1516, 1180, 2, 2.97%, 2, 217, 22, 411.86
1587720404, 2, 1360, 1520, 1184, 2, 2.97%, 2, 217, 22, 435.98
1587720409, 2, 1360, 1522, 1186, 2, 2.98%, 2, 217, 22, 428.95
1587720424, 2, 1487, 1522, 1185, 3, 2.98%, 2, 217, 22, 348.88
1587720445, 2, 1487, 1523, 1186, 3, 2.98%, 2, 217, 22, 101.78
1587734104, 2, 1487, 1524, 1187, 3, 2.98%, 2, 217, 22, 101.01
1587735527, 2, 1487, 1525, 1188, 3, 2.98%, 2, 217, 22, 100.15
1587735568, 2, 1487, 1526, 1189, 3, 2.98%, 2, 217, 22, 153.51
1587741651, 2, 1500, 1526, 1188, 3, 2.98%, 2, 217, 22, 300.16
1587743361, 2, 1500, 1530, 1192, 3, 2.98%, 2, 217, 22, 364.27
1587743376, 2, 1500, 1531, 1193, 3, 2.98%, 2, 217, 22, 413.02
1587743387, 2, 1500, 1532, 1194, 3, 2.98%, 2, 217, 22, 406.96
1587743392, 2, 1500, 1534, 1196, 3, 2.98%, 2, 217, 22, 399.94
1587743407, 2, 1500, 1535, 1197, 3, 2.98%, 2, 217, 22, 390.77
1587743417, 2, 1500, 1536, 1198, 3, 2.98%, 2, 217, 22, 383.24
1587743428, 2, 1520, 1537, 1198, 3, 2.98%, 2, 217, 22, 358.08
1587743469, 2, 1520, 1538, 1199, 3, 2.98%, 2, 217, 22, 280.50
1587743474, 2, 1520, 1539, 1200, 3, 2.98%, 2, 217, 22, 293.05
1587743555, 2, 1520, 1539, 1200, 3, 2.98%, 2, 218, 22, 293.53
1587744850, 2, 1520, 1540, 1201, 3, 2.98%, 2, 218, 22, 294.64
1587745209, 2, 1520, 1543, 1204, 3, 2.98%, 2, 218, 22, 337.00
1587745214, 2, 1520, 1546, 1207, 3, 2.99%, 2, 218, 22, 335.43
1587745219, 2, 1520, 1549, 1210, 3, 2.99%, 2, 218, 22, 378.92
1587745224, 2, 1520, 1554, 1215, 3, 2.99%, 2, 218, 22, 395.32
1587745229, 2, 1520, 1557, 1218, 3, 2.99%, 2, 218, 22, 395.22
1587745235, 2, 1520, 1559, 1220, 3, 2.99%, 2, 218, 22, 388.03
1587745240, 2, 1520, 1562, 1223, 3, 2.99%, 2, 218, 22, 387.96
1587745245, 2, 1520, 1563, 1224, 3, 2.99%, 2, 218, 22, 381.19
1587745255, 2, 1525, 1563, 1223, 6, 2.99%, 2, 218, 22, 282.99
1587745280, 2, 1525, 1564, 1224, 6, 2.99%, 2, 218, 22, 134.36
1587745848, 2, 1525, 1565, 1225, 6, 2.99%, 2, 218, 22, 121.62
1587746563, 2, 1525, 1566, 1226, 6, 2.99%, 2, 218, 22, 137.30
1587746568, 2, 1525, 1567, 1227, 6, 2.99%, 2, 218, 22, 139.37
1587751599, 2, 1525, 1568, 1228, 6, 2.99%, 2, 218, 22, 92.99
1587756825, 2, 1525, 1569, 1229, 6, 2.99%, 2, 218, 22, 135.71
1587767264, 2, 1530, 1569, 1228, 5, 2.99%, 2, 218, 22, 171.74
1587768944, 2, 1530, 1573, 1232, 5, 2.99%, 2, 218, 22, 349.91
1587768949, 2, 1530, 1576, 1235, 5, 2.99%, 2, 218, 22, 381.32
1587768954, 2, 1530, 1578, 1237, 5, 2.99%, 2, 218, 22, 394.68
1587768959, 2, 1530, 1580, 1239, 5, 2.99%, 2, 218, 22, 399.58
1587768964, 2, 1530, 1581, 1240, 5, 2.99%, 2, 218, 22, 407.23
1587768969, 2, 1530, 1582, 1241, 5, 2.99%, 2, 218, 22, 395.99
1587768979, 2, 1530, 1583, 1242, 5, 2.99%, 2, 218, 22, 404.14
1587768984, 2, 1530, 1586, 1245, 5, 2.99%, 2, 218, 22, 393.24
1587768989, 2, 1543, 1586, 1244, 6, 2.99%, 2, 218, 22, 325.69
1587769040, 2, 1543, 1587, 1245, 6, 2.99%, 2, 218, 22, 252.05
1587769050, 2, 1543, 1588, 1246, 6, 2.99%, 2, 218, 22, 250.79
1587769178, 2, 1543, 1588, 1246, 6, 2.99%, 2, 219, 22, 337.29
1587769566, 2, 1543, 1589, 1247, 6, 2.99%, 2, 219, 22, 246.80
1587771641, 2, 1543, 1591, 1249, 6, 2.99%, 2, 219, 22, 279.50
1587771646, 2, 1543, 1594, 1252, 6, 3.00%, 2, 219, 22, 346.71
1587771652, 2, 1543, 1600, 1258, 6, 3.00%, 2, 219, 22, 347.05
1587771657, 2, 1543, 1605, 1263, 6, 3.00%, 2, 219, 22, 355.00
1587771662, 2, 1543, 1606, 1264, 6, 3.00%, 2, 219, 22, 358.96
1587771667, 2, 1543, 1610, 1268, 6, 3.00%, 2, 219, 22, 355.69
1587771677, 2, 1543, 1616, 1274, 6, 3.00%, 2, 219, 22, 352.01
1587771682, 2, 1543, 1620, 1278, 6, 3.00%, 2, 219, 22, 354.00
1587771687, 2, 1543, 1621, 1279, 6, 3.00%, 2, 219, 22, 361.60
1587771697, 2, 1553, 1621, 1278, 10, 3.00%, 2, 219, 22, 252.63
1587771937, 2, 1553, 1621, 1278, 10, 3.00%, 2, 220, 22, 39.18
