# unix_time, cycles_done, cur_path, paths_total, pending_total, pending_favs, map_size, unique_crashes, unique_hangs, max_depth, execs_per_sec
1587480111, 0, 0, 52, 52, 8, 0.29%, 0, 0, 1, 297.99
1587480116, 0, 12, 52, 52, 8, 0.29%, 0, 0, 1, 431.08
1587480121, 0, 12, 54, 54, 8, 0.29%, 0, 0, 2, 458.73
1587480253, 0, 12, 55, 55, 8, 0.29%, 0, 0, 2, 457.36
1587480258, 0, 12, 59, 59, 8, 0.29%, 0, 0, 2, 449.68
1587480415, 0, 12, 75, 75, 8, 0.29%, 0, 0, 2, 457.20
1587480420, 0, 12, 83, 83, 8, 0.29%, 0, 0, 2, 448.57
1587480425, 0, 12, 89, 89, 8, 0.30%, 0, 0, 2, 449.96
1587480430, 0, 12, 93, 93, 8, 0.30%, 0, 0, 2, 444.88
1587480435, 0, 12, 95, 95, 8, 0.30%, 0, 0, 2, 444.07
1587480440, 0, 12, 96, 96, 8, 0.30%, 0, 0, 2, 441.25
1587480450, 0, 12, 97, 97, 8, 0.30%, 0, 0, 2, 440.44
1587480461, 0, 12, 98, 98, 8, 0.30%, 0, 0, 2, 401.11
1587480476, 0, 12, 99, 99, 8, 0.30%, 0, 0, 2, 449.44
1587480491, 0, 42, 99, 98, 10, 0.30%, 0, 0, 2, 565.96
1587480532, 0, 59, 99, 97, 9, 0.30%, 0, 0, 2, 536.31
1587480777, 0, 65, 99, 96, 8, 0.30%, 0, 0, 2, 492.42
1587480879, 0, 69, 99, 95, 7, 0.30%, 0, 0, 2, 578.14
1587480930, 0, 72, 100, 95, 8, 0.30%, 0, 0, 3, 523.77
1587481072, 0, 72, 101, 96, 8, 0.30%, 0, 0, 3, 358.37
1587481077, 0, 73, 101, 95, 7, 0.30%, 0, 0, 3, 475.22
1587481199, 0, 83, 101, 94, 6, 0.30%, 0, 0, 3, 462.18
1587481397, 0, 84, 101, 93, 5, 0.30%, 0, 0, 3, 415.69
1587481484, 0, 84, 102, 94, 5, 0.30%, 0, 0, 3, 415.31
1587481723, 0, 84, 103, 95, 5, 0.30%, 0, 0, 3, 419.95
1587481728, 0, 96, 103, 94, 5, 0.30%, 0, 0, 3, 539.32
1587481764, 0, 98, 104, 94, 4, 0.30%, 0, 0, 3, 562.28
1587481840, 0, 98, 105, 95, 4, 0.30%, 0, 0, 3, 436.21
1587481926, 0, 98, 106, 96, 4, 0.30%, 0, 0, 3, 450.75
1587481931, 0, 98, 108, 98, 4, 0.30%, 0, 0, 3, 458.08
1587481947, 0, 100, 108, 97, 4, 0.30%, 0, 0, 3, 495.39
1587482043, 0, 101, 108, 96, 3, 0.30%, 0, 0, 3, 480.90
1587482370, 0, 103, 108, 95, 2, 0.30%, 0, 0, 3, 556.67
1587482385, 0, 107, 108, 94, 1, 0.30%, 0, 0, 3, 542.80
1587482461, 1, 2, 108, 93, 0, 0.30%, 0, 0, 3, 376.63
1587483530, 1, 2, 110, 95, 0, 0.30%, 0, 0, 3, 295.78
1587483535, 1, 2, 115, 100, 0, 0.30%, 0, 0, 3, 325.75
1587483540, 1, 2, 117, 102, 0, 0.30%, 0, 0, 3, 318.08
1587483545, 1, 2, 119, 104, 0, 0.30%, 0, 0, 3, 325.12
1587483551, 1, 2, 121, 106, 0, 0.30%, 0, 0, 3, 290.94
1587483566, 1, 2, 122, 107, 0, 0.30%, 0, 0, 3, 317.68
1587483571, 1, 2, 124, 109, 0, 0.30%, 0, 0, 3, 326.16
1587483581, 1, 2, 126, 111, 0, 0.31%, 0, 0, 3, 315.43
1587483612, 1, 102, 126, 110, 1, 0.31%, 0, 0, 3, 391.94
1587483883, 1, 102, 128, 112, 1, 0.31%, 0, 0, 4, 433.16
1587483894, 1, 125, 128, 111, 1, 0.31%, 0, 0, 4, 389.31
1587484386, 1, 125, 130, 113, 1, 0.31%, 0, 0, 4, 374.19
1587484406, 2, 4, 130, 112, 0, 0.31%, 0, 0, 4, 408.91
1587484588, 2, 4, 134, 116, 0, 0.31%, 0, 0, 4, 409.60
1587484593, 2, 4, 135, 117, 0, 0.31%, 0, 0, 4, 423.17
1587484598, 2, 4, 138, 120, 0, 0.31%, 0, 0, 4, 402.12
1587484603, 2, 4, 139, 121, 0, 0.31%, 0, 0, 4, 409.31
1587484613, 2, 4, 140, 122, 0, 0.31%, 0, 0, 4, 407.41
1587484618, 2, 4, 141, 123, 0, 0.31%, 0, 0, 4, 429.57
1587484629, 2, 4, 142, 124, 0, 0.31%, 0, 0, 4, 397.36
1587484654, 2, 4, 143, 125, 0, 0.31%, 0, 0, 4, 405.21
1587484669, 2, 8, 143, 124, 0, 0.31%, 0, 0, 4, 351.92
1587485188, 2, 9, 143, 123, 0, 0.31%, 0, 0, 4, 455.55
1587485253, 2, 9, 144, 124, 0, 0.31%, 0, 0, 4, 492.39
1587485258, 2, 14, 144, 123, 0, 0.31%, 0, 0, 4, 469.18
1587485304, 2, 19, 144, 122, 0, 0.31%, 0, 0, 4, 326.79
1587485818, 2, 21, 144, 121, 0, 0.31%, 0, 0, 4, 355.16
1587486569, 2, 21, 145, 122, 0, 0.31%, 0, 0, 4, 329.14
1587486574, 2, 22, 145, 121, 0, 0.31%, 0, 0, 4, 332.45
1587487587, 2, 27, 145, 120, 0, 0.31%, 0, 0, 4, 326.16
1587488079, 2, 33, 145, 119, 0, 0.31%, 0, 0, 4, 380.04
1587488519, 2, 38, 145, 118, 0, 0.31%, 0, 0, 4, 387.66
1587489026, 2, 47, 145, 117, 0, 0.31%, 0, 0, 4, 377.32
1587489497, 2, 52, 145, 116, 0, 0.31%, 0, 0, 4, 420.96
1587489809, 2, 56, 145, 115, 0, 0.31%, 0, 0, 4, 535.31
1587489819, 2, 60, 145, 114, 0, 0.31%, 0, 0, 4, 495.11
1587489995, 2, 60, 147, 116, 0, 0.31%, 0, 0, 4, 467.51
1587490000, 2, 64, 147, 115, 0, 0.31%, 0, 0, 4, 455.68
1587490238, 2, 64, 148, 116, 0, 0.31%, 0, 0, 4, 436.47
1587490243, 2, 74, 148, 115, 0, 0.31%, 0, 0, 4, 478.98
1587490248, 2, 80, 148, 114, 0, 0.31%, 0, 0, 4, 473.43
1587490555, 2, 80, 150, 116, 0, 0.31%, 0, 0, 4, 411.20
1587490565, 2, 86, 150, 115, 0, 0.31%, 0, 0, 4, 481.21
1587490621, 2, 93, 150, 114, 0, 0.31%, 0, 0, 4, 492.73
1587490804, 2, 94, 150, 113, 0, 0.31%, 0, 0, 4, 452.38
1587490987, 2, 94, 151, 114, 0, 0.31%, 0, 0, 4, 429.07
1587490992, 2, 94, 152, 115, 0, 0.31%, 0, 0, 4, 407.65
1587490998, 2, 97, 152, 114, 0, 0.31%, 0, 0, 4, 415.22
1587491247, 2, 101, 153, 114, 0, 0.31%, 0, 0, 4, 432.89
1587491252, 2, 108, 154, 115, 0, 0.31%, 0, 0, 4, 374.41
1587492371, 2, 108, 155, 116, 0, 0.31%, 0, 0, 4, 294.03
1587492381, 2, 114, 155, 115, 0, 0.31%, 0, 0, 4, 288.05
1587493683, 2, 115, 155, 114, 0, 0.31%, 0, 0, 4, 297.54
1587495039, 2, 117, 155, 113, 0, 0.31%, 0, 0, 4, 280.31
1587496235, 2, 127, 155, 112, 0, 0.31%, 0, 0, 4, 415.28
1587496430, 2, 127, 157, 114, 0, 0.31%, 0, 0, 5, 468.39
1587496440, 2, 127, 158, 115, 0, 0.31%, 0, 0, 5, 431.80
1587496451, 2, 127, 159, 116, 0, 0.31%, 0, 0, 5, 444.77
1587496507, 2, 133, 159, 115, 1, 0.31%, 0, 0, 5, 451.52
1587496643, 2, 133, 160, 116, 1, 0.31%, 0, 0, 5, 428.67
1587496648, 2, 158, 160, 115, 1, 0.31%, 0, 0, 5, 394.81
1587497665, 2, 158, 163, 118, 1, 0.31%, 0, 0, 6, 303.27
1587497675, 2, 158, 164, 119, 1, 0.31%, 0, 0, 6, 310.60
1587497685, 2, 158, 165, 120, 1, 0.31%, 0, 0, 6, 324.44
1587497746, 2, 158, 166, 121, 1, 0.31%, 0, 0, 6, 314.78
1587497751, 2, 158, 167, 122, 1, 0.31%, 0, 0, 6, 309.33
1587497767, 2, 162, 167, 121, 0, 0.31%, 0, 0, 6, 282.08
1587499241, 2, 162, 168, 122, 0, 0.31%, 0, 0, 7, 277.68
1587499266, 3, 3, 168, 121, 0, 0.31%, 0, 0, 7, 456.54
1587499307, 3, 10, 168, 120, 0, 0.31%, 0, 0, 7, 423.83
1587499871, 3, 15, 168, 119, 0, 0.31%, 0, 0, 7, 401.13
1587500276, 3, 16, 168, 118, 0, 0.31%, 0, 0, 7, 507.08
1587500302, 3, 29, 168, 117, 0, 0.31%, 0, 0, 7, 454.04
1587500787, 3, 30, 168, 116, 0, 0.31%, 0, 0, 7, 413.96
1587501027, 3, 32, 168, 115, 0, 0.31%, 0, 0, 7, 600.87
1587501042, 3, 34, 168, 114, 0, 0.31%, 0, 0, 7, 462.73
1587501494, 3, 36, 168, 113, 0, 0.31%, 0, 0, 7, 425.42
1587501753, 3, 48, 168, 112, 0, 0.31%, 0, 0, 7, 404.33
1587502209, 3, 49, 168, 111, 0, 0.31%, 0, 0, 7, 404.29
1587502448, 3, 55, 168, 110, 0, 0.31%, 0, 0, 7, 470.58
1587502459, 3, 66, 168, 109, 0, 0.31%, 0, 0, 7, 552.16
1587502530, 3, 75, 168, 108, 0, 0.31%, 0, 0, 7, 499.66
1587502773, 3, 76, 168, 107, 0, 0.31%, 0, 0, 7, 498.60
1587502930, 3, 78, 168, 106, 0, 0.31%, 0, 0, 7, 450.81
1587503183, 3, 101, 168, 105, 0, 0.31%, 0, 0, 7, 451.33
1587503188, 3, 111, 168, 105, 0, 0.31%, 0, 0, 7, 355.08
1587504659, 3, 118, 168, 104, 0, 0.31%, 0, 0, 7, 331.40
1587505265, 3, 126, 168, 103, 0, 0.31%, 0, 0, 7, 376.46
1587505772, 3, 151, 168, 102, 0, 0.31%, 0, 0, 7, 385.33
1587506290, 3, 151, 169, 103, 0, 0.31%, 0, 0, 7, 358.40
1587506295, 3, 151, 171, 105, 0, 0.31%, 0, 0, 7, 383.26
1587506336, 3, 156, 171, 104, 0, 0.31%, 0, 0, 7, 257.59
1587509242, 3, 156, 173, 106, 0, 0.31%, 0, 0, 7, 215.99
1587509258, 3, 156, 174, 107, 0, 0.31%, 0, 0, 7, 241.25
1587509350, 3, 161, 174, 106, 0, 0.31%, 0, 0, 7, 262.92
1587512387, 3, 161, 175, 107, 0, 0.33%, 0, 0, 7, 203.99
1587512412, 3, 174, 175, 106, 2, 0.33%, 0, 0, 7, 213.49
1587515405, 3, 174, 176, 107, 2, 0.33%, 0, 0, 8, 177.58
1587515441, 3, 174, 177, 108, 2, 0.33%, 0, 0, 8, 187.82
1587515446, 3, 174, 178, 109, 2, 0.33%, 0, 0, 8, 214.37
1587515472, 3, 174, 179, 110, 2, 0.33%, 0, 0, 8, 195.10
1587515477, 3, 174, 180, 111, 2, 0.33%, 0, 0, 8, 205.16
1587515553, 3, 174, 181, 112, 2, 0.33%, 0, 0, 8, 202.35
1587515558, 4, 6, 181, 111, 1, 0.33%, 0, 0, 8, 290.04
1587516087, 4, 81, 181, 110, 1, 0.33%, 0, 0, 8, 429.63
1587516093, 4, 85, 181, 109, 0, 0.33%, 0, 0, 8, 412.14
1587516103, 4, 107, 181, 108, 0, 0.33%, 0, 0, 8, 481.42
1587516108, 4, 119, 181, 108, 0, 0.33%, 0, 0, 8, 294.85
1587517111, 4, 122, 181, 107, 0, 0.33%, 0, 0, 8, 280.39
1587518114, 4, 129, 181, 106, 0, 0.33%, 0, 0, 8, 298.11
1587519109, 4, 131, 181, 105, 0, 0.33%, 0, 0, 8, 177.89
1587522672, 4, 135, 181, 104, 0, 0.33%, 0, 0, 8, 140.69
1587531166, 4, 139, 181, 103, 0, 0.33%, 0, 0, 8, 205.59
1587532701, 4, 141, 181, 102, 0, 0.33%, 0, 0, 8, 285.87
1587533544, 4, 142, 181, 101, 0, 0.33%, 0, 0, 8, 301.50
1587534465, 4, 145, 181, 100, 0, 0.33%, 0, 0, 8, 382.54
1587534821, 4, 145, 182, 101, 0, 0.33%, 0, 0, 8, 380.66
1587534826, 4, 153, 182, 100, 0, 0.33%, 0, 0, 8, 364.03
1587535540, 4, 153, 184, 102, 0, 0.33%, 0, 0, 8, 13.14
1587535592, 4, 153, 185, 103, 0, 0.33%, 0, 0, 8, 202.83
1587535660, 4, 165, 185, 102, 0, 0.33%, 0, 0, 8, 129.07
1587541715, 4, 169, 185, 101, 0, 0.33%, 0, 0, 8, 133.62
1587548107, 4, 169, 186, 102, 0, 0.33%, 0, 0, 8, 132.75
1587548138, 4, 173, 186, 101, 0, 0.33%, 0, 0, 8, 75.33
