# unix_time, cycles_done, cur_path, paths_total, pending_total, pending_favs, map_size, unique_crashes, unique_hangs, max_depth, execs_per_sec
1587340068, 0, 0, 1, 1, 1, 0.07%, 0, 0, 1, 170.21
1587340073, 0, 0, 4, 4, 1, 0.13%, 0, 1, 2, 472.14
1587340078, 0, 0, 5, 5, 1, 0.13%, 0, 1, 2, 522.75
1587340083, 0, 0, 6, 6, 1, 0.13%, 0, 1, 2, 533.79
1587340093, 0, 0, 7, 7, 1, 0.13%, 0, 1, 2, 606.05
1587340098, 0, 0, 9, 9, 1, 0.13%, 0, 1, 2, 593.95
1587340108, 0, 0, 10, 10, 1, 0.14%, 0, 1, 2, 582.96
1587340129, 0, 1, 10, 9, 5, 0.14%, 0, 2, 2, 605.84
1587340134, 0, 3, 11, 9, 4, 0.17%, 0, 2, 3, 608.84
1587340139, 0, 4, 11, 8, 4, 0.17%, 0, 2, 3, 630.80
1587340144, 0, 6, 11, 7, 4, 0.17%, 0, 2, 3, 621.86
1587340149, 0, 9, 11, 5, 2, 0.17%, 0, 2, 3, 595.48
1587340154, 0, 10, 16, 9, 1, 0.25%, 0, 2, 4, 637.73
1587340160, 0, 11, 18, 10, 5, 0.25%, 0, 3, 5, 22.73
1587340165, 0, 11, 25, 17, 5, 0.28%, 0, 3, 5, 650.71
1587340170, 0, 11, 28, 20, 5, 0.31%, 0, 3, 5, 630.35
1587340175, 0, 11, 29, 21, 5, 0.32%, 0, 3, 5, 635.36
1587340180, 0, 11, 29, 21, 5, 0.32%, 0, 4, 5, 598.38
1587340186, 0, 11, 29, 21, 5, 0.32%, 0, 5, 5, 615.93
1587340191, 0, 11, 30, 22, 5, 0.32%, 0, 5, 5, 621.87
1587340201, 0, 11, 31, 23, 5, 0.32%, 0, 6, 5, 638.14
1587340211, 0, 12, 31, 22, 8, 0.32%, 0, 7, 5, 638.61
1587340216, 0, 12, 32, 23, 8, 0.32%, 0, 8, 5, 587.36
1587340221, 0, 13, 33, 23, 8, 0.32%, 0, 9, 5, 646.77
1587340232, 0, 14, 34, 23, 8, 0.32%, 0, 10, 5, 641.03
1587340237, 0, 14, 35, 24, 8, 0.32%, 0, 10, 5, 640.22
1587340242, 0, 14, 36, 25, 8, 0.32%, 0, 10, 5, 623.49
1587340247, 0, 16, 36, 24, 7, 0.32%, 0, 10, 5, 628.59
1587340257, 0, 17, 37, 24, 6, 0.32%, 0, 10, 5, 633.91
1587340262, 0, 20, 37, 23, 5, 0.32%, 0, 10, 5, 618.10
1587340267, 0, 20, 41, 27, 5, 0.33%, 0, 11, 6, 655.89
1587340273, 0, 20, 45, 31, 5, 0.34%, 0, 11, 6, 609.67
1587340278, 0, 20, 46, 32, 5, 0.34%, 0, 11, 6, 635.59
1587340283, 0, 20, 47, 33, 5, 0.34%, 0, 11, 6, 642.63
1587340293, 0, 20, 49, 35, 5, 0.35%, 0, 12, 6, 618.12
1587340298, 0, 20, 50, 36, 5, 0.35%, 0, 12, 6, 603.76
1587340314, 0, 20, 51, 37, 5, 0.36%, 0, 12, 6, 627.56
1587340324, 0, 20, 51, 37, 5, 0.36%, 0, 13, 6, 631.14
1587340329, 0, 25, 51, 36, 9, 0.36%, 0, 13, 6, 613.87
1587340334, 0, 28, 52, 36, 8, 0.36%, 0, 14, 6, 655.51
1587340339, 0, 28, 53, 37, 8, 0.36%, 0, 14, 6, 645.80
1587340344, 0, 30, 53, 36, 8, 0.36%, 0, 15, 6, 617.66
1587340350, 0, 30, 55, 38, 8, 0.36%, 0, 15, 6, 640.19
1587340355, 0, 37, 57, 39, 7, 0.36%, 0, 16, 7, 70.50
1587340365, 0, 37, 59, 41, 7, 0.37%, 0, 16, 7, 611.52
1587340381, 0, 38, 59, 40, 7, 0.37%, 0, 17, 7, 622.45
1587340386, 0, 38, 61, 42, 7, 0.37%, 0, 17, 7, 641.15
1587340391, 0, 38, 63, 44, 7, 0.37%, 0, 18, 7, 587.07
1587340396, 0, 38, 64, 45, 7, 0.37%, 0, 18, 7, 609.28
1587340401, 0, 38, 65, 46, 7, 0.37%, 0, 18, 7, 592.85
1587340406, 0, 38, 66, 47, 7, 0.37%, 0, 18, 7, 609.96
1587340417, 0, 38, 66, 47, 7, 0.37%, 0, 19, 7, 631.85
1587340427, 0, 38, 66, 47, 7, 0.37%, 0, 20, 7, 606.15
1587340432, 0, 38, 67, 48, 7, 0.37%, 0, 20, 7, 608.12
1587340447, 0, 45, 67, 47, 8, 0.37%, 0, 20, 7, 615.93
1587340457, 0, 45, 70, 50, 8, 0.37%, 0, 20, 7, 635.85
1587340462, 0, 45, 72, 52, 8, 0.37%, 0, 21, 7, 589.83
1587340467, 0, 45, 74, 54, 8, 0.37%, 0, 22, 7, 564.01
1587340473, 0, 45, 75, 55, 8, 0.37%, 0, 23, 7, 585.80
1587340483, 0, 45, 76, 56, 8, 0.37%, 0, 24, 7, 566.26
1587340488, 0, 45, 76, 56, 8, 0.37%, 0, 25, 7, 604.32
1587340493, 0, 45, 77, 57, 8, 0.38%, 0, 25, 7, 578.59
1587340508, 0, 45, 78, 58, 8, 0.38%, 0, 25, 7, 515.49
1587340513, 0, 45, 79, 59, 8, 0.38%, 0, 25, 7, 563.20
1587340518, 0, 45, 79, 59, 8, 0.38%, 0, 26, 7, 592.11
1587340523, 0, 50, 81, 60, 8, 0.38%, 0, 26, 7, 582.36
1587340539, 0, 51, 81, 59, 8, 0.38%, 0, 27, 7, 44.67
1587340554, 0, 52, 82, 59, 7, 0.38%, 0, 27, 7, 597.56
1587340564, 0, 52, 84, 61, 7, 0.38%, 0, 27, 7, 598.35
1587340569, 0, 52, 85, 62, 7, 0.38%, 0, 27, 7, 588.07
1587340574, 0, 52, 86, 63, 7, 0.38%, 0, 27, 7, 594.87
1587340584, 0, 52, 87, 64, 7, 0.38%, 0, 27, 7, 596.74
1587340620, 0, 58, 87, 63, 6, 0.38%, 0, 28, 7, 636.03
1587340635, 0, 59, 87, 62, 5, 0.38%, 0, 28, 7, 585.01
1587340651, 0, 66, 88, 62, 4, 0.38%, 0, 28, 8, 602.85
1587340661, 0, 66, 89, 63, 4, 0.38%, 0, 28, 8, 605.82
1587340666, 0, 66, 90, 64, 4, 0.38%, 0, 28, 8, 598.29
1587340671, 0, 66, 91, 65, 4, 0.38%, 0, 28, 8, 571.52
1587340676, 0, 66, 92, 66, 4, 0.39%, 0, 28, 8, 591.71
1587340722, 0, 75, 93, 66, 4, 0.39%, 0, 29, 8, 597.26
1587340727, 0, 75, 94, 67, 4, 0.39%, 0, 29, 8, 608.08
1587340742, 0, 75, 95, 68, 4, 0.39%, 0, 29, 8, 575.56
1587340747, 0, 75, 96, 69, 4, 0.39%, 0, 30, 8, 611.28
1587340757, 0, 75, 97, 70, 4, 0.39%, 0, 30, 8, 583.34
1587340762, 0, 75, 97, 70, 4, 0.39%, 0, 31, 8, 600.01
1587340772, 0, 75, 98, 71, 4, 0.39%, 0, 31, 8, 608.06
1587340783, 0, 76, 98, 70, 4, 0.39%, 0, 32, 8, 536.34
1587340803, 0, 76, 100, 72, 4, 0.39%, 0, 32, 8, 530.31
1587340808, 0, 76, 103, 75, 4, 0.39%, 0, 32, 8, 504.97
1587340813, 0, 76, 104, 76, 4, 0.39%, 0, 32, 8, 434.74
1587340818, 0, 76, 105, 77, 4, 0.39%, 0, 32, 8, 413.84
1587340829, 0, 76, 105, 77, 4, 0.39%, 0, 33, 8, 531.45
1587340834, 0, 76, 106, 78, 4, 0.39%, 0, 33, 8, 490.01
1587340849, 0, 76, 107, 79, 4, 0.39%, 0, 33, 8, 476.69
1587340854, 0, 76, 108, 80, 4, 0.39%, 0, 33, 8, 455.33
1587340874, 0, 80, 108, 79, 4, 0.39%, 0, 33, 8, 518.04
1587340890, 0, 80, 109, 80, 4, 0.39%, 0, 33, 8, 526.95
1587340900, 0, 91, 110, 80, 3, 0.39%, 0, 34, 9, 559.48
1587340926, 0, 92, 110, 79, 3, 0.39%, 0, 34, 9, 566.05
1587340946, 0, 93, 110, 78, 2, 0.39%, 0, 34, 9, 584.59
1587340966, 0, 93, 111, 79, 2, 0.39%, 0, 34, 9, 571.00
1587340982, 0, 101, 111, 78, 3, 0.39%, 0, 34, 9, 574.02
1587341007, 0, 101, 113, 80, 3, 0.39%, 0, 34, 9, 401.90
1587341012, 0, 101, 114, 81, 3, 0.39%, 0, 34, 9, 542.11
1587341027, 0, 101, 115, 82, 3, 0.39%, 0, 34, 9, 562.20
1587341042, 0, 101, 116, 83, 3, 0.39%, 0, 34, 9, 541.47
1587341047, 0, 109, 116, 82, 2, 0.39%, 0, 34, 9, 549.37
1587341068, 0, 109, 117, 83, 2, 0.39%, 0, 34, 10, 360.50
1587341073, 0, 109, 118, 84, 2, 0.39%, 0, 34, 10, 463.07
1587341093, 0, 110, 120, 85, 1, 0.39%, 0, 34, 10, 495.07
1587341119, 1, 12, 120, 84, 0, 0.39%, 0, 34, 10, 564.84
1587341124, 1, 15, 121, 85, 0, 0.39%, 0, 34, 10, 593.83
1587341129, 1, 15, 122, 86, 0, 0.39%, 0, 34, 10, 566.40
1587341134, 1, 20, 123, 86, 0, 0.39%, 0, 34, 10, 560.96
1587341139, 1, 21, 123, 86, 0, 0.39%, 0, 34, 10, 570.54
1587341149, 1, 22, 123, 85, 0, 0.39%, 0, 34, 10, 586.79
1587341159, 1, 27, 123, 84, 0, 0.39%, 0, 34, 10, 582.85
1587341169, 1, 35, 123, 83, 0, 0.39%, 0, 34, 10, 560.61
1587341179, 1, 48, 123, 82, 0, 0.39%, 0, 34, 10, 566.18
1587341195, 1, 52, 123, 81, 0, 0.39%, 0, 34, 10, 531.70
1587341200, 1, 54, 123, 81, 0, 0.39%, 0, 34, 10, 549.25
1587341205, 1, 58, 123, 80, 0, 0.39%, 0, 34, 10, 533.20
1587341210, 1, 63, 124, 81, 0, 0.39%, 0, 34, 10, 447.88
1587341230, 1, 63, 126, 83, 0, 0.39%, 0, 34, 10, 537.31
1587341235, 1, 63, 127, 84, 0, 0.39%, 0, 34, 10, 564.78
1587341250, 1, 63, 128, 85, 0, 0.39%, 0, 34, 10, 535.09
1587341286, 1, 65, 128, 84, 0, 0.39%, 0, 34, 10, 522.92
1587341312, 1, 67, 128, 83, 0, 0.39%, 0, 34, 10, 493.46
1587341352, 1, 73, 128, 82, 0, 0.39%, 0, 34, 10, 517.41
1587341403, 1, 73, 129, 83, 0, 0.39%, 0, 34, 10, 272.83
1587341409, 1, 73, 130, 84, 0, 0.39%, 0, 34, 10, 450.52
1587341419, 1, 77, 130, 83, 0, 0.39%, 0, 34, 10, 486.03
1587341444, 1, 78, 130, 82, 0, 0.39%, 0, 34, 10, 569.95
1587341475, 1, 82, 130, 81, 0, 0.39%, 0, 34, 10, 558.85
1587341490, 1, 83, 130, 80, 0, 0.39%, 0, 34, 10, 606.23
1587341505, 1, 85, 130, 79, 0, 0.39%, 0, 34, 10, 613.66
1587341520, 1, 85, 132, 81, 0, 0.39%, 0, 34, 10, 603.70
1587341530, 1, 85, 133, 82, 0, 0.39%, 0, 34, 10, 573.79
1587341556, 1, 105, 133, 81, 0, 0.39%, 0, 34, 10, 334.55
1587341604, 1, 105, 134, 82, 0, 0.39%, 0, 34, 10, 292.33
1587341614, 1, 105, 135, 83, 0, 0.39%, 0, 34, 10, 286.42
1587341624, 1, 105, 136, 84, 0, 0.39%, 0, 34, 10, 368.60
1587341665, 1, 107, 137, 84, 0, 0.39%, 0, 34, 10, 561.72
1587341690, 1, 107, 138, 85, 0, 0.39%, 0, 34, 10, 537.02
1587341696, 1, 107, 139, 86, 0, 0.39%, 0, 34, 10, 543.54
1587341701, 1, 107, 141, 88, 0, 0.39%, 0, 34, 10, 543.59
1587341711, 1, 107, 142, 89, 0, 0.39%, 0, 34, 10, 536.13
1587341726, 1, 107, 143, 90, 0, 0.39%, 0, 34, 10, 523.43
1587341736, 1, 138, 143, 89, 1, 0.39%, 0, 34, 10, 537.45
1587341772, 1, 138, 144, 90, 1, 0.39%, 0, 34, 10, 512.88
1587341777, 1, 138, 145, 91, 1, 0.39%, 0, 34, 10, 524.50
1587341812, 1, 144, 146, 91, 0, 0.39%, 0, 34, 11, 522.42
1587341863, 1, 144, 149, 94, 0, 0.39%, 0, 34, 11, 520.30
1587341873, 1, 144, 151, 96, 0, 0.39%, 0, 34, 11, 515.51
1587341909, 1, 149, 153, 97, 0, 0.39%, 0, 34, 12, 524.64
1587341990, 1, 149, 155, 99, 0, 0.39%, 0, 34, 12, 511.44
1587341995, 1, 149, 156, 100, 0, 0.39%, 0, 34, 12, 525.89
1587342000, 1, 149, 158, 102, 0, 0.39%, 0, 34, 12, 495.00
1587342005, 1, 149, 159, 103, 0, 0.39%, 0, 34, 12, 500.28
1587342021, 1, 149, 160, 104, 0, 0.39%, 0, 34, 12, 395.00
1587342031, 1, 149, 161, 105, 0, 0.39%, 0, 34, 12, 480.60
1587342041, 1, 152, 161, 104, 0, 0.39%, 0, 34, 12, 488.42
1587342127, 1, 152, 162, 105, 0, 0.39%, 0, 34, 13, 502.05
1587342132, 1, 152, 163, 106, 0, 0.39%, 0, 34, 13, 89.11
1587342142, 1, 152, 164, 107, 0, 0.39%, 0, 34, 13, 487.08
1587342153, 1, 152, 165, 108, 0, 0.39%, 0, 34, 13, 461.88
1587342163, 1, 155, 166, 108, 0, 0.39%, 0, 34, 13, 458.98
1587342254, 1, 155, 168, 110, 0, 0.39%, 0, 34, 13, 519.34
1587342290, 1, 160, 168, 109, 0, 0.39%, 0, 34, 13, 532.00
1587342432, 1, 160, 169, 110, 0, 0.39%, 0, 34, 13, 491.89
1587342442, 1, 160, 170, 111, 0, 0.39%, 0, 34, 13, 547.46
1587342468, 1, 160, 171, 112, 0, 0.39%, 0, 34, 13, 525.59
1587342478, 1, 167, 171, 111, 0, 0.39%, 0, 34, 13, 521.57
1587342600, 1, 167, 173, 113, 0, 0.39%, 0, 34, 14, 534.64
1587342641, 1, 171, 173, 112, 0, 0.39%, 0, 34, 14, 545.56
1587342803, 1, 171, 174, 113, 0, 0.39%, 0, 34, 15, 493.20
1587342813, 1, 171, 175, 114, 0, 0.39%, 0, 34, 15, 433.05
1587342819, 1, 171, 176, 115, 0, 0.39%, 0, 34, 15, 492.53
1587342869, 1, 173, 176, 114, 0, 0.39%, 0, 34, 15, 441.95
1587343035, 1, 173, 177, 115, 0, 0.39%, 0, 34, 16, 2.74
1587343050, 1, 173, 178, 116, 0, 0.39%, 0, 34, 16, 429.95
1587343097, 1, 177, 180, 117, 0, 0.39%, 0, 34, 17, 507.39
1587343143, 1, 177, 182, 119, 0, 0.39%, 0, 34, 17, 503.17
1587343264, 2, 2, 182, 118, 0, 0.39%, 0, 34, 17, 490.13
1587343269, 2, 18, 182, 117, 0, 0.39%, 0, 34, 17, 546.51
1587343280, 2, 18, 183, 118, 0, 0.39%, 0, 34, 17, 466.19
1587343285, 2, 20, 183, 117, 0, 0.39%, 0, 34, 17, 528.11
1587343290, 2, 33, 183, 117, 0, 0.39%, 0, 34, 17, 475.74
1587343300, 2, 39, 183, 116, 0, 0.39%, 0, 34, 17, 464.00
1587343310, 2, 44, 183, 115, 0, 0.39%, 0, 34, 17, 572.31
1587343330, 2, 47, 183, 114, 0, 0.39%, 0, 34, 17, 610.82
1587343351, 2, 53, 183, 113, 0, 0.39%, 0, 34, 17, 455.24
1587343361, 2, 58, 183, 112, 0, 0.39%, 0, 34, 17, 499.32
1587343366, 2, 64, 183, 112, 0, 0.39%, 0, 34, 17, 508.52
1587343386, 2, 71, 183, 111, 0, 0.39%, 0, 34, 17, 472.92
1587343418, 2, 86, 183, 110, 0, 0.39%, 0, 34, 17, 462.40
1587343448, 2, 88, 183, 109, 0, 0.39%, 0, 34, 17, 590.14
1587343474, 2, 88, 184, 110, 0, 0.39%, 0, 34, 17, 576.26
1587343484, 2, 95, 184, 109, 0, 0.39%, 0, 34, 17, 606.20
1587343514, 2, 98, 184, 108, 0, 0.39%, 0, 34, 17, 551.28
1587343550, 2, 106, 184, 107, 0, 0.39%, 0, 34, 17, 537.79
1587343555, 2, 106, 185, 108, 0, 0.39%, 0, 34, 17, 567.92
1587343600, 2, 112, 185, 107, 0, 0.39%, 0, 34, 17, 561.37
1587343636, 2, 112, 187, 109, 0, 0.39%, 0, 34, 17, 581.31
1587343656, 2, 121, 187, 108, 0, 0.39%, 0, 34, 17, 584.72
1587343666, 2, 121, 188, 109, 0, 0.39%, 0, 34, 17, 590.96
1587343676, 2, 122, 188, 108, 0, 0.39%, 0, 34, 17, 561.90
1587343742, 2, 124, 188, 107, 0, 0.39%, 0, 34, 17, 610.75
1587343773, 2, 126, 189, 107, 0, 0.39%, 0, 34, 17, 566.31
1587343834, 2, 129, 189, 106, 0, 0.39%, 0, 34, 17, 420.00
1587343854, 2, 129, 190, 107, 0, 0.39%, 0, 34, 17, 46.46
1587343951, 2, 129, 191, 108, 0, 0.39%, 0, 34, 17, 387.97
1587343967, 2, 129, 192, 109, 0, 0.39%, 0, 34, 17, 391.93
1587343972, 2, 129, 193, 110, 0, 0.39%, 0, 34, 17, 369.51
1587343992, 2, 129, 194, 111, 0, 0.39%, 0, 34, 17, 378.32
1587344013, 2, 129, 195, 112, 0, 0.39%, 0, 34, 17, 412.20
1587344018, 2, 131, 195, 111, 0, 0.39%, 0, 34, 17, 544.58
1587344043, 2, 133, 195, 110, 0, 0.39%, 0, 34, 17, 563.81
1587344104, 2, 134, 195, 109, 0, 0.39%, 0, 34, 17, 507.29
1587344150, 2, 134, 196, 110, 0, 0.39%, 0, 34, 17, 276.73
1587344170, 2, 136, 196, 109, 0, 0.39%, 0, 34, 17, 586.20
1587344221, 2, 137, 196, 108, 0, 0.39%, 0, 34, 17, 582.46
1587344262, 2, 141, 196, 107, 0, 0.39%, 0, 34, 17, 575.06
1587344344, 2, 142, 196, 106, 0, 0.39%, 0, 34, 17, 560.57
1587344410, 2, 147, 196, 105, 0, 0.39%, 0, 34, 17, 540.32
1587344466, 2, 148, 196, 104, 0, 0.39%, 0, 34, 17, 561.61
1587344552, 2, 153, 196, 103, 0, 0.39%, 0, 34, 17, 554.92
1587344674, 2, 153, 197, 104, 0, 0.39%, 0, 34, 17, 554.30
1587344694, 2, 163, 197, 103, 0, 0.39%, 0, 34, 17, 506.73
1587344826, 2, 163, 198, 104, 0, 0.39%, 0, 34, 17, 507.66
1587344851, 2, 165, 198, 103, 0, 0.39%, 0, 34, 17, 513.02
1587344989, 2, 166, 198, 102, 0, 0.39%, 0, 34, 17, 565.40
1587345046, 2, 166, 199, 103, 0, 0.39%, 0, 34, 17, 516.40
1587345066, 2, 175, 199, 102, 0, 0.39%, 0, 34, 17, 505.31
1587345270, 2, 175, 200, 103, 0, 0.39%, 0, 34, 17, 493.00
1587345301, 2, 178, 200, 102, 0, 0.39%, 0, 34, 17, 525.66
1587345449, 2, 180, 200, 101, 0, 0.39%, 0, 34, 17, 561.56
1587345555, 2, 180, 201, 102, 0, 0.39%, 0, 34, 18, 527.87
1587345560, 2, 180, 202, 103, 0, 0.39%, 0, 34, 18, 556.73
1587345571, 2, 180, 203, 104, 0, 0.39%, 0, 34, 18, 539.92
1587345601, 2, 185, 203, 103, 0, 0.39%, 0, 34, 18, 573.45
1587345667, 2, 199, 203, 102, 0, 0.39%, 0, 34, 18, 551.77
1587345998, 2, 199, 204, 103, 0, 0.39%, 0, 34, 18, 510.38
1587346023, 2, 201, 204, 102, 0, 0.39%, 0, 34, 18, 539.74
1587346125, 2, 201, 205, 103, 0, 0.39%, 0, 34, 19, 575.48
1587346140, 2, 201, 206, 104, 0, 0.39%, 0, 34, 19, 578.26
1587346155, 2, 201, 207, 105, 0, 0.39%, 0, 34, 19, 562.49
1587346160, 2, 201, 208, 106, 0, 0.39%, 0, 34, 19, 560.69
1587346170, 2, 202, 208, 105, 0, 0.39%, 0, 34, 19, 524.15
1587346403, 2, 204, 208, 104, 0, 0.39%, 0, 34, 19, 516.77
1587346581, 2, 206, 208, 103, 0, 0.39%, 0, 34, 19, 531.40
1587346773, 2, 206, 209, 104, 0, 0.39%, 0, 34, 20, 564.81
1587346809, 2, 207, 209, 103, 0, 0.39%, 0, 34, 20, 480.20
1587347143, 3, 20, 209, 102, 0, 0.39%, 0, 34, 20, 557.15
1587347148, 3, 26, 209, 102, 0, 0.39%, 0, 34, 20, 631.76
1587347153, 3, 29, 209, 101, 0, 0.39%, 0, 34, 20, 606.58
1587347163, 3, 32, 209, 100, 0, 0.39%, 0, 34, 20, 594.43
1587347173, 3, 52, 209, 99, 0, 0.39%, 0, 34, 20, 592.76
1587347178, 3, 55, 209, 99, 0, 0.39%, 0, 34, 20, 605.44
1587347188, 3, 58, 211, 100, 0, 0.39%, 0, 34, 20, 592.16
1587347193, 3, 62, 211, 100, 0, 0.39%, 0, 34, 20, 617.19
1587347209, 3, 72, 211, 99, 0, 0.39%, 0, 34, 20, 607.25
1587347244, 3, 79, 211, 98, 0, 0.39%, 0, 34, 20, 594.23
1587347264, 3, 81, 211, 97, 0, 0.39%, 0, 34, 20, 613.49
1587347274, 3, 81, 212, 98, 0, 0.39%, 0, 34, 20, 597.05
1587347280, 3, 84, 212, 97, 0, 0.39%, 0, 34, 20, 508.33
1587347295, 3, 99, 212, 96, 0, 0.39%, 0, 34, 20, 545.85
1587347325, 3, 111, 212, 95, 0, 0.39%, 0, 34, 20, 560.66
1587347371, 3, 118, 212, 94, 0, 0.39%, 0, 34, 20, 601.41
1587347392, 3, 125, 212, 93, 0, 0.39%, 0, 34, 20, 608.24
1587347432, 3, 135, 212, 92, 0, 0.39%, 0, 34, 20, 597.33
1587347483, 3, 138, 212, 91, 0, 0.39%, 0, 34, 20, 580.87
1587347488, 3, 139, 212, 91, 0, 0.39%, 0, 34, 20, 605.99
1587347549, 3, 140, 212, 90, 0, 0.39%, 0, 34, 20, 618.06
1587347615, 3, 161, 212, 89, 0, 0.39%, 0, 34, 20, 572.94
1587347752, 3, 183, 213, 89, 0, 0.39%, 0, 34, 20, 571.24
1587347803, 3, 183, 214, 90, 0, 0.39%, 0, 34, 20, 593.54
1587347818, 3, 187, 214, 89, 0, 0.39%, 0, 34, 20, 624.10
1587347828, 3, 187, 215, 90, 0, 0.39%, 0, 34, 20, 588.07
1587347838, 3, 194, 215, 89, 0, 0.39%, 0, 34, 20, 455.00
1587348125, 3, 194, 216, 90, 0, 0.39%, 0, 34, 20, 371.15
1587348131, 3, 194, 217, 91, 0, 0.39%, 0, 34, 20, 48.72
1587348141, 3, 194, 218, 92, 0, 0.39%, 0, 34, 20, 374.26
1587348182, 3, 195, 218, 91, 0, 0.39%, 0, 34, 20, 479.38
1587348254, 3, 195, 220, 93, 0, 0.39%, 0, 34, 20, 607.09
1587348274, 3, 214, 220, 92, 0, 0.39%, 0, 34, 20, 579.55
1587348299, 4, 7, 220, 91, 0, 0.39%, 0, 34, 20, 628.81
1587348315, 4, 20, 220, 90, 0, 0.39%, 0, 34, 20, 598.76
1587348320, 4, 23, 220, 90, 0, 0.39%, 0, 34, 20, 627.09
1587348325, 4, 30, 220, 89, 0, 0.39%, 0, 34, 20, 632.97
1587348330, 4, 34, 220, 89, 0, 0.39%, 0, 34, 20, 661.49
1587348335, 4, 41, 220, 88, 0, 0.39%, 0, 34, 20, 617.17
1587348350, 4, 42, 220, 87, 0, 0.39%, 0, 34, 20, 610.88
1587348366, 4, 51, 220, 86, 0, 0.39%, 0, 34, 20, 601.02
1587348371, 4, 57, 220, 86, 0, 0.39%, 0, 34, 20, 604.18
1587348396, 4, 57, 222, 88, 0, 0.39%, 0, 34, 20, 624.80
1587348406, 4, 62, 222, 87, 0, 0.39%, 0, 34, 20, 606.27
1587348411, 4, 89, 222, 87, 0, 0.39%, 0, 34, 20, 614.67
1587348441, 4, 96, 222, 86, 0, 0.39%, 0, 34, 20, 583.36
1587348472, 4, 104, 222, 85, 0, 0.39%, 0, 34, 20, 572.83
1587348508, 4, 108, 222, 84, 0, 0.39%, 0, 34, 20, 626.64
1587348538, 4, 117, 222, 83, 0, 0.39%, 0, 34, 20, 618.66
1587348568, 4, 119, 222, 82, 0, 0.39%, 0, 34, 20, 654.03
1587348589, 4, 132, 222, 81, 0, 0.39%, 0, 34, 20, 618.92
1587348624, 4, 132, 224, 83, 0, 0.39%, 0, 34, 20, 624.68
1587348634, 4, 132, 225, 84, 0, 0.39%, 0, 34, 20, 607.70
1587348660, 4, 138, 225, 83, 0, 0.39%, 0, 34, 20, 596.80
1587348665, 4, 157, 225, 83, 0, 0.39%, 0, 34, 20, 561.00
1587348807, 4, 172, 225, 82, 0, 0.39%, 0, 34, 20, 564.59
1587348884, 4, 172, 226, 83, 0, 0.39%, 0, 34, 20, 568.90
1587348904, 4, 176, 226, 82, 0, 0.39%, 0, 34, 20, 560.35
1587349041, 4, 182, 226, 81, 0, 0.39%, 0, 34, 20, 561.96
1587349361, 4, 189, 226, 80, 0, 0.39%, 0, 34, 20, 529.95
1587349387, 4, 189, 227, 81, 0, 0.39%, 0, 34, 20, 66.39
1587349479, 4, 190, 227, 80, 0, 0.39%, 0, 34, 20, 472.61
1587349709, 4, 198, 227, 79, 0, 0.39%, 0, 34, 20, 385.81
1587349769, 4, 203, 227, 78, 0, 0.39%, 0, 34, 20, 469.72
1587350583, 4, 203, 228, 79, 0, 0.39%, 0, 34, 20, 482.96
1587350588, 4, 203, 229, 80, 0, 0.39%, 0, 34, 20, 502.73
1587350629, 4, 209, 229, 79, 0, 0.39%, 0, 34, 20, 461.18
1587350664, 4, 223, 229, 78, 0, 0.39%, 0, 34, 20, 570.21
1587350710, 4, 223, 230, 79, 0, 0.39%, 0, 34, 20, 560.24
1587350741, 4, 227, 230, 78, 0, 0.39%, 0, 34, 20, 454.97
1587352492, 4, 227, 231, 79, 0, 0.39%, 0, 34, 20, 389.07
1587352507, 4, 227, 232, 80, 0, 0.39%, 0, 34, 20, 423.52
1587352563, 4, 231, 232, 79, 0, 0.39%, 0, 34, 20, 362.51
1587357248, 5, 17, 232, 78, 0, 0.39%, 0, 34, 20, 446.45
1587357253, 5, 40, 232, 78, 0, 0.39%, 0, 34, 20, 560.27
1587357268, 5, 43, 232, 77, 0, 0.39%, 0, 34, 20, 584.58
1587357284, 5, 49, 232, 76, 0, 0.39%, 0, 34, 20, 561.53
1587357309, 5, 56, 232, 75, 0, 0.39%, 0, 34, 20, 564.23
1587357320, 5, 59, 232, 74, 0, 0.39%, 0, 34, 20, 561.18
1587357325, 5, 69, 232, 74, 0, 0.39%, 0, 34, 20, 565.13
1587357345, 5, 80, 232, 73, 0, 0.39%, 0, 34, 20, 562.16
1587357350, 5, 90, 232, 73, 0, 0.39%, 0, 34, 20, 600.99
1587357371, 5, 90, 233, 74, 0, 0.39%, 0, 34, 20, 600.69
1587357381, 5, 113, 233, 73, 0, 0.39%, 0, 34, 20, 595.49
1587357426, 5, 158, 233, 72, 0, 0.39%, 0, 34, 20, 569.46
1587357522, 5, 159, 233, 71, 0, 0.39%, 0, 34, 20, 545.24
1587357644, 5, 164, 233, 70, 0, 0.39%, 0, 34, 20, 553.15
1587357771, 5, 169, 233, 69, 0, 0.39%, 0, 34, 20, 577.29
1587357917, 5, 170, 233, 68, 0, 0.39%, 0, 34, 20, 521.05
1587358054, 5, 174, 233, 67, 0, 0.39%, 0, 34, 20, 571.27
1587358247, 5, 181, 233, 66, 0, 0.39%, 0, 34, 20, 552.92
1587358384, 5, 185, 233, 65, 0, 0.39%, 0, 34, 20, 611.03
1587358389, 5, 196, 233, 65, 0, 0.39%, 0, 34, 20, 512.06
1587358739, 5, 204, 233, 64, 0, 0.39%, 0, 34, 20, 574.41
1587358744, 5, 216, 233, 64, 0, 0.39%, 0, 34, 20, 452.85
1587359249, 5, 218, 233, 63, 0, 0.39%, 0, 34, 20, 502.40
1587359381, 5, 218, 234, 64, 0, 0.39%, 0, 34, 20, 567.25
1587359392, 5, 218, 235, 65, 0, 0.39%, 0, 34, 20, 540.89
1587359427, 5, 219, 235, 64, 0, 0.39%, 0, 34, 20, 526.08
1587359590, 5, 220, 235, 63, 0, 0.39%, 0, 34, 20, 500.19
1587359655, 5, 224, 235, 62, 0, 0.39%, 0, 34, 20, 536.75
1587359711, 5, 224, 236, 63, 0, 0.39%, 0, 34, 20, 603.39
1587359742, 5, 224, 237, 64, 0, 0.39%, 0, 34, 20, 574.66
1587359752, 5, 236, 237, 63, 0, 0.39%, 0, 34, 20, 577.45
1587359900, 6, 25, 237, 62, 0, 0.39%, 0, 34, 20, 550.71
1587359905, 6, 31, 237, 62, 0, 0.39%, 0, 34, 20, 601.98
1587359915, 6, 36, 237, 61, 0, 0.39%, 0, 34, 20, 588.05
1587359930, 6, 59, 237, 60, 0, 0.39%, 0, 34, 20, 596.58
1587359935, 6, 94, 237, 60, 0, 0.39%, 0, 34, 20, 613.49
1587359966, 6, 103, 237, 59, 0, 0.39%, 0, 34, 20, 598.70
1587360011, 6, 109, 237, 58, 0, 0.39%, 0, 34, 20, 536.10
1587360016, 6, 115, 237, 58, 0, 0.39%, 0, 34, 20, 570.71
1587360067, 6, 120, 237, 57, 0, 0.39%, 0, 34, 20, 604.54
1587360098, 6, 123, 237, 56, 0, 0.39%, 0, 34, 20, 610.53
1587360128, 6, 128, 237, 55, 0, 0.39%, 0, 34, 20, 529.59
1587360246, 6, 150, 237, 54, 0, 0.39%, 0, 34, 20, 547.44
1587360322, 6, 151, 237, 53, 0, 0.39%, 0, 34, 20, 584.88
1587360408, 6, 162, 237, 52, 0, 0.39%, 0, 34, 20, 556.66
1587360535, 6, 186, 237, 51, 0, 0.39%, 0, 34, 20, 607.56
1587360590, 6, 197, 237, 50, 0, 0.39%, 0, 34, 20, 539.18
1587360886, 6, 200, 237, 49, 0, 0.39%, 0, 34, 20, 501.37
1587361064, 6, 205, 237, 48, 0, 0.39%, 0, 34, 20, 477.85
1587361308, 6, 208, 237, 47, 0, 0.39%, 0, 34, 20, 523.08
1587361384, 6, 208, 238, 48, 0, 0.39%, 0, 34, 21, 425.39
1587361699, 6, 208, 239, 49, 0, 0.39%, 0, 34, 21, 419.48
1587361719, 6, 208, 240, 50, 0, 0.39%, 0, 34, 21, 506.30
1587361739, 6, 212, 240, 49, 0, 0.39%, 0, 34, 21, 572.28
1587361795, 6, 217, 240, 48, 0, 0.39%, 0, 34, 21, 564.41
1587361856, 6, 217, 241, 49, 0, 0.39%, 0, 34, 21, 335.64
1587361861, 6, 217, 242, 50, 0, 0.39%, 0, 34, 21, 508.93
1587361897, 6, 230, 242, 49, 0, 0.39%, 0, 34, 21, 323.19
1587365428, 6, 241, 242, 48, 0, 0.39%, 0, 34, 21, 473.66
1587365545, 7, 19, 242, 47, 0, 0.39%, 0, 34, 21, 633.98
1587365556, 7, 45, 242, 46, 0, 0.39%, 0, 34, 21, 645.20
1587365561, 7, 61, 242, 46, 0, 0.39%, 0, 34, 21, 622.95
1587365581, 7, 80, 242, 45, 0, 0.39%, 0, 34, 21, 603.76
1587365586, 7, 97, 242, 45, 0, 0.39%, 0, 34, 21, 613.65
1587365616, 7, 102, 242, 44, 0, 0.39%, 0, 34, 21, 608.02
1587365652, 7, 109, 242, 43, 0, 0.39%, 0, 34, 21, 596.10
1587365657, 7, 156, 242, 43, 0, 0.39%, 0, 34, 21, 585.40
1587365749, 7, 188, 242, 42, 0, 0.39%, 0, 34, 21, 569.29
1587365810, 7, 193, 242, 41, 0, 0.39%, 0, 34, 21, 565.00
1587366045, 7, 195, 242, 40, 0, 0.39%, 0, 34, 21, 494.43
1587366050, 7, 210, 243, 41, 0, 0.39%, 0, 34, 21, 589.38
1587366101, 7, 211, 243, 40, 0, 0.39%, 0, 34, 21, 599.56
1587366116, 7, 211, 245, 42, 0, 0.39%, 0, 34, 21, 599.11
1587366157, 7, 232, 245, 41, 0, 0.39%, 0, 34, 21, 594.64
1587366223, 7, 232, 246, 42, 0, 0.39%, 0, 34, 21, 614.11
1587366264, 7, 234, 246, 41, 0, 0.39%, 0, 34, 21, 538.22
1587366538, 7, 234, 247, 42, 0, 0.39%, 0, 34, 21, 591.45
1587366558, 7, 234, 248, 43, 0, 0.39%, 0, 34, 21, 574.25
1587366569, 7, 240, 248, 42, 0, 0.39%, 0, 34, 21, 599.02
1587366670, 7, 242, 248, 41, 0, 0.39%, 0, 34, 21, 588.51
1587366726, 7, 244, 248, 40, 0, 0.39%, 0, 34, 21, 584.32
1587366798, 7, 244, 249, 41, 0, 0.39%, 0, 34, 21, 630.92
1587366818, 7, 245, 250, 41, 0, 0.39%, 0, 34, 21, 597.41
1587366945, 7, 245, 251, 42, 0, 0.39%, 0, 34, 21, 603.95
1587366986, 7, 247, 251, 41, 0, 0.39%, 0, 34, 21, 460.55
1587367622, 7, 247, 252, 42, 0, 0.39%, 0, 34, 21, 356.74
1587367674, 7, 248, 252, 41, 0, 0.39%, 0, 34, 21, 541.63
1587367785, 7, 248, 253, 42, 0, 0.39%, 0, 34, 21, 580.64
1587367796, 7, 248, 254, 43, 0, 0.39%, 0, 34, 21, 581.70
1587367821, 8, 25, 254, 42, 0, 0.39%, 0, 34, 21, 578.48
1587367826, 8, 51, 254, 42, 0, 0.39%, 0, 34, 21, 546.07
1587367831, 8, 60, 254, 42, 0, 0.39%, 0, 34, 21, 552.22
1587367846, 8, 68, 254, 41, 0, 0.39%, 0, 34, 21, 586.51
1587367861, 8, 80, 254, 40, 0, 0.39%, 0, 34, 21, 595.70
1587367867, 8, 135, 254, 40, 0, 0.39%, 0, 34, 21, 565.00
1587367872, 8, 143, 254, 40, 0, 0.39%, 0, 34, 21, 565.22
1587367928, 8, 154, 254, 39, 0, 0.39%, 0, 34, 21, 577.95
1587368025, 8, 189, 255, 39, 0, 0.39%, 0, 34, 21, 573.02
1587368030, 8, 193, 255, 39, 0, 0.39%, 0, 34, 21, 540.32
1587368036, 8, 228, 255, 39, 0, 0.39%, 0, 34, 21, 383.89
1587370192, 8, 238, 255, 38, 0, 0.39%, 0, 34, 21, 383.61
1587370807, 8, 238, 256, 39, 0, 0.39%, 0, 34, 22, 447.44
1587370873, 8, 246, 256, 38, 0, 0.39%, 0, 34, 22, 470.59
1587371268, 8, 249, 256, 37, 0, 0.39%, 0, 34, 22, 545.58
1587371405, 8, 249, 257, 38, 0, 0.39%, 0, 34, 22, 591.90
1587371446, 9, 17, 257, 37, 0, 0.39%, 0, 34, 22, 571.84
1587371451, 9, 45, 257, 37, 0, 0.39%, 0, 34, 22, 552.23
1587371456, 9, 59, 257, 37, 0, 0.39%, 0, 34, 22, 504.81
1587371461, 9, 70, 257, 37, 0, 0.39%, 0, 34, 22, 585.65
1587371492, 9, 80, 257, 36, 0, 0.39%, 0, 34, 22, 546.36
1587371497, 9, 100, 257, 36, 0, 0.39%, 0, 34, 22, 572.61
1587371538, 9, 115, 257, 35, 0, 0.39%, 0, 34, 22, 510.09
1587371543, 9, 157, 257, 35, 0, 0.39%, 0, 34, 22, 401.25
1587371548, 9, 168, 257, 35, 0, 0.39%, 0, 34, 22, 444.91
1587371761, 9, 180, 257, 34, 0, 0.39%, 0, 34, 22, 567.31
1587371766, 9, 229, 257, 34, 0, 0.39%, 0, 34, 22, 596.49
1587371822, 9, 229, 258, 35, 0, 0.39%, 0, 34, 22, 595.59
1587371867, 9, 233, 258, 34, 0, 0.39%, 0, 34, 22, 509.95
1587372183, 9, 250, 258, 33, 0, 0.39%, 0, 34, 22, 520.48
1587372483, 9, 255, 258, 32, 0, 0.39%, 0, 34, 22, 457.11
1587373920, 9, 255, 259, 33, 0, 0.39%, 0, 34, 23, 391.26
1587373925, 9, 255, 260, 34, 0, 0.39%, 0, 34, 23, 445.14
1587373976, 9, 258, 260, 33, 0, 0.39%, 0, 34, 23, 365.43
1587376845, 10, 16, 260, 32, 0, 0.39%, 0, 34, 23, 422.00
1587376850, 10, 33, 260, 32, 0, 0.39%, 0, 34, 23, 519.18
1587376855, 10, 58, 260, 32, 0, 0.39%, 0, 34, 23, 523.63
1587376860, 10, 87, 260, 32, 0, 0.39%, 0, 34, 23, 540.40
1587376880, 10, 103, 260, 31, 0, 0.39%, 0, 34, 23, 552.71
1587376885, 10, 116, 260, 31, 0, 0.39%, 0, 34, 23, 567.68
1587376921, 10, 146, 260, 30, 0, 0.39%, 0, 34, 23, 531.07
1587377002, 10, 179, 260, 29, 0, 0.39%, 0, 34, 23, 505.67
1587377160, 10, 183, 260, 28, 0, 0.39%, 0, 34, 23, 527.77
1587377165, 10, 184, 260, 28, 0, 0.39%, 0, 34, 23, 542.83
1587377221, 10, 218, 260, 27, 0, 0.39%, 0, 34, 23, 489.06
1587377226, 10, 221, 260, 27, 0, 0.39%, 0, 34, 23, 529.33
1587377302, 10, 226, 260, 26, 0, 0.39%, 0, 34, 23, 376.48
1587377424, 10, 233, 260, 25, 0, 0.39%, 0, 34, 23, 452.54
1587377430, 10, 235, 260, 25, 0, 0.39%, 0, 34, 23, 517.27
1587377567, 10, 235, 261, 26, 0, 0.39%, 0, 34, 23, 557.19
1587377592, 10, 238, 261, 25, 0, 0.39%, 0, 34, 23, 552.03
1587377597, 10, 242, 261, 25, 0, 0.39%, 0, 34, 23, 504.21
1587377602, 10, 252, 261, 25, 0, 0.39%, 0, 34, 23, 487.11
1587377840, 10, 259, 261, 24, 0, 0.39%, 0, 34, 23, 409.57
1587382105, 10, 259, 262, 25, 0, 0.39%, 0, 34, 24, 351.71
1587382151, 11, 31, 262, 24, 0, 0.39%, 0, 34, 24, 534.54
1587382156, 11, 46, 262, 24, 0, 0.39%, 0, 34, 24, 605.57
1587382171, 11, 58, 262, 23, 0, 0.39%, 0, 34, 24, 558.61
1587382176, 11, 80, 262, 23, 0, 0.39%, 0, 34, 24, 565.15
1587382181, 11, 110, 262, 23, 0, 0.39%, 0, 34, 24, 541.58
1587382186, 11, 145, 262, 23, 0, 0.39%, 0, 34, 24, 538.47
1587382247, 11, 183, 262, 22, 0, 0.39%, 0, 34, 24, 528.94
1587382252, 11, 225, 262, 22, 0, 0.39%, 0, 34, 24, 532.96
1587382466, 11, 236, 262, 21, 0, 0.39%, 0, 34, 24, 488.11
1587382472, 12, 5, 262, 21, 0, 0.39%, 0, 34, 24, 549.27
1587382477, 12, 9, 262, 20, 0, 0.39%, 0, 34, 24, 611.61
1587382482, 12, 23, 262, 20, 0, 0.39%, 0, 34, 24, 601.39
1587382487, 12, 30, 262, 20, 0, 0.39%, 0, 34, 24, 475.73
1587382492, 12, 33, 262, 20, 0, 0.39%, 0, 34, 24, 615.56
1587382497, 12, 45, 262, 20, 0, 0.39%, 0, 34, 24, 605.56
1587382502, 12, 52, 262, 20, 0, 0.39%, 0, 34, 24, 355.90
1587382507, 12, 57, 262, 20, 0, 0.39%, 0, 34, 24, 507.58
1587382512, 12, 58, 262, 20, 0, 0.39%, 0, 34, 24, 522.01
1587382518, 12, 62, 262, 20, 0, 0.39%, 0, 34, 24, 555.48
1587382523, 12, 80, 262, 20, 0, 0.39%, 0, 34, 24, 566.89
1587382528, 12, 109, 262, 20, 0, 0.39%, 0, 34, 24, 531.64
1587382533, 12, 110, 262, 20, 0, 0.39%, 0, 34, 24, 498.24
1587382538, 12, 138, 262, 20, 0, 0.39%, 0, 34, 24, 550.22
1587382543, 12, 145, 262, 20, 0, 0.39%, 0, 34, 24, 535.54
1587382548, 12, 158, 262, 20, 0, 0.39%, 0, 34, 24, 548.27
1587382553, 12, 172, 262, 20, 0, 0.39%, 0, 34, 24, 541.42
1587382558, 12, 208, 262, 20, 0, 0.39%, 0, 34, 24, 522.12
1587382568, 12, 213, 262, 20, 0, 0.39%, 0, 34, 24, 477.86
1587382710, 12, 217, 262, 19, 0, 0.39%, 0, 34, 24, 531.66
1587382720, 12, 222, 262, 19, 0, 0.39%, 0, 34, 24, 527.53
1587382802, 12, 248, 262, 18, 0, 0.39%, 0, 34, 24, 482.83
1587382812, 12, 253, 262, 18, 0, 0.39%, 0, 34, 24, 477.33
1587383102, 12, 253, 263, 19, 0, 0.39%, 0, 34, 24, 482.03
1587383143, 13, 8, 263, 18, 0, 0.39%, 0, 34, 24, 527.40
1587383148, 13, 17, 263, 18, 0, 0.39%, 0, 34, 24, 458.50
1587383153, 13, 24, 263, 18, 0, 0.39%, 0, 34, 24, 494.13
1587383168, 13, 30, 263, 17, 0, 0.39%, 0, 34, 24, 571.57
1587383173, 13, 33, 263, 17, 0, 0.39%, 0, 34, 24, 547.42
1587383178, 13, 51, 263, 17, 0, 0.39%, 0, 34, 24, 458.87
1587383183, 13, 56, 263, 17, 0, 0.39%, 0, 34, 24, 521.80
1587383188, 13, 58, 263, 17, 0, 0.39%, 0, 34, 24, 538.01
1587383194, 13, 62, 263, 17, 0, 0.39%, 0, 34, 24, 554.20
1587383199, 13, 71, 263, 17, 0, 0.39%, 0, 34, 24, 66.78
1587383204, 13, 74, 263, 17, 0, 0.39%, 0, 34, 24, 585.70
1587383224, 13, 76, 263, 16, 0, 0.39%, 0, 34, 24, 472.46
1587383229, 13, 80, 263, 16, 0, 0.39%, 0, 34, 24, 521.10
1587383234, 13, 94, 263, 16, 0, 0.39%, 0, 34, 24, 495.17
1587383239, 13, 108, 263, 16, 0, 0.39%, 0, 34, 24, 477.74
1587383245, 13, 109, 263, 16, 0, 0.39%, 0, 34, 24, 17.62
1587383250, 13, 110, 263, 16, 0, 0.39%, 0, 34, 24, 517.88
1587383255, 13, 115, 263, 16, 0, 0.39%, 0, 34, 24, 274.99
1587383260, 13, 127, 263, 16, 0, 0.39%, 0, 34, 24, 409.81
1587383316, 13, 135, 263, 15, 0, 0.39%, 0, 34, 24, 522.54
1587383321, 13, 143, 263, 15, 0, 0.39%, 0, 34, 24, 530.18
1587383326, 13, 146, 263, 15, 0, 0.39%, 0, 34, 24, 486.67
1587383331, 13, 149, 263, 15, 0, 0.39%, 0, 34, 24, 458.85
1587383336, 13, 150, 263, 15, 0, 0.39%, 0, 34, 24, 531.55
1587383341, 13, 175, 263, 15, 0, 0.39%, 0, 34, 24, 559.20
1587383346, 13, 204, 263, 15, 0, 0.39%, 0, 34, 24, 537.25
1587383357, 13, 221, 263, 15, 0, 0.39%, 0, 34, 24, 465.49
1587383362, 13, 262, 263, 15, 0, 0.39%, 0, 34, 24, 422.76
1587383840, 13, 262, 264, 16, 0, 0.39%, 0, 34, 24, 19.28
1587383907, 13, 263, 264, 15, 0, 0.39%, 0, 34, 24, 499.13
1587384817, 13, 263, 265, 16, 0, 0.39%, 0, 34, 24, 408.88
1587384828, 13, 263, 266, 17, 0, 0.39%, 0, 34, 24, 468.34
1587384868, 14, 17, 266, 16, 0, 0.39%, 0, 34, 24, 536.60
1587384873, 14, 28, 266, 16, 0, 0.39%, 0, 34, 24, 527.00
1587384878, 14, 31, 266, 16, 0, 0.39%, 0, 34, 24, 511.38
1587384883, 14, 40, 266, 16, 0, 0.39%, 0, 34, 24, 527.38
1587384888, 14, 45, 266, 16, 0, 0.39%, 0, 34, 24, 416.45
1587384899, 14, 52, 266, 16, 0, 0.39%, 0, 34, 24, 441.23
1587384904, 14, 58, 266, 16, 0, 0.39%, 0, 34, 24, 488.92
1587384909, 14, 62, 266, 16, 0, 0.39%, 0, 34, 24, 524.08
1587384914, 14, 76, 266, 16, 0, 0.39%, 0, 34, 24, 501.37
1587384919, 14, 91, 266, 16, 0, 0.39%, 0, 34, 24, 507.25
1587384929, 14, 110, 266, 16, 0, 0.39%, 0, 34, 24, 501.83
1587384934, 14, 114, 266, 16, 0, 0.39%, 0, 34, 24, 533.51
1587384990, 14, 126, 266, 15, 0, 0.39%, 0, 34, 24, 519.15
1587384995, 14, 138, 266, 15, 0, 0.39%, 0, 34, 24, 198.35
1587385000, 14, 193, 266, 15, 0, 0.39%, 0, 34, 24, 352.52
1587385005, 14, 205, 266, 15, 0, 0.39%, 0, 34, 24, 464.30
1587385030, 14, 215, 266, 15, 0, 0.39%, 0, 34, 24, 217.95
1587385492, 14, 237, 266, 14, 0, 0.39%, 0, 34, 24, 373.24
1587385930, 14, 238, 266, 13, 0, 0.39%, 0, 34, 24, 518.52
1587385940, 14, 239, 266, 13, 0, 0.39%, 0, 34, 24, 428.39
1587386967, 14, 257, 267, 13, 0, 0.39%, 0, 34, 24, 491.13
1587387120, 14, 260, 267, 12, 0, 0.39%, 0, 34, 24, 532.30
1587387439, 15, 16, 267, 11, 0, 0.39%, 0, 34, 24, 570.65
1587387444, 15, 30, 267, 11, 0, 0.39%, 0, 34, 24, 558.24
1587387450, 15, 31, 267, 11, 0, 0.39%, 0, 34, 24, 553.42
1587387455, 15, 45, 267, 11, 0, 0.39%, 0, 34, 24, 486.70
1587387460, 15, 51, 267, 11, 0, 0.39%, 0, 34, 24, 482.24
1587387465, 15, 56, 267, 11, 0, 0.39%, 0, 34, 24, 563.42
1587387470, 15, 58, 267, 11, 0, 0.39%, 0, 34, 24, 544.56
1587387475, 15, 62, 267, 11, 0, 0.39%, 0, 34, 24, 486.37
1587387480, 15, 80, 267, 11, 0, 0.39%, 0, 34, 24, 540.47
1587387485, 15, 109, 267, 11, 0, 0.39%, 0, 34, 24, 539.10
1587387490, 15, 110, 267, 11, 0, 0.39%, 0, 34, 24, 508.07
1587387495, 15, 124, 267, 11, 0, 0.39%, 0, 34, 24, 514.53
1587387500, 15, 138, 267, 11, 0, 0.39%, 0, 34, 24, 490.84
1587387505, 15, 173, 267, 11, 0, 0.39%, 0, 34, 24, 515.95
1587387510, 15, 192, 267, 11, 0, 0.39%, 0, 34, 24, 488.41
1587387628, 15, 230, 267, 10, 0, 0.39%, 0, 34, 24, 476.20
1587387633, 15, 247, 267, 10, 0, 0.39%, 0, 34, 24, 484.34
1587387643, 16, 17, 267, 10, 0, 0.39%, 0, 34, 24, 532.34
1587387648, 16, 30, 267, 10, 0, 0.39%, 0, 34, 24, 534.75
1587387653, 16, 33, 267, 10, 0, 0.39%, 0, 34, 24, 524.84
1587387658, 16, 45, 267, 10, 0, 0.39%, 0, 34, 24, 444.63
1587387663, 16, 51, 267, 10, 0, 0.39%, 0, 34, 24, 526.36
1587387669, 16, 56, 267, 10, 0, 0.39%, 0, 34, 24, 525.05
1587387674, 16, 59, 267, 10, 0, 0.39%, 0, 34, 24, 531.34
1587387679, 16, 76, 267, 10, 0, 0.39%, 0, 34, 24, 520.25
1587387684, 16, 80, 267, 10, 0, 0.39%, 0, 34, 24, 530.56
1587387689, 16, 110, 267, 10, 0, 0.39%, 0, 34, 24, 542.26
1587387694, 16, 124, 267, 10, 0, 0.39%, 0, 34, 24, 549.96
1587387699, 16, 130, 267, 10, 0, 0.39%, 0, 34, 24, 557.93
1587387740, 16, 134, 267, 9, 0, 0.39%, 0, 34, 24, 558.02
1587387745, 16, 135, 267, 9, 0, 0.39%, 0, 34, 24, 551.68
1587387750, 16, 146, 267, 9, 0, 0.39%, 0, 34, 24, 500.86
1587387755, 16, 150, 267, 9, 0, 0.39%, 0, 34, 24, 489.14
1587387760, 16, 169, 267, 9, 0, 0.39%, 0, 34, 24, 519.13
1587387765, 16, 172, 267, 9, 0, 0.39%, 0, 34, 24, 516.03
1587387770, 16, 187, 267, 9, 0, 0.39%, 0, 34, 24, 570.17
1587387775, 16, 193, 267, 9, 0, 0.39%, 0, 34, 24, 533.01
1587387780, 16, 216, 267, 9, 0, 0.39%, 0, 34, 24, 300.79
1587387796, 16, 251, 267, 9, 0, 0.39%, 0, 34, 24, 340.26
1587389487, 16, 251, 268, 10, 0, 0.39%, 0, 34, 24, 277.12
1587389553, 16, 254, 268, 9, 0, 0.39%, 0, 34, 24, 391.73
1587389773, 16, 254, 269, 10, 0, 0.39%, 0, 34, 24, 395.77
1587389845, 16, 260, 269, 9, 0, 0.39%, 0, 34, 24, 463.41
1587389865, 16, 261, 269, 9, 0, 0.39%, 0, 34, 24, 402.30
1587402810, 16, 266, 269, 8, 0, 0.39%, 0, 34, 24, 620.47
1587402911, 16, 266, 270, 9, 0, 0.39%, 0, 34, 24, 552.77
1587402983, 16, 267, 270, 8, 0, 0.39%, 0, 34, 24, 500.96
1587405946, 16, 267, 271, 9, 0, 0.39%, 0, 34, 24, 425.30
1587405987, 17, 17, 271, 8, 0, 0.39%, 0, 34, 24, 585.82
1587405992, 17, 26, 271, 8, 0, 0.39%, 0, 34, 24, 573.93
1587405997, 17, 31, 271, 8, 0, 0.39%, 0, 34, 24, 584.73
1587406002, 17, 38, 271, 8, 0, 0.39%, 0, 34, 24, 614.63
1587406007, 17, 45, 271, 8, 0, 0.39%, 0, 34, 24, 89.22
1587406012, 17, 51, 271, 8, 0, 0.39%, 0, 34, 24, 369.86
1587406018, 17, 56, 272, 9, 0, 0.39%, 0, 34, 24, 547.51
1587406023, 17, 59, 272, 9, 0, 0.39%, 0, 34, 24, 595.98
1587406028, 17, 76, 272, 9, 0, 0.39%, 0, 34, 24, 250.48
1587406033, 17, 103, 273, 10, 1, 0.39%, 0, 34, 24, 508.46
1587406038, 17, 178, 273, 10, 1, 0.39%, 0, 34, 24, 551.35
1587406043, 17, 203, 273, 10, 1, 0.39%, 0, 34, 24, 553.31
1587406054, 17, 224, 273, 10, 1, 0.39%, 0, 34, 24, 583.57
1587406059, 17, 267, 273, 10, 1, 0.39%, 0, 34, 24, 528.86
1587406074, 17, 272, 274, 11, 1, 0.39%, 0, 34, 24, 607.26
1587406089, 17, 272, 274, 11, 1, 0.39%, 0, 35, 24, 656.86
1587406120, 17, 273, 276, 12, 2, 0.40%, 0, 35, 24, 616.83
1587406140, 17, 273, 277, 13, 2, 0.40%, 0, 35, 24, 640.09
1587406166, 17, 273, 278, 14, 2, 0.40%, 0, 35, 24, 625.16
1587406181, 17, 273, 281, 17, 2, 0.40%, 0, 35, 24, 616.38
1587406186, 17, 274, 281, 16, 1, 0.40%, 0, 35, 24, 618.33
1587406191, 17, 274, 281, 16, 1, 0.40%, 0, 36, 24, 615.60
1587406303, 17, 278, 281, 15, 0, 0.40%, 0, 36, 24, 600.98
1587406440, 17, 278, 282, 16, 0, 0.40%, 0, 36, 24, 585.95
1587406465, 17, 278, 283, 17, 0, 0.40%, 0, 36, 24, 591.81
1587406481, 17, 278, 284, 18, 0, 0.40%, 0, 36, 24, 591.37
1587406486, 17, 282, 284, 17, 1, 0.40%, 0, 36, 24, 612.62
1587406536, 17, 282, 284, 17, 1, 0.40%, 0, 37, 24, 622.64
1587406547, 17, 282, 285, 18, 1, 0.40%, 0, 37, 24, 618.31
1587406597, 18, 17, 285, 17, 0, 0.40%, 0, 37, 24, 603.75
1587406602, 18, 30, 285, 17, 0, 0.40%, 0, 37, 24, 608.40
1587406607, 18, 33, 285, 17, 0, 0.40%, 0, 37, 24, 645.07
1587406612, 18, 42, 285, 17, 0, 0.40%, 0, 37, 24, 588.69
1587406617, 18, 45, 285, 17, 0, 0.40%, 0, 37, 24, 223.84
1587406623, 18, 51, 285, 17, 0, 0.40%, 0, 37, 24, 427.30
1587406628, 18, 56, 285, 17, 0, 0.40%, 0, 37, 24, 560.68
1587406633, 18, 76, 285, 17, 0, 0.40%, 0, 37, 24, 580.54
1587406638, 18, 85, 285, 17, 0, 0.40%, 0, 37, 24, 605.15
1587406643, 18, 89, 285, 17, 0, 0.40%, 0, 37, 24, 101.69
1587406648, 18, 109, 285, 17, 0, 0.40%, 0, 37, 24, 564.16
1587406653, 18, 116, 285, 17, 0, 0.40%, 0, 37, 24, 619.04
1587406658, 18, 122, 285, 17, 0, 0.40%, 0, 37, 24, 616.82
1587406663, 18, 134, 285, 17, 0, 0.40%, 0, 37, 24, 534.69
1587406669, 18, 138, 285, 17, 0, 0.40%, 0, 37, 24, 16.08
1587406674, 18, 179, 285, 17, 0, 0.40%, 0, 37, 24, 558.30
1587406679, 18, 213, 285, 17, 0, 0.40%, 0, 37, 24, 126.92
1587406689, 18, 215, 285, 17, 0, 0.40%, 0, 37, 24, 540.59
1587406704, 18, 273, 285, 17, 0, 0.40%, 0, 37, 24, 565.85
1587406720, 18, 275, 285, 17, 0, 0.40%, 0, 37, 24, 600.86
1587406836, 18, 279, 285, 16, 0, 0.40%, 0, 37, 24, 619.96
1587406943, 18, 280, 285, 15, 0, 0.40%, 0, 37, 24, 524.71
1587407472, 18, 282, 285, 14, 0, 0.40%, 0, 37, 24, 603.64
1587407487, 19, 16, 285, 14, 0, 0.40%, 0, 37, 24, 626.05
1587407492, 19, 21, 285, 14, 0, 0.40%, 0, 37, 24, 597.66
1587407497, 19, 30, 285, 14, 0, 0.40%, 0, 37, 24, 593.95
1587407502, 19, 33, 285, 14, 0, 0.40%, 0, 37, 24, 667.78
1587407507, 19, 45, 285, 14, 0, 0.40%, 0, 37, 24, 647.32
1587407512, 19, 52, 285, 14, 0, 0.40%, 0, 37, 24, 606.00
1587407517, 19, 59, 285, 14, 0, 0.40%, 0, 37, 24, 609.71
1587407522, 19, 62, 285, 14, 0, 0.40%, 0, 37, 24, 648.18
1587407528, 19, 80, 285, 14, 0, 0.40%, 0, 37, 24, 618.02
1587407533, 19, 109, 285, 14, 0, 0.40%, 0, 37, 24, 591.32
1587407538, 19, 120, 285, 14, 0, 0.40%, 0, 37, 24, 612.54
1587407543, 19, 143, 285, 14, 0, 0.40%, 0, 37, 24, 611.74
1587407548, 19, 152, 285, 14, 0, 0.40%, 0, 37, 24, 608.25
1587407553, 19, 207, 285, 14, 0, 0.40%, 0, 37, 24, 582.27
1587407568, 19, 231, 285, 14, 0, 0.40%, 0, 37, 24, 383.93
1587407574, 19, 242, 285, 14, 0, 0.40%, 0, 37, 24, 506.76
1587407584, 19, 265, 285, 14, 0, 0.40%, 0, 37, 24, 333.08
1587409553, 19, 265, 286, 15, 0, 0.40%, 0, 37, 24, 328.94
1587409611, 19, 270, 286, 14, 0, 0.40%, 0, 37, 24, 248.16
1587415475, 19, 273, 286, 13, 0, 0.40%, 0, 37, 24, 575.94
1587415490, 19, 276, 286, 13, 0, 0.40%, 0, 37, 24, 599.07
1587415551, 19, 277, 286, 12, 0, 0.40%, 0, 37, 24, 551.06
1587415612, 19, 282, 286, 11, 0, 0.40%, 0, 37, 24, 579.73
1587415627, 19, 285, 286, 11, 0, 0.40%, 0, 37, 24, 338.70
1587419538, 20, 17, 286, 10, 0, 0.40%, 0, 37, 24, 582.77
1587419543, 20, 30, 286, 10, 0, 0.40%, 0, 37, 24, 593.75
1587419548, 20, 33, 286, 10, 0, 0.40%, 0, 37, 24, 567.76
1587419553, 20, 51, 286, 10, 0, 0.40%, 0, 37, 24, 334.73
1587419559, 20, 56, 286, 10, 0, 0.40%, 0, 37, 24, 522.81
1587419564, 20, 62, 286, 10, 0, 0.40%, 0, 37, 24, 592.89
1587419569, 20, 76, 286, 10, 0, 0.40%, 0, 37, 24, 558.58
1587419574, 20, 102, 286, 10, 0, 0.40%, 0, 37, 24, 562.98
1587419579, 20, 109, 286, 10, 0, 0.40%, 0, 37, 24, 489.40
1587419584, 20, 110, 286, 10, 0, 0.40%, 0, 37, 24, 522.42
1587419589, 20, 114, 286, 10, 0, 0.40%, 0, 37, 24, 574.75
1587419594, 20, 124, 286, 10, 0, 0.40%, 0, 37, 24, 529.19
1587419599, 20, 138, 286, 10, 0, 0.40%, 0, 37, 24, 532.38
1587419604, 20, 175, 286, 10, 0, 0.40%, 0, 37, 24, 565.40
1587419610, 20, 180, 286, 10, 0, 0.40%, 0, 37, 24, 554.88
1587419620, 20, 194, 286, 10, 0, 0.40%, 0, 37, 24, 281.41
1587419630, 20, 197, 286, 10, 0, 0.40%, 0, 37, 24, 456.52
1587419635, 20, 221, 286, 10, 0, 0.40%, 0, 37, 24, 565.16
1587419640, 20, 235, 286, 10, 0, 0.40%, 0, 37, 24, 571.29
1587419645, 20, 271, 286, 10, 0, 0.40%, 0, 37, 24, 531.99
1587419921, 20, 273, 286, 9, 0, 0.40%, 0, 37, 24, 530.49
1587419937, 20, 282, 286, 9, 0, 0.40%, 0, 37, 24, 621.96
1587419952, 21, 16, 286, 9, 0, 0.40%, 0, 37, 24, 615.53
1587419957, 21, 25, 286, 9, 0, 0.40%, 0, 37, 24, 631.26
1587419962, 21, 30, 286, 9, 0, 0.40%, 0, 37, 24, 617.32
1587419967, 21, 33, 286, 9, 0, 0.40%, 0, 37, 24, 398.56
1587419972, 21, 51, 286, 9, 0, 0.40%, 0, 37, 24, 644.82
1587419977, 21, 56, 286, 9, 0, 0.40%, 0, 37, 24, 633.62
1587419983, 21, 61, 286, 9, 0, 0.40%, 0, 37, 24, 627.13
1587419988, 21, 76, 286, 9, 0, 0.40%, 0, 37, 24, 521.20
1587419993, 21, 109, 286, 9, 0, 0.40%, 0, 37, 24, 593.73
1587419998, 21, 110, 286, 9, 0, 0.40%, 0, 37, 24, 604.33
1587420003, 21, 114, 286, 9, 0, 0.40%, 0, 37, 24, 601.68
1587420008, 21, 128, 286, 9, 0, 0.40%, 0, 37, 24, 507.33
1587420013, 21, 138, 286, 9, 0, 0.40%, 0, 37, 24, 508.18
1587420018, 21, 167, 286, 9, 0, 0.40%, 0, 37, 24, 582.17
1587420023, 21, 170, 286, 9, 0, 0.40%, 0, 37, 24, 546.38
1587420028, 21, 191, 286, 9, 0, 0.40%, 0, 37, 24, 511.12
1587420427, 21, 212, 286, 8, 0, 0.40%, 0, 37, 24, 397.31
1587420437, 21, 255, 286, 8, 0, 0.40%, 0, 37, 24, 488.21
1587420457, 21, 264, 286, 8, 0, 0.40%, 0, 37, 24, 459.03
1587422159, 21, 269, 286, 7, 0, 0.40%, 0, 37, 24, 552.00
1587422384, 21, 269, 287, 8, 0, 0.40%, 0, 37, 24, 585.23
1587422424, 21, 273, 287, 7, 0, 0.40%, 0, 37, 24, 643.48
1587422434, 21, 282, 287, 7, 0, 0.40%, 1, 37, 24, 645.19
1587422440, 21, 283, 287, 7, 0, 0.40%, 1, 37, 24, 570.43
1587422902, 21, 283, 288, 8, 0, 0.40%, 1, 37, 24, 555.60
1587422968, 21, 284, 288, 7, 0, 0.40%, 1, 37, 24, 609.72
1587423070, 21, 284, 289, 8, 0, 0.40%, 1, 37, 24, 501.09
1587423075, 21, 284, 290, 9, 0, 0.40%, 1, 37, 24, 561.03
1587423121, 21, 286, 290, 8, 0, 0.40%, 1, 37, 24, 540.78
1587423554, 21, 286, 291, 9, 0, 0.40%, 1, 37, 25, 579.46
1587423615, 22, 16, 291, 8, 0, 0.40%, 1, 37, 25, 579.48
1587423620, 22, 25, 291, 8, 0, 0.40%, 1, 37, 25, 582.01
1587423625, 22, 31, 291, 8, 0, 0.40%, 1, 37, 25, 541.70
1587423630, 22, 38, 291, 8, 0, 0.40%, 1, 37, 25, 175.23
1587423635, 22, 47, 291, 8, 0, 0.40%, 1, 37, 25, 495.38
1587423640, 22, 52, 291, 8, 0, 0.40%, 1, 37, 25, 553.65
1587423645, 22, 59, 291, 8, 0, 0.40%, 1, 37, 25, 618.24
1587423650, 22, 62, 291, 8, 0, 0.40%, 1, 37, 25, 588.59
1587423656, 22, 102, 291, 8, 0, 0.40%, 1, 37, 25, 611.37
1587423661, 22, 109, 291, 8, 0, 0.40%, 1, 37, 25, 565.93
1587423666, 22, 110, 291, 8, 0, 0.40%, 1, 37, 25, 569.61
1587423671, 22, 129, 291, 8, 0, 0.40%, 1, 37, 25, 570.20
1587423676, 22, 138, 291, 8, 0, 0.40%, 1, 37, 25, 511.99
1587423681, 22, 154, 291, 8, 0, 0.40%, 1, 37, 25, 581.27
1587423686, 22, 172, 291, 8, 0, 0.40%, 1, 37, 25, 595.61
1587423691, 22, 177, 291, 8, 0, 0.40%, 1, 37, 25, 583.16
1587423696, 22, 214, 291, 8, 0, 0.40%, 1, 37, 25, 599.94
1587423701, 22, 232, 291, 8, 0, 0.40%, 1, 37, 25, 554.40
1587423711, 22, 238, 291, 8, 0, 0.40%, 1, 37, 25, 605.23
1587423716, 22, 256, 291, 8, 0, 0.40%, 1, 37, 25, 574.86
1587423940, 22, 262, 291, 7, 0, 0.40%, 1, 37, 25, 570.20
1587423956, 22, 268, 291, 7, 0, 0.40%, 1, 37, 25, 471.87
1587424399, 22, 282, 291, 6, 0, 0.40%, 1, 37, 25, 563.30
1587424405, 22, 287, 291, 6, 0, 0.40%, 1, 37, 25, 507.18
1587425167, 23, 17, 291, 5, 0, 0.40%, 1, 37, 25, 552.88
1587425172, 23, 21, 291, 5, 0, 0.40%, 1, 37, 25, 486.77
1587425178, 23, 31, 291, 5, 0, 0.40%, 1, 37, 25, 546.95
1587425183, 23, 33, 291, 5, 0, 0.40%, 1, 37, 25, 560.00
1587425188, 23, 44, 291, 5, 0, 0.40%, 1, 37, 25, 557.69
1587425193, 23, 45, 291, 5, 0, 0.40%, 1, 37, 25, 518.04
1587425198, 23, 56, 291, 5, 0, 0.40%, 1, 37, 25, 583.63
1587425203, 23, 62, 291, 5, 0, 0.40%, 1, 37, 25, 605.24
1587425208, 23, 76, 291, 5, 0, 0.40%, 1, 37, 25, 610.55
1587425213, 23, 92, 291, 5, 0, 0.40%, 1, 37, 25, 606.10
1587425218, 23, 109, 291, 5, 0, 0.40%, 1, 37, 25, 614.57
1587425223, 23, 131, 291, 5, 0, 0.40%, 1, 37, 25, 618.90
1587425228, 23, 138, 291, 5, 0, 0.40%, 1, 37, 25, 609.57
1587425233, 23, 172, 291, 5, 0, 0.40%, 1, 37, 25, 583.74
1587425239, 23, 209, 291, 5, 0, 0.40%, 1, 37, 25, 613.35
1587425249, 23, 213, 291, 5, 0, 0.40%, 1, 37, 25, 570.55
1587425254, 23, 224, 291, 5, 0, 0.40%, 1, 37, 25, 584.91
1587425259, 23, 228, 291, 5, 0, 0.40%, 1, 37, 25, 535.83
1587425264, 23, 243, 291, 5, 0, 0.40%, 1, 37, 25, 616.63
1587425326, 23, 244, 291, 4, 0, 0.40%, 1, 37, 25, 639.17
1587425336, 23, 281, 291, 4, 0, 0.40%, 1, 37, 25, 625.24
1587425615, 23, 281, 292, 5, 0, 0.40%, 1, 37, 25, 553.28
1587425666, 23, 282, 292, 4, 0, 0.40%, 1, 37, 25, 572.27
1587425671, 23, 285, 292, 4, 0, 0.40%, 1, 37, 25, 430.23
1587425681, 23, 290, 292, 4, 0, 0.40%, 1, 37, 25, 492.93
