# unix_time, cycles_done, cur_path, paths_total, pending_total, pending_favs, map_size, unique_crashes, unique_hangs, max_depth, execs_per_sec
1587480259, 0, 0, 16, 16, 8, 0.68%, 0, 0, 1, 531.12
1587480263, 0, 2, 23, 23, 8, 0.69%, 0, 0, 2, 604.46
1587480269, 0, 2, 26, 26, 8, 0.70%, 0, 0, 2, 609.34
1587480274, 0, 2, 48, 48, 8, 0.75%, 0, 0, 2, 610.53
1587480279, 0, 2, 59, 59, 8, 0.77%, 0, 0, 2, 601.37
1587480284, 0, 2, 69, 69, 8, 0.80%, 0, 0, 2, 601.18
1587480289, 0, 2, 71, 71, 8, 0.80%, 0, 0, 2, 601.62
1587480294, 0, 2, 73, 73, 8, 0.80%, 0, 0, 2, 598.29
1587480299, 0, 2, 76, 76, 8, 0.82%, 0, 0, 2, 598.27
1587480304, 0, 2, 79, 79, 8, 0.83%, 0, 0, 2, 588.01
1587480310, 0, 2, 84, 84, 8, 0.84%, 0, 0, 2, 596.37
1587480315, 0, 2, 89, 89, 8, 0.85%, 0, 0, 2, 606.96
1587480320, 0, 2, 91, 91, 8, 0.85%, 0, 0, 2, 598.46
1587480325, 0, 2, 93, 93, 8, 0.86%, 0, 0, 2, 602.99
1587480330, 0, 16, 97, 96, 44, 0.87%, 0, 0, 3, 596.61
1587480335, 0, 16, 98, 97, 44, 0.88%, 0, 0, 3, 598.23
1587480345, 0, 16, 102, 101, 44, 0.88%, 0, 0, 3, 585.64
1587480350, 0, 16, 108, 107, 44, 0.88%, 0, 0, 3, 594.55
1587480355, 0, 16, 109, 108, 44, 0.88%, 0, 0, 3, 592.26
1587480361, 0, 16, 112, 111, 44, 0.88%, 0, 0, 3, 585.72
1587480366, 0, 16, 114, 113, 44, 0.88%, 0, 0, 3, 584.62
1587480371, 0, 16, 117, 116, 44, 0.88%, 0, 0, 3, 546.47
1587480376, 0, 16, 120, 119, 44, 0.88%, 0, 0, 3, 587.58
1587480386, 0, 16, 123, 122, 44, 0.88%, 0, 0, 3, 601.30
1587480391, 0, 16, 127, 126, 44, 0.89%, 0, 0, 3, 597.29
1587480401, 0, 18, 128, 126, 51, 0.90%, 0, 0, 3, 607.95
1587480417, 0, 23, 129, 126, 51, 0.90%, 0, 0, 3, 595.65
1587480427, 0, 23, 130, 127, 51, 0.90%, 0, 0, 3, 585.56
1587480432, 0, 23, 132, 129, 51, 0.90%, 0, 0, 3, 553.50
1587480437, 0, 23, 133, 130, 51, 0.91%, 0, 0, 3, 572.31
1587480442, 0, 23, 134, 131, 51, 0.91%, 0, 0, 3, 562.56
1587480447, 0, 23, 135, 132, 51, 0.91%, 0, 0, 3, 558.18
1587480457, 0, 23, 137, 134, 51, 0.91%, 0, 0, 3, 496.41
1587480467, 0, 23, 138, 135, 51, 0.91%, 0, 0, 3, 571.65
1587480473, 0, 23, 140, 137, 51, 0.91%, 0, 0, 3, 559.00
1587480488, 0, 25, 140, 136, 52, 0.91%, 0, 0, 3, 583.81
1587480493, 0, 25, 141, 137, 52, 0.92%, 0, 0, 3, 595.06
1587480498, 0, 25, 142, 138, 52, 0.92%, 0, 0, 3, 594.19
1587480503, 0, 26, 142, 137, 52, 0.92%, 0, 0, 3, 563.09
1587480518, 0, 26, 143, 138, 52, 0.92%, 0, 0, 3, 575.31
1587480523, 0, 26, 145, 140, 52, 0.92%, 0, 0, 3, 554.53
1587480533, 0, 29, 145, 139, 51, 0.92%, 0, 0, 3, 547.69
1587480539, 0, 43, 145, 138, 50, 0.92%, 0, 0, 3, 574.89
1587480559, 0, 44, 145, 137, 49, 0.92%, 0, 0, 3, 574.49
1587480574, 0, 46, 145, 136, 48, 0.92%, 0, 0, 3, 558.03
1587480609, 0, 46, 148, 139, 48, 0.92%, 0, 0, 3, 530.55
1587480614, 0, 46, 149, 140, 48, 0.92%, 0, 0, 3, 522.22
1587480620, 0, 46, 150, 141, 48, 0.92%, 0, 0, 3, 510.06
1587480630, 0, 46, 153, 144, 48, 0.92%, 0, 0, 3, 539.74
1587480640, 0, 46, 156, 147, 48, 0.93%, 0, 0, 3, 537.50
1587480655, 0, 46, 157, 148, 48, 0.93%, 0, 0, 3, 530.54
1587480660, 0, 46, 158, 149, 48, 0.93%, 0, 0, 3, 527.31
1587480670, 0, 49, 158, 148, 48, 0.93%, 0, 0, 3, 562.20
1587480676, 0, 51, 159, 148, 47, 0.93%, 0, 0, 3, 551.08
1587480686, 0, 52, 159, 147, 46, 0.93%, 0, 0, 3, 550.66
1587480696, 0, 52, 160, 148, 46, 0.93%, 0, 0, 3, 572.27
1587480716, 0, 53, 160, 147, 45, 0.93%, 0, 0, 3, 564.36
1587480726, 0, 53, 161, 148, 45, 0.98%, 0, 0, 3, 549.01
1587480731, 0, 53, 162, 149, 45, 0.98%, 0, 0, 3, 558.87
1587480752, 0, 55, 162, 148, 45, 0.98%, 0, 0, 3, 545.39
1587480757, 0, 55, 164, 150, 45, 0.98%, 0, 0, 3, 517.73
1587480762, 0, 56, 164, 149, 44, 0.98%, 0, 0, 3, 485.30
1587480782, 0, 60, 165, 148, 43, 0.99%, 0, 0, 3, 551.46
1587480787, 0, 60, 166, 149, 43, 0.99%, 0, 0, 3, 557.86
1587480792, 0, 61, 166, 148, 42, 0.99%, 0, 0, 3, 566.45
1587480797, 0, 61, 167, 149, 42, 0.99%, 0, 0, 3, 572.21
1587480807, 0, 62, 167, 148, 41, 0.99%, 0, 0, 3, 562.08
1587480812, 0, 62, 168, 149, 41, 0.99%, 0, 0, 3, 572.09
1587480817, 0, 64, 168, 148, 41, 0.99%, 0, 0, 3, 572.58
1587480827, 0, 65, 168, 147, 40, 0.99%, 0, 0, 3, 573.70
1587480832, 0, 66, 169, 147, 39, 1.00%, 0, 0, 3, 575.18
1587480837, 0, 66, 170, 148, 39, 1.00%, 0, 0, 3, 574.11
1587480847, 0, 67, 170, 147, 39, 1.00%, 0, 0, 3, 556.09
1587480862, 0, 69, 171, 147, 38, 1.00%, 0, 0, 3, 569.59
1587480873, 0, 74, 171, 146, 38, 1.00%, 0, 0, 3, 535.80
1587480883, 0, 74, 172, 147, 38, 1.01%, 0, 0, 3, 563.83
1587480908, 0, 75, 172, 146, 37, 1.01%, 0, 0, 3, 517.15
1587480913, 0, 76, 173, 146, 36, 1.01%, 0, 0, 3, 531.87
1587480933, 0, 77, 174, 146, 36, 1.01%, 0, 0, 3, 569.49
1587480964, 0, 77, 175, 147, 36, 1.01%, 0, 0, 3, 528.71
1587480969, 0, 80, 175, 146, 35, 1.01%, 0, 0, 3, 559.59
1587480974, 0, 80, 176, 147, 35, 1.01%, 0, 0, 3, 562.89
1587480979, 0, 83, 176, 146, 34, 1.01%, 0, 0, 3, 567.68
1587480984, 0, 83, 177, 147, 34, 1.02%, 0, 0, 3, 570.93
1587480989, 0, 84, 178, 147, 34, 1.02%, 0, 0, 3, 581.77
1587480994, 0, 85, 178, 146, 34, 1.02%, 0, 0, 3, 586.29
1587480999, 0, 85, 179, 147, 34, 1.02%, 0, 0, 3, 585.36
1587481004, 0, 87, 179, 146, 33, 1.02%, 0, 0, 3, 578.42
1587481020, 0, 87, 182, 149, 33, 1.02%, 0, 0, 3, 577.22
1587481025, 0, 87, 183, 150, 33, 1.02%, 0, 0, 3, 566.80
1587481030, 0, 87, 185, 152, 33, 1.02%, 0, 0, 3, 554.65
1587481040, 0, 87, 186, 153, 33, 1.02%, 0, 0, 3, 545.58
1587481045, 0, 87, 187, 154, 33, 1.02%, 0, 0, 3, 554.17
1587481055, 0, 87, 188, 155, 33, 1.02%, 0, 0, 3, 554.28
1587481065, 0, 87, 190, 157, 33, 1.02%, 0, 0, 3, 494.93
1587481070, 0, 87, 191, 158, 33, 1.02%, 0, 0, 3, 540.26
1587481080, 0, 95, 191, 157, 32, 1.02%, 0, 0, 3, 559.70
1587481085, 0, 95, 192, 158, 32, 1.02%, 0, 0, 4, 572.07
1587481096, 0, 95, 194, 160, 32, 1.02%, 0, 0, 4, 566.91
1587481101, 0, 95, 197, 163, 32, 1.13%, 0, 0, 4, 558.10
1587481106, 0, 95, 198, 164, 32, 1.13%, 0, 0, 4, 554.81
1587481111, 0, 95, 199, 165, 32, 1.13%, 0, 0, 4, 532.16
1587481116, 0, 95, 201, 167, 32, 1.13%, 0, 0, 4, 545.49
1587481142, 0, 95, 202, 168, 32, 1.13%, 0, 0, 4, 537.64
1587481157, 0, 96, 202, 167, 34, 1.13%, 0, 0, 4, 554.94
1587481168, 0, 96, 203, 168, 34, 1.14%, 0, 0, 4, 553.31
1587481173, 0, 96, 205, 170, 34, 1.14%, 0, 0, 4, 534.57
1587481178, 0, 104, 207, 171, 34, 1.15%, 0, 0, 4, 556.46
1587481183, 0, 115, 208, 171, 35, 1.17%, 0, 0, 4, 555.75
1587481188, 0, 116, 209, 171, 36, 1.18%, 0, 0, 4, 553.99
1587481203, 0, 116, 212, 174, 36, 1.18%, 0, 0, 4, 551.20
1587481208, 0, 116, 213, 175, 36, 1.18%, 0, 0, 4, 525.39
1587481213, 0, 116, 215, 177, 36, 1.18%, 0, 0, 4, 521.07
1587481218, 0, 116, 216, 178, 36, 1.18%, 0, 0, 4, 513.25
1587481233, 0, 116, 217, 179, 36, 1.18%, 0, 0, 4, 541.46
1587481238, 0, 116, 219, 181, 36, 1.18%, 0, 0, 4, 556.58
1587481254, 0, 116, 220, 182, 36, 1.18%, 0, 0, 4, 535.30
1587481259, 0, 116, 221, 183, 36, 1.18%, 0, 0, 4, 520.90
1587481264, 0, 123, 221, 182, 35, 1.18%, 0, 0, 4, 525.87
1587481269, 0, 127, 222, 182, 35, 1.18%, 0, 0, 4, 533.55
1587481285, 0, 127, 223, 183, 35, 1.18%, 0, 0, 4, 553.35
1587481290, 0, 127, 225, 185, 35, 1.18%, 0, 0, 4, 526.90
1587481300, 0, 127, 227, 187, 35, 1.18%, 0, 0, 4, 516.20
1587481320, 0, 127, 229, 189, 35, 1.18%, 0, 0, 4, 535.62
1587481330, 0, 127, 230, 190, 35, 1.18%, 0, 0, 4, 523.92
1587481346, 0, 128, 230, 189, 34, 1.18%, 0, 0, 4, 548.24
1587481356, 0, 128, 231, 190, 34, 1.18%, 0, 0, 4, 486.12
1587481366, 0, 128, 233, 192, 34, 1.18%, 0, 0, 4, 526.92
1587481371, 0, 128, 234, 193, 34, 1.18%, 0, 0, 4, 507.54
1587481381, 0, 129, 234, 192, 34, 1.18%, 0, 0, 4, 549.71
1587481391, 0, 129, 235, 193, 34, 1.18%, 0, 0, 4, 567.25
1587481397, 0, 132, 236, 193, 33, 1.19%, 0, 0, 4, 545.12
1587481402, 0, 139, 236, 192, 33, 1.19%, 0, 0, 4, 552.85
1587481407, 0, 139, 237, 193, 33, 1.19%, 0, 0, 4, 540.57
1587481412, 0, 140, 237, 192, 32, 1.19%, 0, 0, 4, 548.47
1587481427, 0, 140, 238, 193, 32, 1.19%, 0, 0, 4, 555.48
1587481432, 0, 141, 238, 192, 31, 1.19%, 0, 0, 4, 544.88
1587481437, 0, 141, 239, 193, 31, 1.19%, 0, 0, 4, 552.67
1587481452, 0, 149, 240, 193, 32, 1.19%, 0, 0, 4, 539.89
1587481483, 0, 149, 241, 194, 32, 1.19%, 0, 0, 4, 540.31
1587481488, 0, 153, 241, 193, 31, 1.19%, 0, 0, 4, 534.10
1587481524, 0, 153, 244, 196, 31, 1.19%, 0, 0, 4, 542.21
1587481529, 0, 153, 245, 197, 31, 1.19%, 0, 0, 4, 530.01
1587481534, 0, 153, 246, 198, 31, 1.19%, 0, 0, 4, 533.43
1587481539, 0, 153, 247, 199, 31, 1.19%, 0, 0, 4, 493.76
1587481544, 0, 153, 249, 201, 31, 1.19%, 0, 0, 4, 509.64
1587481554, 0, 153, 250, 202, 31, 1.19%, 0, 0, 4, 523.88
1587481575, 0, 153, 251, 203, 31, 1.19%, 0, 0, 4, 527.44
1587481585, 0, 158, 251, 202, 31, 1.19%, 0, 0, 4, 542.94
1587481590, 0, 159, 252, 202, 31, 1.19%, 0, 0, 4, 533.76
1587481595, 0, 159, 253, 203, 31, 1.19%, 0, 0, 4, 546.14
1587481626, 0, 160, 258, 207, 31, 1.22%, 0, 0, 4, 562.28
1587481631, 0, 160, 266, 215, 31, 1.23%, 0, 0, 4, 559.10
1587481636, 0, 160, 268, 217, 31, 1.23%, 0, 0, 4, 570.89
1587481646, 0, 160, 269, 218, 31, 1.23%, 0, 0, 4, 561.25
1587481656, 0, 160, 270, 219, 31, 1.23%, 0, 0, 4, 491.00
1587481661, 0, 164, 271, 219, 36, 1.23%, 0, 0, 4, 486.01
1587481666, 0, 165, 272, 219, 36, 1.24%, 0, 0, 4, 553.10
1587481671, 0, 166, 272, 218, 36, 1.24%, 0, 0, 4, 571.92
1587481676, 0, 166, 273, 219, 36, 1.24%, 0, 0, 4, 568.01
1587481686, 0, 167, 274, 219, 36, 1.24%, 0, 0, 4, 578.30
1587481697, 0, 168, 274, 218, 36, 1.24%, 0, 0, 4, 583.84
1587481702, 0, 169, 274, 217, 35, 1.24%, 0, 0, 4, 575.60
1587481712, 0, 170, 274, 216, 34, 1.24%, 0, 0, 4, 577.12
1587481722, 0, 171, 274, 215, 33, 1.24%, 0, 0, 4, 548.71
1587481752, 0, 172, 274, 214, 32, 1.24%, 0, 0, 4, 562.95
1587481773, 0, 173, 275, 214, 31, 1.24%, 0, 0, 4, 562.41
1587481778, 0, 173, 276, 215, 31, 1.24%, 0, 0, 4, 571.71
1587481803, 0, 173, 280, 219, 31, 1.24%, 0, 0, 4, 544.03
1587481824, 0, 173, 282, 221, 31, 1.24%, 0, 0, 4, 559.24
1587481834, 0, 173, 283, 222, 31, 1.24%, 0, 0, 4, 549.73
1587481854, 0, 173, 284, 223, 31, 1.24%, 0, 0, 4, 545.96
1587481864, 0, 175, 284, 222, 30, 1.24%, 0, 0, 4, 568.51
1587481874, 0, 175, 285, 223, 30, 1.24%, 0, 0, 4, 562.18
1587481880, 0, 176, 285, 222, 29, 1.24%, 0, 0, 4, 576.01
1587481885, 0, 177, 285, 221, 28, 1.24%, 0, 0, 4, 577.57
1587481890, 0, 178, 285, 220, 27, 1.24%, 0, 0, 4, 562.54
1587481895, 0, 178, 286, 221, 27, 1.25%, 0, 0, 4, 569.32
1587481905, 0, 191, 286, 220, 27, 1.25%, 0, 0, 4, 568.55
1587481920, 0, 191, 288, 222, 27, 1.25%, 0, 0, 5, 556.17
1587481925, 0, 191, 289, 223, 27, 1.25%, 0, 0, 5, 546.00
1587481946, 0, 195, 289, 222, 27, 1.25%, 0, 0, 5, 547.01
1587481951, 0, 195, 290, 223, 27, 1.25%, 0, 0, 5, 565.93
1587481971, 0, 195, 295, 228, 27, 1.25%, 0, 0, 5, 510.79
1587481976, 0, 195, 298, 231, 27, 1.25%, 0, 0, 5, 530.79
1587481981, 0, 195, 300, 233, 27, 1.25%, 0, 0, 5, 540.99
1587481991, 0, 195, 301, 234, 27, 1.25%, 0, 0, 5, 547.73
1587481996, 0, 195, 302, 235, 27, 1.25%, 0, 0, 5, 529.86
1587482032, 0, 196, 302, 234, 26, 1.25%, 0, 0, 5, 560.49
1587482047, 0, 196, 306, 238, 26, 1.25%, 0, 0, 5, 553.73
1587482067, 0, 196, 308, 240, 26, 1.25%, 0, 0, 5, 558.89
1587482103, 0, 202, 308, 239, 27, 1.25%, 0, 0, 5, 533.71
1587482118, 0, 202, 311, 242, 27, 1.25%, 0, 0, 5, 575.88
1587482148, 0, 205, 311, 241, 26, 1.25%, 0, 0, 5, 569.00
1587482153, 0, 206, 311, 240, 25, 1.25%, 0, 0, 5, 576.16
1587482158, 0, 207, 313, 241, 24, 1.28%, 0, 0, 5, 572.31
1587482164, 0, 207, 321, 249, 24, 1.31%, 0, 0, 5, 571.85
1587482169, 0, 207, 322, 250, 24, 1.31%, 0, 0, 5, 570.64
1587482174, 0, 207, 323, 251, 24, 1.31%, 0, 0, 5, 559.77
1587482184, 0, 207, 324, 252, 24, 1.31%, 0, 0, 5, 557.90
1587482219, 0, 207, 325, 253, 24, 1.31%, 0, 0, 5, 545.73
1587482224, 0, 221, 325, 252, 28, 1.31%, 0, 0, 5, 567.24
1587482229, 0, 230, 325, 251, 27, 1.31%, 0, 0, 5, 569.93
1587482245, 0, 230, 327, 253, 27, 1.31%, 0, 0, 5, 554.04
1587482250, 0, 235, 327, 252, 27, 1.31%, 0, 0, 5, 563.95
1587482260, 0, 238, 327, 251, 26, 1.31%, 0, 0, 5, 493.99
1587482275, 0, 238, 328, 252, 26, 1.31%, 0, 0, 5, 541.35
1587482280, 0, 238, 330, 254, 26, 1.31%, 0, 0, 5, 535.38
1587482306, 0, 248, 330, 253, 26, 1.31%, 0, 0, 5, 562.21
1587482331, 0, 248, 331, 254, 26, 1.31%, 0, 0, 5, 570.24
1587482336, 0, 248, 332, 255, 26, 1.31%, 0, 0, 5, 545.64
1587482346, 0, 251, 332, 254, 25, 1.31%, 0, 0, 5, 577.19
1587482356, 0, 252, 332, 253, 24, 1.31%, 0, 0, 5, 577.06
1587482387, 0, 252, 333, 254, 24, 1.31%, 0, 0, 5, 545.86
1587482392, 0, 253, 333, 253, 23, 1.31%, 0, 0, 5, 560.25
1587482422, 0, 253, 334, 254, 23, 1.31%, 0, 0, 5, 554.04
1587482427, 0, 255, 334, 253, 22, 1.31%, 0, 0, 5, 543.83
1587482462, 0, 256, 334, 252, 21, 1.31%, 0, 0, 5, 538.20
1587482468, 0, 256, 335, 253, 21, 1.31%, 0, 0, 5, 535.73
1587482473, 0, 256, 338, 256, 21, 1.33%, 0, 0, 5, 525.63
1587482493, 0, 258, 338, 255, 23, 1.33%, 0, 0, 5, 556.11
1587482528, 0, 258, 339, 256, 23, 1.33%, 0, 0, 5, 555.74
1587482533, 0, 259, 339, 255, 22, 1.33%, 0, 0, 5, 563.92
1587482564, 0, 262, 339, 254, 21, 1.33%, 0, 0, 5, 489.90
1587482594, 0, 270, 339, 253, 20, 1.33%, 0, 0, 5, 551.06
1587482604, 0, 271, 339, 252, 19, 1.33%, 0, 0, 5, 562.71
1587482609, 0, 272, 339, 251, 18, 1.33%, 0, 0, 5, 566.95
1587482629, 0, 273, 339, 250, 17, 1.33%, 0, 0, 5, 570.24
1587482640, 0, 285, 339, 249, 16, 1.33%, 0, 0, 5, 552.67
1587482655, 0, 285, 340, 250, 16, 1.33%, 0, 0, 5, 555.94
1587482660, 0, 286, 340, 249, 15, 1.33%, 0, 0, 5, 566.51
1587482680, 0, 288, 340, 248, 14, 1.33%, 0, 0, 5, 549.69
1587482726, 0, 290, 340, 247, 14, 1.33%, 0, 0, 5, 551.04
1587482756, 0, 290, 342, 249, 14, 1.33%, 0, 0, 6, 549.10
1587482761, 0, 290, 343, 250, 14, 1.33%, 0, 0, 6, 540.55
1587482766, 0, 290, 345, 252, 14, 1.33%, 0, 0, 6, 404.66
1587482806, 0, 290, 346, 253, 14, 1.33%, 0, 0, 6, 545.64
1587482817, 0, 302, 347, 253, 14, 1.34%, 0, 0, 6, 554.21
1587482822, 0, 302, 348, 254, 14, 1.34%, 0, 0, 6, 566.45
1587482827, 0, 302, 350, 256, 14, 3.01%, 0, 0, 6, 86.82
1587482837, 0, 306, 354, 259, 17, 3.02%, 0, 0, 6, 541.04
1587482878, 0, 306, 355, 260, 17, 3.03%, 0, 0, 6, 541.62
1587482883, 0, 306, 356, 261, 17, 3.03%, 0, 0, 6, 543.75
1587482888, 0, 306, 357, 262, 17, 3.03%, 0, 0, 6, 534.30
1587482898, 0, 311, 357, 261, 19, 3.03%, 0, 0, 6, 556.76
1587482903, 0, 311, 361, 265, 19, 3.04%, 0, 0, 6, 567.92
1587482908, 0, 311, 362, 266, 19, 3.04%, 0, 0, 6, 561.12
1587482914, 0, 311, 364, 268, 19, 3.04%, 0, 0, 6, 556.87
1587482929, 0, 311, 366, 270, 19, 3.04%, 0, 0, 6, 553.46
1587482934, 0, 311, 367, 271, 19, 3.04%, 0, 0, 6, 548.59
1587482949, 0, 311, 368, 272, 19, 3.04%, 0, 0, 6, 552.47
1587482964, 0, 313, 368, 271, 22, 3.04%, 0, 0, 6, 576.49
1587482969, 0, 313, 369, 272, 22, 3.04%, 0, 0, 6, 556.83
1587482975, 0, 317, 369, 271, 21, 3.04%, 0, 0, 6, 575.45
1587482985, 0, 320, 369, 270, 20, 3.04%, 0, 0, 6, 563.44
1587482990, 0, 320, 370, 271, 20, 3.04%, 0, 0, 6, 566.71
1587483010, 0, 324, 371, 271, 19, 3.04%, 0, 0, 6, 552.33
1587483035, 0, 325, 371, 270, 18, 3.04%, 0, 0, 6, 563.27
1587483065, 0, 325, 372, 271, 18, 3.04%, 0, 0, 6, 547.28
1587483070, 0, 329, 372, 270, 17, 3.04%, 0, 0, 6, 551.75
1587483081, 0, 329, 374, 272, 17, 3.04%, 0, 0, 6, 556.86
1587483086, 0, 329, 375, 273, 17, 3.04%, 0, 0, 6, 567.05
1587483111, 0, 334, 375, 272, 16, 3.04%, 0, 0, 6, 558.83
1587483131, 0, 334, 377, 274, 16, 3.04%, 0, 0, 6, 558.32
1587483141, 0, 334, 379, 276, 16, 3.04%, 0, 0, 6, 538.59
1587483152, 0, 336, 379, 275, 16, 3.04%, 0, 0, 6, 543.61
1587483167, 0, 336, 380, 276, 16, 3.05%, 0, 0, 6, 488.48
1587483187, 0, 336, 381, 277, 16, 3.05%, 0, 0, 6, 544.02
1587483192, 0, 337, 381, 276, 16, 3.05%, 0, 0, 6, 558.80
1587483222, 0, 346, 381, 275, 15, 3.05%, 0, 0, 6, 545.15
1587483227, 0, 346, 382, 276, 15, 3.05%, 0, 0, 7, 548.35
1587483243, 0, 347, 382, 275, 15, 3.05%, 0, 0, 7, 563.45
1587483253, 0, 347, 383, 276, 15, 3.05%, 0, 0, 7, 549.40
1587483258, 0, 347, 384, 277, 15, 3.05%, 0, 0, 7, 467.95
1587483268, 0, 347, 386, 279, 15, 3.05%, 0, 0, 7, 534.46
1587483278, 0, 347, 387, 280, 15, 3.05%, 0, 0, 7, 540.18
1587483314, 0, 348, 388, 280, 14, 3.05%, 0, 0, 7, 533.97
1587483329, 0, 348, 389, 281, 14, 3.05%, 0, 0, 7, 552.00
1587483334, 0, 348, 390, 282, 14, 3.05%, 0, 0, 7, 542.10
1587483344, 0, 348, 392, 284, 14, 3.05%, 0, 0, 7, 514.62
1587483390, 0, 349, 392, 283, 13, 3.05%, 0, 0, 7, 85.61
1587483405, 0, 353, 392, 282, 12, 3.05%, 0, 0, 7, 474.90
1587483445, 0, 353, 393, 283, 12, 3.06%, 0, 0, 7, 541.41
1587483455, 0, 353, 397, 287, 12, 3.06%, 0, 0, 7, 538.40
1587483460, 0, 353, 398, 288, 12, 3.06%, 0, 0, 7, 472.46
1587483481, 0, 353, 399, 289, 12, 3.06%, 0, 0, 7, 522.45
1587483491, 0, 353, 400, 290, 12, 3.06%, 0, 0, 7, 520.36
1587483496, 0, 353, 401, 291, 12, 3.06%, 0, 0, 7, 533.91
1587483517, 0, 354, 401, 290, 12, 3.06%, 0, 0, 7, 540.42
1587483568, 0, 354, 403, 292, 12, 3.06%, 0, 0, 7, 528.55
1587483583, 0, 358, 403, 291, 11, 3.06%, 0, 0, 7, 547.81
1587483593, 0, 359, 403, 290, 10, 3.06%, 0, 0, 7, 572.20
1587483598, 0, 359, 405, 292, 10, 3.06%, 0, 0, 7, 564.27
1587483614, 0, 361, 405, 291, 9, 3.06%, 0, 0, 7, 564.54
1587483624, 0, 362, 405, 290, 8, 3.06%, 0, 0, 7, 558.75
1587483644, 0, 362, 407, 292, 8, 3.06%, 0, 0, 7, 557.22
1587483649, 0, 362, 409, 294, 8, 3.06%, 0, 0, 7, 539.07
1587483675, 0, 362, 410, 295, 8, 3.06%, 0, 0, 7, 551.68
1587483680, 0, 362, 411, 296, 8, 3.06%, 0, 0, 7, 558.60
1587483685, 0, 362, 412, 297, 8, 3.06%, 0, 0, 7, 537.02
1587483695, 0, 362, 413, 298, 8, 3.06%, 0, 0, 7, 538.65
1587483706, 0, 365, 413, 297, 8, 3.06%, 0, 0, 7, 578.34
1587483716, 0, 366, 413, 296, 7, 3.06%, 0, 0, 7, 571.89
1587483731, 0, 366, 414, 297, 7, 3.06%, 0, 0, 7, 558.10
1587483736, 0, 366, 416, 299, 7, 3.06%, 0, 0, 7, 550.36
1587483741, 0, 366, 417, 300, 7, 3.06%, 0, 0, 7, 550.75
1587483751, 0, 366, 418, 301, 7, 3.06%, 0, 0, 7, 557.65
1587483756, 0, 366, 419, 302, 7, 3.06%, 0, 0, 7, 554.71
1587483771, 0, 366, 420, 303, 7, 3.06%, 0, 0, 7, 540.40
1587483781, 0, 366, 422, 305, 7, 3.06%, 0, 0, 7, 497.62
1587483792, 0, 376, 422, 304, 6, 3.06%, 0, 0, 7, 521.05
1587483832, 0, 379, 423, 304, 5, 3.06%, 0, 0, 7, 526.62
1587483863, 0, 381, 423, 303, 5, 3.06%, 0, 0, 7, 565.97
1587483873, 0, 381, 425, 305, 5, 3.06%, 0, 0, 8, 557.64
1587483888, 0, 391, 425, 304, 4, 3.06%, 0, 0, 8, 540.16
1587483893, 0, 391, 427, 306, 4, 3.06%, 0, 0, 8, 557.57
1587483924, 0, 391, 430, 309, 4, 3.06%, 0, 0, 8, 540.05
1587483929, 0, 391, 431, 310, 4, 3.06%, 0, 0, 8, 552.98
1587483944, 0, 391, 432, 311, 4, 3.06%, 0, 0, 8, 551.58
1587483964, 0, 391, 433, 312, 4, 3.06%, 0, 0, 8, 523.13
1587483969, 0, 391, 434, 313, 4, 3.06%, 0, 0, 8, 532.62
1587483984, 0, 392, 435, 313, 4, 3.06%, 0, 0, 8, 544.74
1587484030, 0, 392, 436, 314, 4, 3.06%, 0, 0, 8, 528.03
1587484035, 0, 392, 437, 315, 4, 3.06%, 0, 0, 8, 537.12
1587484046, 0, 410, 438, 315, 3, 3.06%, 0, 0, 8, 534.61
1587484071, 0, 422, 438, 314, 2, 3.06%, 0, 0, 8, 540.98
1587484106, 0, 426, 438, 313, 1, 3.06%, 0, 0, 8, 551.85
1587484142, 0, 429, 438, 312, 0, 3.06%, 0, 0, 8, 544.71
1587484193, 0, 429, 440, 314, 0, 3.06%, 0, 0, 9, 515.17
1587484198, 0, 429, 443, 317, 0, 3.06%, 0, 0, 9, 531.16
1587484203, 0, 429, 444, 318, 0, 3.06%, 0, 0, 9, 523.26
1587484214, 0, 429, 446, 320, 0, 3.06%, 0, 0, 9, 517.18
1587484229, 0, 429, 447, 321, 0, 3.06%, 0, 0, 9, 533.96
1587484239, 0, 435, 447, 320, 0, 3.06%, 0, 0, 9, 501.57
1587484311, 0, 435, 450, 323, 0, 3.06%, 0, 0, 9, 515.36
1587484321, 0, 435, 451, 324, 0, 3.06%, 0, 0, 9, 515.74
1587484356, 0, 446, 451, 323, 0, 3.06%, 0, 0, 9, 502.89
1587484361, 0, 446, 452, 324, 0, 3.06%, 0, 0, 10, 466.60
1587484473, 0, 446, 457, 329, 0, 3.06%, 0, 0, 10, 472.22
1587484478, 0, 446, 462, 334, 0, 3.06%, 0, 0, 10, 490.08
1587484483, 0, 446, 463, 335, 0, 3.06%, 0, 0, 10, 472.66
1587484493, 0, 446, 464, 336, 0, 3.07%, 0, 0, 10, 482.15
1587484524, 0, 463, 467, 338, 1, 3.08%, 0, 0, 11, 504.30
1587484529, 0, 463, 470, 341, 1, 3.09%, 0, 0, 11, 517.89
1587484586, 0, 463, 473, 344, 1, 3.09%, 0, 0, 11, 524.53
1587484591, 0, 463, 474, 345, 1, 3.09%, 0, 0, 11, 511.02
1587484611, 0, 463, 475, 346, 1, 3.09%, 0, 0, 11, 485.64
1587484631, 0, 464, 479, 349, 6, 3.12%, 0, 0, 12, 509.15
1587484637, 0, 464, 482, 352, 6, 3.13%, 0, 0, 12, 507.02
1587484693, 0, 464, 484, 354, 6, 3.13%, 0, 0, 12, 517.41
1587484718, 0, 465, 484, 353, 12, 3.13%, 0, 0, 12, 528.86
1587484775, 0, 465, 485, 354, 12, 3.13%, 0, 0, 12, 525.97
1587484780, 0, 465, 488, 357, 12, 3.13%, 0, 0, 12, 517.67
1587484826, 0, 466, 488, 356, 11, 3.13%, 0, 0, 12, 518.01
1587484887, 0, 466, 491, 359, 11, 3.13%, 0, 0, 12, 507.30
1587484902, 0, 466, 492, 360, 11, 3.13%, 0, 0, 12, 470.60
1587484933, 0, 467, 492, 359, 10, 3.13%, 0, 0, 12, 507.30
1587484938, 0, 467, 493, 360, 10, 3.13%, 0, 0, 12, 511.58
1587484993, 0, 467, 494, 361, 10, 3.13%, 0, 0, 12, 520.68
1587484998, 0, 467, 495, 362, 10, 3.13%, 0, 0, 12, 498.41
1587485019, 0, 468, 495, 361, 10, 3.13%, 0, 0, 12, 519.28
1587485080, 0, 468, 497, 363, 10, 3.13%, 0, 0, 12, 519.26
1587485085, 0, 468, 498, 364, 10, 3.13%, 0, 0, 12, 517.30
1587485112, 0, 468, 499, 365, 10, 3.13%, 0, 0, 12, 407.09
1587485134, 0, 468, 500, 366, 10, 3.13%, 0, 0, 12, 27.75
1587485139, 0, 469, 500, 365, 10, 3.13%, 0, 0, 12, 478.45
1587485205, 0, 469, 502, 367, 10, 3.13%, 0, 0, 12, 413.43
1587485231, 0, 475, 502, 366, 9, 3.13%, 0, 0, 12, 525.75
1587485236, 0, 475, 503, 367, 9, 3.14%, 0, 0, 13, 529.57
1587485292, 0, 475, 505, 369, 9, 3.14%, 0, 0, 13, 501.26
1587485322, 0, 476, 505, 368, 9, 3.14%, 1, 0, 13, 380.88
1587485388, 0, 476, 507, 370, 9, 3.14%, 1, 0, 13, 541.38
1587485398, 0, 476, 508, 371, 9, 3.14%, 2, 0, 13, 530.68
1587485419, 0, 476, 509, 372, 9, 3.14%, 2, 0, 13, 535.48
1587485434, 0, 478, 510, 372, 8, 3.14%, 2, 0, 13, 551.34
1587485439, 0, 478, 511, 373, 8, 3.15%, 2, 0, 13, 544.09
1587485490, 0, 478, 512, 374, 8, 3.15%, 2, 0, 13, 542.13
1587485495, 0, 478, 513, 375, 8, 3.15%, 2, 0, 13, 536.92
1587485510, 0, 479, 513, 374, 9, 3.15%, 2, 0, 13, 535.50
1587485515, 0, 479, 514, 375, 9, 3.15%, 2, 0, 13, 537.25
1587485566, 0, 479, 515, 376, 9, 3.15%, 2, 0, 13, 506.64
1587485576, 0, 479, 516, 377, 9, 3.15%, 2, 0, 13, 476.13
1587485591, 0, 480, 516, 376, 9, 3.15%, 2, 0, 13, 539.81
1587485647, 0, 480, 517, 377, 9, 3.15%, 2, 0, 13, 553.57
1587485657, 0, 481, 517, 376, 8, 3.15%, 3, 0, 13, 90.51
1587485718, 0, 481, 519, 378, 8, 3.15%, 4, 0, 13, 536.58
1587485728, 0, 481, 520, 379, 8, 3.15%, 4, 0, 13, 542.86
1587485744, 0, 481, 520, 379, 8, 3.15%, 5, 0, 13, 529.30
1587485754, 0, 481, 521, 380, 8, 3.15%, 5, 0, 13, 541.76
1587485764, 0, 482, 521, 379, 7, 3.15%, 5, 0, 13, 535.89
1587485815, 0, 482, 522, 380, 7, 3.15%, 5, 0, 13, 538.57
1587485825, 0, 492, 522, 379, 6, 3.15%, 5, 0, 13, 529.33
1587485886, 0, 492, 523, 380, 6, 3.15%, 5, 0, 13, 536.95
1587485891, 0, 492, 525, 382, 6, 3.15%, 5, 0, 13, 523.01
1587485931, 0, 496, 525, 381, 5, 3.15%, 5, 0, 13, 537.98
1587485936, 0, 496, 526, 382, 5, 3.15%, 5, 0, 13, 533.87
1587485977, 0, 496, 527, 383, 5, 3.15%, 5, 0, 13, 567.80
1587485982, 0, 496, 528, 384, 5, 3.15%, 5, 0, 13, 557.25
1587485997, 0, 502, 528, 383, 5, 3.15%, 5, 0, 13, 540.88
1587486053, 0, 502, 529, 384, 5, 3.15%, 5, 0, 14, 547.37
1587486058, 0, 502, 530, 385, 5, 3.15%, 5, 0, 14, 549.51
1587486078, 0, 509, 530, 384, 4, 3.15%, 6, 0, 14, 533.73
1587486134, 0, 509, 531, 385, 4, 3.15%, 6, 0, 14, 547.40
1587486139, 0, 509, 532, 386, 4, 3.15%, 6, 0, 14, 536.16
1587486159, 0, 510, 532, 385, 3, 3.15%, 7, 0, 14, 515.36
1587486215, 0, 510, 533, 386, 3, 3.15%, 7, 0, 14, 544.80
1587486225, 0, 510, 534, 387, 3, 3.15%, 7, 0, 14, 510.24
1587486241, 0, 513, 535, 387, 2, 3.16%, 7, 0, 14, 520.13
1587486296, 0, 513, 538, 390, 2, 3.16%, 7, 0, 14, 531.77
1587486342, 0, 525, 538, 389, 2, 3.16%, 7, 0, 14, 561.54
1587486383, 0, 525, 539, 390, 2, 3.16%, 7, 0, 14, 566.03
1587486393, 0, 534, 541, 391, 1, 3.16%, 7, 0, 15, 549.44
1587486398, 0, 534, 541, 391, 1, 3.16%, 8, 0, 15, 531.18
1587486403, 0, 534, 541, 391, 1, 3.16%, 9, 0, 15, 564.37
1587486459, 0, 539, 541, 390, 1, 3.16%, 9, 0, 15, 550.98
1587486464, 0, 539, 541, 390, 1, 3.16%, 10, 0, 15, 530.78
1587486521, 0, 539, 543, 392, 1, 3.16%, 10, 0, 16, 557.87
1587486531, 0, 539, 544, 393, 1, 3.16%, 10, 0, 16, 519.43
1587486577, 0, 540, 544, 392, 0, 3.16%, 11, 0, 16, 538.62
1587486582, 0, 540, 544, 392, 0, 3.16%, 12, 0, 16, 542.54
1587486587, 0, 540, 544, 392, 0, 3.16%, 13, 0, 16, 556.78
1587486637, 0, 540, 545, 393, 0, 3.16%, 13, 0, 16, 557.22
1587486647, 0, 540, 546, 394, 0, 3.16%, 13, 0, 16, 538.05
1587486668, 0, 543, 546, 393, 0, 3.16%, 13, 0, 16, 535.90
1587486678, 0, 543, 546, 393, 0, 3.16%, 14, 0, 16, 488.25
1587486776, 0, 543, 547, 394, 0, 3.16%, 14, 0, 17, 524.68
1587486781, 0, 543, 548, 395, 0, 3.16%, 14, 0, 17, 490.11
1587486807, 0, 543, 549, 396, 0, 3.16%, 14, 0, 17, 494.78
1587486837, 0, 543, 550, 397, 0, 3.16%, 15, 0, 17, 536.44
1587486843, 1, 7, 550, 396, 0, 3.16%, 15, 0, 17, 562.49
1587486853, 1, 11, 550, 395, 0, 3.16%, 15, 0, 17, 590.39
1587486863, 1, 14, 550, 394, 0, 3.16%, 15, 0, 17, 507.00
1587487354, 1, 14, 556, 400, 0, 3.16%, 15, 0, 17, 445.33
1587487359, 1, 14, 557, 401, 0, 3.16%, 15, 0, 17, 440.40
1587487374, 1, 14, 558, 402, 0, 3.16%, 15, 0, 17, 400.35
1587487394, 1, 14, 559, 403, 0, 3.16%, 15, 0, 17, 448.50
1587487409, 1, 14, 560, 404, 0, 3.16%, 15, 0, 17, 451.00
1587487425, 1, 25, 560, 403, 0, 3.16%, 15, 0, 17, 458.50
1587487430, 1, 30, 560, 403, 0, 3.16%, 15, 0, 17, 542.84
1587487466, 1, 33, 560, 402, 0, 3.16%, 15, 0, 17, 582.79
1587487471, 1, 34, 560, 401, 0, 3.16%, 15, 0, 17, 584.16
1587487476, 1, 36, 560, 400, 0, 3.16%, 15, 0, 17, 586.34
1587487496, 1, 37, 560, 399, 0, 3.16%, 15, 0, 17, 550.37
1587487537, 1, 43, 561, 399, 0, 3.16%, 15, 0, 17, 558.80
1587487542, 1, 47, 561, 399, 0, 3.16%, 15, 0, 17, 570.15
1587487582, 1, 51, 561, 398, 0, 3.16%, 15, 0, 17, 568.04
1587487587, 1, 59, 561, 398, 0, 3.16%, 15, 0, 17, 573.04
1587487638, 1, 67, 561, 397, 0, 3.16%, 15, 0, 17, 555.03
1587487643, 1, 78, 561, 397, 0, 3.16%, 15, 0, 17, 575.02
1587487673, 1, 81, 561, 396, 0, 3.16%, 15, 0, 17, 562.35
1587487765, 1, 93, 561, 395, 0, 3.16%, 15, 0, 17, 556.26
1587487805, 1, 94, 561, 394, 0, 3.16%, 15, 0, 17, 570.19
1587487821, 1, 102, 562, 394, 0, 3.16%, 15, 0, 17, 584.60
1587487872, 1, 102, 566, 398, 0, 3.16%, 15, 0, 17, 546.03
1587487877, 1, 102, 567, 399, 0, 3.16%, 15, 0, 17, 515.42
1587487933, 1, 108, 567, 398, 0, 3.16%, 15, 0, 17, 577.56
1587487974, 1, 113, 567, 397, 0, 3.16%, 15, 0, 17, 579.70
1587487994, 1, 115, 567, 396, 0, 3.16%, 15, 0, 17, 589.99
1587488000, 1, 122, 567, 396, 0, 3.16%, 15, 0, 17, 584.89
1587488055, 1, 124, 567, 395, 0, 3.16%, 15, 0, 17, 569.69
1587488086, 1, 125, 567, 394, 0, 3.16%, 15, 0, 17, 583.63
1587488112, 1, 127, 568, 394, 0, 3.16%, 15, 0, 17, 546.20
1587488117, 1, 130, 568, 394, 0, 3.16%, 15, 0, 17, 566.16
1587488163, 1, 144, 568, 393, 0, 3.16%, 15, 0, 17, 576.25
1587488219, 1, 144, 569, 394, 0, 3.16%, 15, 0, 17, 561.31
1587488224, 1, 144, 570, 395, 0, 3.16%, 15, 0, 17, 548.20
1587488229, 1, 145, 570, 394, 0, 3.16%, 15, 0, 17, 454.83
1587488285, 1, 145, 571, 395, 0, 3.16%, 15, 0, 17, 559.86
1587488290, 1, 146, 571, 394, 0, 3.16%, 15, 0, 17, 569.59
1587488350, 1, 146, 572, 395, 0, 3.16%, 15, 0, 17, 546.52
1587488355, 1, 148, 573, 395, 0, 3.16%, 15, 0, 17, 562.74
1587488412, 1, 150, 573, 394, 0, 3.16%, 15, 0, 17, 544.50
1587488473, 1, 150, 574, 395, 0, 3.16%, 15, 0, 17, 547.96
1587488478, 1, 154, 574, 394, 0, 3.16%, 15, 0, 17, 565.05
1587488523, 1, 155, 575, 394, 0, 3.16%, 15, 0, 17, 559.79
1587488585, 1, 173, 575, 393, 0, 3.16%, 15, 0, 17, 564.86
1587488590, 1, 180, 575, 393, 0, 3.16%, 15, 0, 17, 557.64
1587488635, 1, 181, 575, 392, 0, 3.16%, 15, 0, 17, 573.33
1587488681, 1, 186, 575, 391, 0, 3.16%, 15, 0, 17, 575.16
1587488737, 1, 187, 576, 391, 0, 3.16%, 15, 0, 17, 537.10
1587488778, 1, 189, 576, 390, 0, 3.16%, 15, 0, 17, 563.40
1587488875, 1, 189, 579, 393, 0, 3.16%, 15, 0, 17, 522.06
1587488890, 1, 192, 579, 392, 0, 3.16%, 15, 0, 17, 557.13
1587488905, 1, 192, 580, 393, 0, 3.16%, 15, 0, 17, 577.19
1587488910, 1, 197, 580, 392, 0, 3.16%, 15, 0, 17, 579.15
1587488961, 1, 199, 580, 391, 0, 3.16%, 15, 0, 17, 565.04
1587489002, 1, 199, 581, 392, 0, 3.16%, 15, 0, 17, 523.67
1587489007, 1, 199, 582, 393, 0, 3.16%, 15, 0, 17, 536.41
1587489017, 1, 204, 582, 392, 0, 3.16%, 15, 0, 17, 571.23
1587489043, 1, 204, 583, 393, 0, 3.16%, 15, 0, 17, 556.19
1587489053, 1, 210, 583, 392, 0, 3.16%, 15, 0, 17, 573.86
1587489073, 1, 210, 584, 393, 0, 3.16%, 15, 0, 17, 587.76
1587489078, 1, 494, 584, 392, 1, 3.16%, 15, 0, 17, 549.21
1587489170, 1, 494, 587, 395, 1, 3.16%, 15, 0, 17, 492.64
1587489186, 1, 494, 588, 396, 1, 3.16%, 15, 0, 17, 536.57
1587489201, 1, 494, 589, 397, 1, 3.16%, 15, 0, 17, 522.36
1587489206, 1, 494, 591, 399, 1, 3.16%, 15, 0, 17, 523.61
1587489211, 1, 494, 592, 400, 1, 3.16%, 15, 0, 17, 514.47
1587489216, 1, 511, 592, 399, 1, 3.16%, 15, 0, 17, 526.55
1587489293, 1, 511, 593, 400, 1, 3.16%, 15, 0, 17, 545.24
1587489298, 1, 511, 594, 401, 1, 3.16%, 15, 0, 17, 536.10
1587489303, 1, 511, 595, 402, 1, 3.16%, 15, 0, 17, 537.80
1587489308, 1, 511, 596, 403, 1, 3.16%, 15, 0, 17, 529.33
1587489338, 1, 583, 596, 402, 1, 3.16%, 15, 0, 17, 577.93
1587489359, 1, 583, 597, 403, 1, 3.16%, 15, 0, 17, 577.21
1587489369, 1, 583, 598, 404, 1, 3.16%, 15, 0, 17, 572.65
1587489374, 1, 583, 599, 405, 1, 3.16%, 15, 0, 17, 571.82
1587489395, 1, 583, 600, 406, 1, 3.16%, 15, 0, 17, 558.68
1587489415, 1, 585, 600, 405, 0, 3.16%, 15, 0, 17, 537.58
1587489583, 1, 585, 601, 406, 0, 3.16%, 15, 0, 17, 499.63
1587489588, 1, 585, 603, 408, 0, 3.16%, 15, 0, 17, 510.51
1587489628, 1, 596, 603, 407, 0, 3.16%, 15, 0, 17, 549.66
1587489674, 1, 596, 604, 408, 0, 3.16%, 15, 0, 17, 541.18
1587489684, 1, 602, 604, 407, 0, 3.16%, 15, 0, 17, 495.69
1587490096, 1, 602, 606, 409, 0, 3.16%, 15, 0, 17, 428.57
1587490101, 1, 602, 609, 412, 0, 3.16%, 15, 0, 17, 407.71
1587490106, 1, 602, 610, 413, 0, 3.16%, 15, 0, 17, 391.17
1587490116, 1, 602, 611, 414, 0, 3.16%, 15, 0, 17, 400.68
1587490126, 1, 602, 612, 415, 0, 3.16%, 15, 0, 17, 421.31
1587490137, 1, 602, 613, 416, 0, 3.24%, 15, 0, 17, 391.25
1587490147, 1, 602, 614, 417, 0, 3.24%, 15, 0, 17, 405.74
1587490157, 1, 602, 616, 419, 0, 3.24%, 15, 0, 17, 423.68
1587490177, 1, 611, 616, 418, 2, 3.24%, 15, 0, 17, 416.78
1587490198, 1, 611, 617, 419, 2, 3.24%, 15, 0, 17, 460.33
1587490274, 1, 611, 618, 420, 2, 3.25%, 15, 0, 17, 460.32
1587490386, 1, 611, 621, 423, 2, 3.25%, 15, 0, 17, 464.05
1587490391, 1, 611, 624, 426, 2, 3.25%, 15, 0, 17, 470.47
1587490406, 1, 611, 625, 427, 2, 3.25%, 15, 0, 17, 454.33
1587490412, 1, 611, 626, 428, 2, 3.25%, 15, 0, 17, 468.09
1587490422, 1, 611, 627, 429, 2, 3.25%, 15, 0, 17, 471.96
1587490427, 1, 611, 628, 430, 2, 3.25%, 15, 0, 17, 478.96
1587490437, 1, 611, 629, 431, 2, 3.25%, 15, 0, 17, 452.88
1587490442, 1, 611, 630, 432, 2, 3.25%, 15, 0, 17, 454.90
1587490447, 1, 611, 631, 433, 2, 3.25%, 15, 0, 17, 474.67
1587490453, 1, 612, 631, 432, 4, 3.25%, 15, 0, 17, 448.35
1587490530, 1, 616, 631, 431, 3, 3.25%, 15, 0, 17, 471.52
1587490754, 1, 616, 632, 432, 3, 3.25%, 15, 0, 17, 441.18
1587490759, 1, 616, 634, 434, 3, 3.25%, 15, 0, 17, 469.64
1587490774, 1, 616, 635, 435, 3, 3.25%, 15, 0, 17, 467.12
1587490779, 1, 616, 636, 436, 3, 3.25%, 15, 0, 17, 465.66
1587490825, 1, 617, 637, 436, 2, 3.25%, 15, 0, 17, 450.30
1587491038, 1, 617, 639, 438, 2, 3.25%, 15, 0, 17, 458.66
1587491043, 1, 617, 640, 439, 2, 3.25%, 15, 0, 17, 459.09
1587491049, 1, 617, 641, 440, 2, 3.25%, 15, 0, 17, 465.38
1587491104, 1, 617, 642, 441, 2, 3.25%, 15, 0, 17, 464.83
1587491109, 1, 623, 643, 441, 1, 3.25%, 15, 0, 17, 437.87
1587491456, 1, 623, 644, 442, 1, 3.25%, 15, 0, 17, 417.64
1587491461, 1, 623, 645, 443, 1, 3.25%, 15, 0, 17, 354.00
1587491471, 1, 623, 647, 445, 1, 3.25%, 15, 0, 17, 410.16
1587491512, 1, 623, 648, 446, 1, 3.25%, 15, 0, 17, 409.83
1587491532, 1, 623, 649, 447, 1, 3.25%, 15, 0, 17, 421.46
1587491537, 1, 643, 649, 446, 1, 3.25%, 15, 0, 17, 479.29
1587491588, 1, 643, 650, 447, 1, 3.25%, 15, 0, 18, 514.12
1587491643, 1, 643, 651, 448, 1, 3.25%, 15, 0, 18, 509.38
1587491674, 1, 649, 651, 447, 1, 3.25%, 15, 0, 18, 503.68
1587491795, 1, 649, 652, 448, 1, 3.25%, 15, 0, 19, 501.51
1587491805, 1, 649, 653, 449, 1, 3.25%, 15, 0, 19, 495.01
1587491810, 1, 649, 654, 450, 1, 3.25%, 15, 0, 19, 495.33
1587491851, 1, 651, 654, 449, 0, 3.25%, 15, 0, 19, 482.37
1587492105, 1, 651, 655, 450, 0, 3.25%, 15, 0, 20, 465.81
1587492110, 1, 651, 656, 451, 0, 3.25%, 15, 0, 20, 462.56
1587492125, 1, 651, 657, 452, 0, 3.25%, 15, 0, 20, 477.56
1587492135, 1, 651, 658, 453, 0, 3.25%, 15, 0, 20, 459.67
1587492155, 1, 651, 659, 454, 0, 3.25%, 15, 0, 20, 479.43
1587492170, 1, 656, 659, 453, 0, 3.25%, 15, 0, 20, 399.77
1587492196, 1, 656, 660, 454, 0, 3.25%, 15, 0, 21, 445.98
1587492439, 1, 657, 660, 453, 0, 3.25%, 15, 0, 21, 457.37
1587492444, 1, 657, 661, 454, 0, 3.25%, 15, 0, 21, 456.40
1587492489, 1, 657, 662, 455, 0, 3.25%, 15, 0, 21, 449.88
1587492747, 1, 657, 663, 456, 0, 3.25%, 15, 0, 21, 463.05
1587492768, 1, 657, 664, 457, 0, 3.25%, 15, 0, 21, 434.66
1587492814, 1, 659, 664, 456, 0, 3.25%, 15, 0, 21, 456.47
1587493084, 2, 0, 664, 455, 0, 3.25%, 15, 0, 21, 514.07
1587493191, 2, 3, 664, 454, 0, 3.25%, 15, 0, 21, 584.75
1587493211, 2, 9, 664, 453, 0, 3.25%, 15, 0, 21, 601.64
1587493232, 2, 19, 664, 452, 0, 3.25%, 15, 0, 21, 544.76
1587493247, 2, 20, 664, 451, 0, 3.25%, 15, 0, 21, 594.43
1587493262, 2, 27, 664, 450, 0, 3.25%, 15, 0, 21, 569.63
1587493278, 2, 43, 664, 449, 0, 3.25%, 15, 0, 21, 541.91
1587493283, 2, 67, 664, 449, 0, 3.25%, 15, 0, 21, 481.55
1587493288, 2, 72, 664, 448, 0, 3.25%, 15, 0, 21, 533.59
1587493365, 2, 73, 664, 447, 0, 3.25%, 15, 0, 21, 530.96
1587493421, 2, 85, 664, 446, 0, 3.25%, 15, 0, 21, 504.86
1587493426, 2, 86, 664, 446, 0, 3.25%, 15, 0, 21, 589.41
1587493446, 2, 106, 664, 445, 0, 3.25%, 15, 0, 21, 579.33
1587493472, 2, 110, 664, 444, 0, 3.25%, 15, 0, 21, 551.25
1587493523, 2, 110, 666, 446, 0, 3.25%, 15, 0, 21, 516.58
1587493528, 2, 111, 666, 445, 0, 3.25%, 15, 0, 21, 531.19
1587493533, 2, 121, 666, 444, 0, 3.25%, 15, 0, 21, 542.40
1587493573, 2, 121, 667, 445, 0, 3.25%, 15, 0, 21, 573.61
1587493578, 2, 126, 667, 444, 0, 3.25%, 15, 0, 21, 539.81
1587493635, 2, 128, 667, 443, 0, 3.25%, 15, 0, 21, 528.54
1587493640, 2, 133, 667, 443, 0, 3.25%, 15, 0, 21, 584.72
1587493690, 2, 133, 668, 444, 0, 3.25%, 15, 0, 21, 541.34
1587493695, 2, 138, 668, 443, 0, 3.25%, 15, 0, 21, 561.45
1587493751, 2, 156, 668, 442, 0, 3.25%, 15, 0, 21, 562.94
1587493833, 2, 156, 669, 443, 0, 3.25%, 15, 0, 21, 533.53
1587493838, 2, 156, 670, 444, 0, 3.25%, 15, 0, 21, 486.17
1587493843, 2, 171, 670, 443, 0, 3.25%, 15, 0, 21, 483.04
1587493848, 2, 179, 670, 443, 0, 3.25%, 15, 0, 21, 505.92
1587493884, 2, 183, 670, 442, 0, 3.25%, 15, 0, 21, 551.30
1587493980, 2, 206, 670, 441, 0, 3.25%, 15, 0, 21, 490.76
1587493986, 2, 209, 670, 441, 0, 3.25%, 15, 0, 21, 551.06
1587494016, 2, 211, 670, 440, 0, 3.25%, 15, 0, 21, 581.45
1587494046, 2, 212, 670, 439, 0, 3.25%, 15, 0, 21, 524.10
1587494117, 2, 212, 671, 440, 0, 3.25%, 15, 0, 21, 473.77
1587494122, 2, 215, 671, 439, 0, 3.25%, 15, 0, 21, 534.17
1587494158, 2, 223, 671, 438, 0, 3.25%, 15, 0, 21, 502.13
1587494208, 2, 223, 673, 440, 0, 3.25%, 15, 0, 21, 486.55
1587494218, 2, 223, 675, 442, 0, 3.25%, 15, 0, 21, 479.50
1587494259, 2, 223, 676, 443, 0, 3.25%, 15, 0, 21, 476.85
1587494280, 2, 241, 676, 442, 1, 3.25%, 15, 0, 21, 575.80
1587494330, 2, 675, 676, 441, 1, 3.25%, 15, 0, 21, 509.44
1587494448, 2, 675, 679, 444, 1, 3.25%, 15, 0, 21, 486.43
1587494454, 2, 675, 680, 445, 1, 3.25%, 15, 0, 21, 439.01
1587494459, 2, 675, 681, 446, 1, 3.25%, 15, 0, 21, 426.50
1587494479, 2, 675, 682, 447, 1, 3.25%, 15, 0, 21, 413.83
1587494494, 2, 675, 683, 448, 1, 3.25%, 15, 0, 21, 453.48
1587494499, 2, 675, 684, 449, 1, 3.25%, 15, 0, 21, 423.40
1587494525, 2, 677, 684, 448, 0, 3.25%, 15, 0, 21, 469.54
1587494724, 2, 677, 687, 451, 0, 3.25%, 15, 0, 21, 426.86
1587494744, 2, 677, 688, 452, 0, 3.25%, 15, 0, 21, 430.14
1587494760, 2, 677, 689, 453, 0, 3.25%, 15, 0, 21, 420.56
1587494785, 2, 677, 690, 454, 0, 3.25%, 15, 0, 21, 409.41
1587494795, 2, 683, 690, 453, 0, 3.25%, 15, 0, 21, 370.86
1587496070, 2, 683, 692, 455, 0, 3.25%, 15, 0, 21, 249.87
1587496075, 2, 683, 693, 456, 0, 3.25%, 15, 0, 21, 252.27
1587496080, 2, 683, 694, 457, 0, 3.25%, 15, 0, 21, 279.83
1587496095, 2, 683, 695, 458, 0, 3.25%, 15, 0, 21, 286.02
1587496105, 2, 683, 696, 459, 0, 3.25%, 15, 0, 21, 290.90
1587496115, 2, 683, 697, 460, 0, 3.25%, 15, 0, 21, 281.31
1587496126, 2, 683, 698, 461, 0, 3.25%, 15, 0, 21, 282.94
1587496151, 2, 683, 699, 462, 0, 3.25%, 15, 0, 21, 277.65
1587496156, 2, 686, 699, 461, 0, 3.25%, 15, 0, 21, 247.12
1587498770, 2, 686, 701, 463, 0, 3.25%, 15, 0, 21, 185.92
1587498775, 2, 686, 702, 464, 0, 3.25%, 15, 0, 21, 200.32
1587498846, 2, 689, 702, 463, 0, 3.25%, 15, 0, 21, 324.26
1587499210, 2, 689, 704, 465, 0, 3.25%, 15, 0, 21, 358.71
1587499215, 2, 689, 705, 466, 0, 3.25%, 15, 0, 21, 352.98
1587499220, 2, 689, 706, 467, 0, 3.25%, 15, 0, 21, 360.18
1587499246, 2, 689, 707, 468, 0, 3.25%, 15, 0, 21, 368.54
1587499302, 2, 690, 707, 467, 0, 3.25%, 15, 0, 21, 222.14
1587503487, 2, 690, 708, 468, 0, 3.25%, 15, 0, 21, 187.30
1587503492, 2, 690, 709, 469, 0, 3.25%, 15, 0, 21, 201.45
1587503497, 2, 690, 710, 470, 0, 3.25%, 15, 0, 21, 192.50
1587503518, 2, 690, 711, 471, 0, 3.25%, 15, 0, 21, 197.66
1587503533, 2, 690, 713, 473, 0, 3.25%, 15, 0, 21, 195.93
1587503538, 2, 690, 715, 475, 0, 3.25%, 15, 0, 21, 190.86
1587503553, 2, 690, 716, 476, 0, 3.25%, 15, 0, 21, 202.29
1587503640, 2, 690, 717, 477, 0, 3.25%, 15, 0, 21, 189.95
1587503650, 2, 695, 717, 476, 0, 3.25%, 15, 0, 21, 168.74
1587518227, 2, 695, 719, 478, 0, 3.25%, 15, 0, 21, 91.05
1587518232, 2, 695, 724, 483, 0, 3.25%, 15, 0, 21, 86.83
1587518237, 2, 695, 725, 484, 0, 3.25%, 15, 0, 21, 91.12
1587518242, 2, 695, 726, 485, 0, 3.25%, 15, 0, 21, 96.68
1587518247, 2, 695, 727, 486, 0, 3.25%, 15, 0, 21, 99.28
1587518257, 2, 695, 728, 487, 0, 3.25%, 15, 0, 21, 97.62
1587518321, 2, 695, 729, 488, 0, 3.25%, 15, 0, 21, 102.67
1587518454, 2, 695, 730, 489, 0, 3.25%, 15, 0, 21, 100.87
1587518566, 2, 700, 730, 488, 0, 3.25%, 15, 0, 21, 102.07
1587529904, 2, 703, 730, 487, 0, 3.25%, 15, 0, 21, 154.93
1587532714, 2, 705, 730, 486, 0, 3.25%, 15, 0, 21, 256.16
1587532842, 2, 705, 731, 487, 0, 3.25%, 15, 0, 21, 284.81
1587532852, 2, 705, 732, 488, 0, 3.25%, 15, 0, 21, 255.89
1587532857, 2, 705, 733, 489, 0, 3.25%, 15, 0, 21, 271.32
1587533666, 2, 705, 739, 495, 0, 3.25%, 15, 0, 21, 289.92
1587533671, 2, 705, 741, 497, 0, 3.25%, 15, 0, 21, 284.65
1587533707, 2, 705, 742, 498, 0, 3.25%, 15, 0, 21, 296.32
1587533733, 2, 709, 742, 497, 0, 3.25%, 15, 0, 21, 110.67
