# unix_time, cycles_done, cur_path, paths_total, pending_total, pending_favs, map_size, unique_crashes, unique_hangs, max_depth, execs_per_sec
1587835676, 0, 0, 35, 35, 20, 1.01%, 0, 0, 1, 296.61
1587835680, 0, 1, 51, 51, 20, 1.04%, 0, 0, 2, 338.81
1587835686, 0, 1, 61, 61, 20, 1.06%, 0, 0, 2, 341.64
1587835696, 0, 1, 69, 69, 20, 1.08%, 0, 0, 2, 348.25
1587835701, 0, 1, 72, 72, 20, 1.08%, 0, 0, 2, 344.45
1587835706, 0, 1, 77, 77, 20, 1.08%, 0, 0, 2, 345.02
1587835711, 0, 1, 82, 82, 20, 1.08%, 0, 0, 2, 338.94
1587835721, 0, 1, 90, 90, 20, 1.10%, 0, 0, 2, 358.81
1587835726, 0, 1, 91, 91, 20, 1.10%, 0, 0, 2, 342.19
1587835737, 0, 1, 126, 126, 20, 1.11%, 0, 0, 2, 355.43
1587835742, 0, 1, 152, 152, 20, 1.11%, 0, 0, 2, 363.97
1587835747, 0, 1, 174, 174, 20, 1.13%, 0, 0, 2, 374.11
1587835752, 0, 1, 186, 186, 20, 1.13%, 0, 0, 2, 362.77
1587835758, 0, 1, 195, 195, 20, 1.15%, 0, 0, 2, 375.08
1587835763, 0, 1, 199, 199, 20, 1.16%, 0, 0, 2, 367.12
1587835768, 0, 1, 204, 204, 20, 1.16%, 0, 0, 2, 365.51
1587835773, 0, 1, 212, 212, 20, 1.16%, 0, 0, 2, 364.98
1587835778, 0, 1, 214, 214, 20, 1.16%, 0, 0, 2, 383.43
1587835783, 0, 1, 219, 219, 20, 1.16%, 0, 0, 2, 381.55
1587835788, 0, 1, 220, 220, 20, 1.16%, 0, 0, 2, 382.30
1587835793, 0, 1, 227, 227, 20, 1.16%, 0, 0, 2, 381.13
1587835798, 0, 1, 229, 229, 20, 1.16%, 0, 0, 2, 365.78
1587835803, 0, 1, 235, 235, 20, 1.16%, 0, 0, 2, 361.30
1587835808, 0, 1, 239, 239, 20, 1.16%, 0, 0, 2, 376.34
1587835813, 0, 1, 242, 242, 20, 1.17%, 0, 0, 2, 380.26
1587835818, 0, 1, 244, 244, 20, 1.17%, 0, 0, 2, 371.41
1587835829, 0, 13, 248, 247, 51, 1.17%, 0, 0, 2, 331.75
1587835844, 0, 13, 249, 248, 51, 1.17%, 0, 0, 2, 306.15
1587835946, 0, 13, 250, 249, 51, 1.17%, 0, 0, 2, 307.46
1587835956, 0, 13, 251, 250, 51, 1.18%, 0, 0, 2, 302.64
1587835961, 0, 13, 252, 251, 51, 1.18%, 0, 0, 2, 289.34
1587835987, 0, 13, 256, 255, 51, 1.18%, 0, 0, 2, 308.28
1587835992, 0, 13, 272, 271, 51, 1.25%, 0, 0, 2, 314.34
1587835997, 0, 13, 282, 281, 51, 1.25%, 0, 0, 2, 327.00
1587836002, 0, 13, 287, 286, 51, 1.26%, 0, 0, 2, 324.21
1587836007, 0, 13, 290, 289, 51, 1.26%, 0, 0, 2, 327.17
1587836012, 0, 13, 294, 293, 51, 1.27%, 0, 0, 2, 325.30
1587836017, 0, 13, 295, 294, 51, 1.27%, 0, 0, 2, 324.72
1587836022, 0, 13, 300, 299, 51, 1.27%, 0, 0, 2, 315.61
1587836027, 0, 13, 302, 301, 51, 1.27%, 0, 0, 2, 312.60
1587836032, 0, 13, 303, 302, 51, 1.27%, 0, 0, 2, 326.43
1587836038, 0, 13, 308, 307, 51, 1.28%, 0, 0, 2, 333.78
1587836043, 0, 13, 314, 313, 51, 1.28%, 0, 0, 2, 326.94
1587836048, 0, 13, 316, 315, 51, 1.29%, 0, 0, 2, 333.28
1587836053, 0, 13, 319, 318, 51, 1.29%, 0, 0, 2, 323.50
1587836058, 0, 13, 320, 319, 51, 1.29%, 0, 0, 2, 318.91
1587836063, 0, 13, 321, 320, 51, 1.29%, 0, 0, 2, 325.76
1587836068, 0, 13, 323, 322, 51, 1.29%, 0, 0, 2, 326.74
1587836073, 0, 13, 324, 323, 51, 1.29%, 0, 0, 2, 320.21
1587836078, 0, 13, 326, 325, 51, 1.30%, 0, 0, 2, 338.27
1587836088, 0, 13, 329, 328, 51, 1.30%, 0, 0, 2, 327.59
1587836093, 0, 14, 329, 327, 63, 1.30%, 0, 0, 2, 345.19
1587836134, 0, 14, 330, 328, 63, 1.30%, 0, 0, 2, 372.36
1587836139, 0, 19, 331, 328, 62, 1.89%, 0, 0, 2, 328.70
1587836169, 0, 19, 332, 329, 62, 1.89%, 0, 0, 2, 307.30
1587836296, 0, 19, 337, 334, 62, 1.89%, 0, 0, 2, 326.61
1587836301, 0, 19, 339, 336, 62, 1.93%, 0, 0, 2, 336.30
1587836306, 0, 19, 343, 340, 62, 1.96%, 0, 0, 2, 326.66
1587836312, 0, 19, 347, 344, 62, 1.96%, 0, 0, 2, 335.38
1587836317, 0, 19, 351, 348, 62, 1.99%, 0, 0, 2, 335.17
1587836322, 0, 19, 354, 351, 62, 1.99%, 0, 0, 2, 334.14
1587836327, 0, 19, 359, 356, 62, 2.01%, 0, 0, 2, 345.29
1587836332, 0, 19, 361, 358, 62, 2.01%, 0, 0, 2, 338.51
1587836337, 0, 19, 363, 360, 62, 2.01%, 0, 0, 2, 346.01
1587836342, 0, 19, 365, 362, 62, 2.08%, 0, 0, 2, 331.34
1587836347, 0, 19, 366, 363, 62, 2.08%, 0, 0, 2, 338.88
1587836352, 0, 19, 367, 364, 62, 2.08%, 0, 0, 2, 340.72
1587836357, 0, 19, 369, 366, 62, 2.08%, 0, 0, 2, 330.10
1587836362, 0, 19, 374, 371, 62, 2.10%, 0, 0, 2, 338.59
1587836367, 0, 19, 376, 373, 62, 2.10%, 0, 0, 2, 328.67
1587836373, 0, 19, 377, 374, 62, 2.10%, 0, 0, 2, 330.64
1587836378, 0, 19, 381, 378, 62, 2.12%, 0, 0, 2, 337.17
1587836383, 0, 19, 382, 379, 62, 2.12%, 0, 0, 2, 337.96
1587836388, 0, 19, 383, 380, 62, 2.12%, 0, 0, 2, 344.81
1587836393, 0, 33, 383, 379, 56, 2.12%, 0, 0, 2, 347.38
1587836532, 0, 42, 383, 378, 55, 2.12%, 0, 0, 2, 346.11
1587836588, 0, 53, 383, 377, 54, 2.12%, 0, 0, 2, 359.46
1587836634, 0, 53, 385, 379, 54, 2.13%, 0, 0, 3, 337.78
1587836650, 0, 53, 387, 381, 54, 2.13%, 0, 0, 3, 375.43
1587836660, 0, 54, 387, 380, 54, 2.13%, 0, 0, 3, 346.76
1587836721, 0, 54, 389, 382, 54, 2.13%, 0, 0, 3, 360.81
1587836731, 0, 73, 389, 381, 54, 2.13%, 0, 0, 3, 351.69
1587836792, 0, 74, 389, 380, 53, 2.13%, 0, 0, 3, 331.02
1587836853, 0, 83, 389, 379, 52, 2.13%, 0, 0, 3, 341.66
1587836914, 0, 90, 389, 378, 51, 2.13%, 0, 0, 3, 346.93
1587836981, 0, 90, 390, 379, 51, 2.13%, 0, 0, 3, 358.16
1587836986, 0, 94, 390, 378, 50, 2.13%, 0, 0, 3, 382.31
1587836991, 0, 103, 390, 376, 48, 2.13%, 0, 0, 3, 392.74
1587837001, 0, 115, 390, 374, 46, 2.13%, 0, 0, 3, 361.37
1587837031, 0, 141, 390, 373, 45, 2.13%, 0, 0, 3, 358.40
1587837088, 0, 141, 391, 374, 45, 2.13%, 0, 0, 3, 357.57
1587837093, 0, 147, 391, 373, 44, 2.13%, 0, 0, 3, 371.97
1587837108, 0, 147, 392, 374, 44, 2.13%, 0, 0, 3, 380.81
1587837123, 0, 153, 392, 373, 43, 2.13%, 0, 0, 3, 369.27
1587837144, 0, 153, 393, 374, 43, 2.13%, 0, 0, 3, 364.07
1587837149, 0, 153, 396, 377, 43, 2.13%, 0, 0, 3, 367.65
1587837154, 0, 153, 397, 378, 43, 2.13%, 0, 0, 3, 369.38
1587837169, 0, 166, 397, 377, 44, 2.13%, 0, 0, 3, 355.80
1587837180, 0, 166, 398, 378, 44, 2.13%, 0, 0, 3, 376.87
1587837195, 0, 167, 398, 377, 44, 2.13%, 0, 0, 3, 372.86
1587837287, 0, 167, 400, 379, 44, 2.13%, 0, 0, 3, 362.12
1587837292, 0, 167, 401, 380, 44, 2.13%, 0, 0, 3, 352.16
1587837297, 0, 167, 403, 382, 44, 2.13%, 0, 0, 3, 355.19
1587837327, 0, 167, 406, 385, 44, 2.13%, 0, 0, 3, 357.07
1587837332, 0, 167, 407, 386, 44, 2.14%, 0, 0, 3, 351.53
1587837353, 0, 167, 409, 388, 44, 2.14%, 0, 0, 3, 361.94
1587837358, 0, 167, 410, 389, 44, 2.14%, 0, 0, 3, 354.19
1587837373, 0, 167, 411, 390, 44, 2.14%, 0, 0, 3, 346.34
1587837378, 0, 177, 411, 389, 47, 2.14%, 0, 0, 3, 361.37
1587837419, 0, 179, 411, 388, 46, 2.14%, 0, 0, 3, 359.68
1587837511, 0, 179, 412, 389, 46, 2.14%, 0, 0, 3, 346.35
1587837516, 0, 179, 414, 391, 46, 2.14%, 0, 0, 3, 351.97
1587837536, 0, 186, 414, 390, 46, 2.14%, 0, 0, 3, 364.74
1587837567, 0, 193, 414, 389, 45, 2.14%, 0, 0, 3, 378.25
1587837577, 0, 193, 415, 390, 45, 2.14%, 0, 0, 3, 384.92
1587837613, 0, 193, 418, 393, 45, 2.14%, 0, 0, 3, 358.11
1587837618, 0, 193, 423, 398, 45, 2.14%, 0, 0, 3, 360.67
1587837623, 0, 193, 427, 402, 45, 2.14%, 0, 0, 3, 374.17
1587837628, 0, 193, 428, 403, 45, 2.14%, 0, 0, 3, 376.77
1587837633, 0, 193, 430, 405, 45, 2.14%, 0, 0, 3, 373.01
1587837664, 0, 193, 432, 407, 45, 2.14%, 0, 0, 3, 364.16
1587837669, 0, 193, 433, 408, 45, 2.14%, 0, 0, 3, 371.18
1587837674, 0, 193, 434, 409, 45, 2.14%, 0, 0, 3, 367.45
1587837700, 0, 199, 434, 408, 43, 2.14%, 0, 0, 3, 369.98
1587837760, 0, 199, 436, 410, 43, 2.14%, 0, 0, 3, 363.14
1587837771, 0, 209, 436, 409, 42, 2.14%, 0, 0, 3, 355.59
1587837827, 0, 215, 436, 408, 41, 2.14%, 0, 0, 3, 337.66
1587837889, 0, 215, 437, 409, 41, 2.14%, 0, 0, 3, 348.72
1587837894, 0, 215, 438, 410, 41, 2.14%, 0, 0, 3, 361.79
1587837899, 0, 215, 439, 411, 41, 2.14%, 0, 0, 3, 360.01
1587837904, 0, 215, 440, 412, 41, 2.14%, 0, 0, 3, 350.40
1587837919, 0, 215, 441, 413, 41, 2.14%, 0, 0, 3, 362.30
1587837934, 0, 215, 442, 414, 41, 2.14%, 0, 0, 3, 361.46
1587837970, 0, 215, 443, 415, 41, 2.14%, 0, 0, 3, 357.65
1587837980, 0, 231, 443, 414, 42, 2.14%, 0, 0, 3, 352.14
1587838052, 0, 233, 443, 413, 41, 2.14%, 0, 0, 3, 343.22
1587838113, 0, 234, 443, 412, 40, 2.14%, 0, 0, 3, 354.45
1587838189, 0, 246, 443, 411, 40, 2.14%, 0, 0, 3, 302.06
1587838359, 0, 246, 445, 413, 40, 2.14%, 0, 0, 3, 301.95
1587838369, 0, 249, 445, 412, 40, 2.14%, 0, 0, 3, 264.27
1587838498, 0, 249, 446, 413, 40, 2.14%, 0, 0, 3, 286.35
1587838538, 0, 249, 447, 414, 40, 2.14%, 0, 0, 3, 302.84
1587838543, 0, 249, 449, 416, 40, 2.14%, 0, 0, 3, 300.32
1587838549, 0, 249, 451, 418, 40, 2.14%, 0, 0, 3, 308.72
1587838574, 0, 249, 452, 419, 40, 2.14%, 0, 0, 3, 305.74
1587838584, 0, 249, 453, 420, 40, 2.14%, 0, 0, 3, 313.24
1587838589, 0, 249, 454, 421, 40, 2.14%, 0, 0, 3, 280.34
1587838610, 0, 249, 456, 423, 40, 2.14%, 0, 0, 3, 320.34
1587838625, 0, 249, 457, 424, 40, 2.14%, 0, 0, 3, 309.90
1587838645, 0, 263, 457, 423, 41, 2.14%, 0, 0, 3, 338.45
1587838727, 0, 265, 457, 422, 40, 2.14%, 0, 0, 3, 350.18
1587838864, 0, 276, 457, 421, 39, 2.14%, 0, 0, 3, 333.96
1587839016, 0, 276, 459, 423, 39, 2.14%, 0, 0, 3, 314.57
1587839021, 0, 276, 460, 424, 39, 2.14%, 0, 0, 3, 293.82
1587839036, 0, 284, 460, 423, 39, 2.14%, 0, 0, 3, 278.50
1587839195, 0, 284, 462, 425, 39, 2.14%, 0, 0, 3, 304.07
1587839200, 0, 284, 463, 426, 39, 2.14%, 0, 0, 3, 308.95
1587839205, 0, 284, 464, 427, 39, 2.14%, 0, 0, 3, 297.53
1587839211, 0, 284, 466, 429, 39, 2.14%, 0, 0, 3, 311.85
1587839231, 0, 284, 467, 430, 39, 2.14%, 0, 0, 3, 310.02
1587839303, 0, 325, 467, 429, 38, 2.14%, 0, 0, 3, 306.17
1587839473, 0, 325, 469, 431, 38, 2.14%, 0, 0, 3, 306.78
1587839483, 0, 326, 469, 430, 37, 2.14%, 0, 0, 3, 288.95
1587839493, 0, 326, 470, 431, 37, 2.14%, 0, 0, 3, 303.00
1587839667, 0, 326, 474, 435, 37, 2.14%, 0, 0, 3, 310.82
1587839672, 0, 326, 475, 436, 37, 2.15%, 0, 0, 3, 292.85
1587839677, 0, 326, 478, 439, 37, 2.15%, 0, 0, 3, 313.23
1587839687, 0, 326, 479, 440, 37, 2.15%, 0, 0, 3, 318.72
1587839692, 0, 326, 480, 441, 37, 2.15%, 0, 0, 3, 301.70
1587839697, 0, 326, 482, 443, 37, 2.15%, 0, 0, 3, 305.39
1587839702, 0, 326, 483, 444, 37, 2.15%, 0, 0, 3, 321.51
1587839707, 0, 326, 484, 445, 37, 2.15%, 0, 0, 3, 317.62
1587839713, 0, 326, 485, 446, 37, 2.15%, 0, 0, 3, 324.18
1587839723, 0, 326, 487, 448, 37, 2.15%, 0, 0, 3, 319.30
1587839728, 0, 326, 489, 450, 37, 2.16%, 0, 0, 3, 314.13
1587839733, 0, 326, 491, 452, 37, 2.16%, 0, 0, 3, 318.78
1587839774, 0, 332, 491, 451, 41, 2.16%, 0, 0, 3, 330.58
1587839911, 0, 338, 491, 450, 41, 2.16%, 0, 0, 3, 330.95
1587839916, 0, 338, 503, 462, 41, 2.24%, 0, 0, 3, 331.84
1587839921, 0, 338, 506, 465, 41, 2.24%, 0, 0, 3, 342.61
1587839932, 0, 338, 516, 475, 41, 2.27%, 0, 0, 3, 333.22
1587839947, 0, 338, 518, 477, 41, 2.27%, 0, 0, 3, 338.92
1587839977, 0, 338, 524, 483, 41, 2.30%, 0, 0, 3, 346.87
1587840008, 0, 338, 530, 489, 41, 2.30%, 0, 0, 3, 335.16
1587840034, 0, 338, 535, 494, 41, 2.31%, 0, 0, 3, 320.18
1587840039, 0, 338, 540, 499, 41, 2.32%, 0, 0, 3, 333.65
1587840044, 0, 338, 545, 504, 41, 2.32%, 0, 0, 3, 337.52
1587840049, 0, 338, 546, 505, 41, 2.32%, 0, 0, 3, 334.16
1587840059, 0, 338, 547, 506, 41, 2.32%, 0, 0, 3, 338.94
1587840064, 0, 338, 553, 512, 41, 2.32%, 0, 0, 3, 345.41
1587840075, 0, 338, 556, 515, 41, 2.33%, 0, 0, 3, 334.31
1587840080, 0, 338, 557, 516, 41, 2.33%, 0, 0, 3, 346.24
1587840085, 0, 338, 559, 518, 41, 2.33%, 0, 0, 3, 304.54
1587840090, 0, 338, 562, 521, 41, 2.34%, 0, 0, 3, 337.09
1587840095, 0, 338, 563, 522, 41, 2.35%, 0, 0, 3, 339.01
1587840105, 0, 350, 565, 523, 68, 2.35%, 0, 0, 3, 297.86
1587840279, 0, 364, 571, 528, 67, 2.35%, 0, 0, 3, 294.46
1587840284, 0, 364, 589, 546, 67, 2.36%, 0, 0, 3, 281.04
1587840289, 0, 364, 598, 555, 67, 2.38%, 0, 0, 3, 281.88
1587840295, 0, 364, 601, 558, 67, 2.39%, 0, 0, 3, 287.13
1587840300, 0, 364, 602, 559, 67, 2.39%, 0, 0, 3, 282.40
1587840305, 0, 364, 612, 569, 67, 2.40%, 0, 0, 3, 283.89
1587840330, 0, 364, 613, 570, 67, 2.40%, 0, 0, 3, 285.92
1587840335, 0, 364, 614, 571, 67, 2.40%, 0, 0, 3, 281.95
1587840372, 0, 364, 616, 573, 67, 2.41%, 0, 0, 3, 285.57
1587840377, 0, 364, 621, 578, 67, 2.46%, 0, 0, 3, 281.28
1587840382, 0, 364, 622, 579, 67, 2.46%, 0, 0, 3, 283.52
1587840407, 0, 364, 624, 581, 67, 2.46%, 0, 0, 3, 279.46
1587840412, 0, 364, 637, 594, 67, 2.47%, 0, 0, 3, 279.47
1587840418, 0, 364, 653, 610, 67, 2.53%, 1, 0, 3, 280.39
1587840453, 0, 364, 661, 618, 67, 2.54%, 1, 0, 3, 307.83
1587840458, 0, 364, 668, 625, 67, 2.54%, 1, 0, 3, 310.64
1587840463, 0, 364, 672, 629, 67, 2.54%, 1, 0, 3, 240.81
1587840468, 0, 364, 676, 633, 67, 2.54%, 1, 0, 3, 298.14
1587840473, 0, 364, 677, 634, 67, 2.54%, 1, 0, 3, 314.07
1587840479, 0, 364, 682, 639, 67, 2.54%, 1, 0, 3, 313.53
1587840489, 0, 364, 686, 643, 67, 2.54%, 1, 0, 3, 317.02
1587840494, 0, 364, 693, 650, 67, 2.54%, 1, 0, 3, 313.01
1587840499, 0, 364, 697, 654, 67, 2.54%, 1, 0, 3, 318.56
1587840504, 0, 364, 699, 656, 67, 2.54%, 1, 0, 3, 317.03
1587840510, 0, 364, 702, 659, 67, 2.55%, 1, 0, 3, 308.41
1587840515, 0, 364, 705, 662, 67, 2.55%, 1, 0, 3, 316.80
1587840525, 0, 364, 707, 664, 67, 2.55%, 1, 0, 3, 300.20
1587840530, 0, 364, 709, 666, 67, 2.55%, 1, 0, 3, 301.00
1587840535, 0, 364, 710, 667, 67, 2.55%, 1, 0, 3, 314.96
1587840540, 0, 364, 711, 668, 67, 2.55%, 1, 0, 3, 310.82
1587840545, 0, 364, 712, 669, 67, 2.55%, 1, 0, 3, 310.94
1587840551, 0, 364, 714, 671, 67, 2.55%, 1, 0, 3, 314.30
1587840561, 0, 369, 714, 670, 97, 2.55%, 1, 0, 3, 317.79
1587840658, 0, 369, 715, 671, 97, 2.55%, 1, 0, 3, 340.80
1587840688, 0, 369, 716, 672, 97, 2.55%, 1, 0, 3, 346.86
1587840693, 0, 383, 716, 671, 98, 2.55%, 1, 0, 3, 339.08
1587840755, 0, 383, 717, 672, 98, 2.55%, 1, 0, 4, 344.62
1587840760, 0, 384, 717, 671, 97, 2.55%, 1, 0, 4, 341.73
1587840826, 0, 384, 718, 672, 97, 2.55%, 1, 0, 4, 351.66
1587840831, 0, 386, 718, 671, 96, 2.55%, 1, 0, 4, 365.24
1587840862, 0, 386, 719, 672, 96, 2.55%, 1, 0, 4, 370.42
1587840872, 0, 386, 720, 673, 96, 2.55%, 1, 0, 4, 362.56
1587840877, 0, 386, 721, 674, 96, 2.55%, 1, 0, 4, 350.23
1587840882, 0, 395, 721, 673, 95, 2.55%, 1, 0, 4, 366.40
1587840918, 0, 395, 722, 674, 95, 2.55%, 1, 0, 4, 367.22
1587840933, 0, 397, 722, 673, 93, 2.55%, 1, 0, 4, 387.91
1587840953, 0, 406, 722, 672, 92, 2.55%, 1, 0, 4, 367.30
1587841014, 0, 406, 723, 673, 92, 2.55%, 1, 0, 4, 346.24
1587841071, 0, 406, 724, 674, 92, 2.55%, 1, 0, 4, 301.56
1587841076, 0, 406, 727, 677, 92, 2.55%, 1, 0, 4, 329.08
1587841081, 0, 406, 729, 679, 92, 2.55%, 1, 0, 4, 274.62
1587841086, 0, 406, 730, 680, 92, 2.55%, 1, 0, 4, 332.38
1587841091, 0, 406, 731, 681, 92, 2.55%, 1, 0, 4, 330.18
1587841168, 0, 411, 731, 680, 92, 2.55%, 1, 0, 4, 345.29
1587841265, 0, 416, 731, 679, 91, 2.55%, 1, 0, 4, 351.77
1587841316, 0, 416, 732, 680, 91, 2.55%, 1, 0, 4, 365.78
1587841326, 0, 416, 735, 683, 91, 2.55%, 1, 0, 4, 360.37
1587841331, 0, 416, 736, 684, 91, 2.55%, 1, 0, 4, 350.60
1587841337, 0, 416, 737, 685, 91, 2.55%, 1, 0, 4, 334.47
1587841387, 0, 416, 739, 687, 91, 2.55%, 1, 0, 4, 342.06
1587841398, 0, 417, 739, 686, 90, 2.55%, 1, 0, 4, 347.03
1587841469, 0, 423, 739, 685, 89, 2.55%, 1, 0, 4, 356.73
1587841581, 0, 424, 739, 684, 88, 2.55%, 1, 0, 4, 357.16
1587841646, 0, 424, 740, 685, 88, 2.55%, 1, 0, 4, 340.31
1587841656, 0, 425, 740, 684, 88, 2.55%, 1, 0, 4, 343.73
1587841717, 0, 436, 740, 683, 87, 2.55%, 1, 0, 4, 353.51
1587841784, 0, 438, 740, 682, 86, 2.55%, 1, 0, 4, 346.05
1587841844, 0, 442, 740, 681, 85, 2.55%, 1, 0, 4, 326.05
1587841870, 0, 442, 741, 682, 85, 2.55%, 1, 0, 4, 362.86
1587841890, 0, 442, 742, 683, 85, 2.55%, 1, 0, 4, 352.38
1587841895, 0, 444, 742, 682, 85, 2.55%, 1, 0, 4, 290.88
1587842033, 0, 444, 743, 683, 85, 2.55%, 1, 0, 4, 304.33
1587842038, 0, 448, 743, 682, 84, 2.55%, 1, 0, 4, 315.82
1587842180, 0, 448, 745, 684, 84, 2.55%, 1, 0, 4, 340.20
1587842185, 0, 448, 746, 685, 84, 2.55%, 1, 0, 4, 327.78
1587842191, 0, 448, 747, 686, 84, 2.55%, 1, 0, 4, 342.23
1587842216, 0, 448, 748, 687, 84, 2.55%, 1, 0, 4, 343.56
1587842227, 0, 448, 749, 688, 84, 2.55%, 1, 0, 4, 330.81
1587842252, 0, 457, 749, 687, 83, 2.55%, 1, 0, 4, 309.55
1587842426, 0, 457, 751, 689, 83, 2.55%, 1, 0, 4, 295.13
1587842437, 0, 475, 751, 688, 82, 2.55%, 1, 0, 4, 308.22
1587842700, 0, 486, 751, 687, 81, 2.55%, 1, 0, 4, 301.83
1587842917, 0, 490, 751, 686, 80, 2.55%, 1, 0, 4, 305.86
1587843081, 0, 492, 751, 685, 79, 2.55%, 1, 0, 4, 327.84
1587843086, 0, 492, 752, 686, 79, 2.55%, 1, 0, 4, 339.32
1587843178, 0, 492, 753, 687, 79, 2.55%, 1, 0, 4, 331.57
1587843203, 0, 492, 754, 688, 79, 2.55%, 1, 0, 4, 332.57
1587843208, 0, 493, 754, 687, 80, 2.55%, 1, 0, 4, 335.64
1587843331, 0, 493, 755, 688, 80, 2.55%, 1, 0, 4, 334.80
1587843336, 0, 494, 755, 687, 79, 2.55%, 1, 0, 4, 341.38
1587843463, 0, 496, 755, 686, 78, 2.55%, 1, 0, 4, 332.01
1587843473, 0, 496, 756, 687, 78, 2.55%, 1, 0, 4, 307.22
1587843564, 0, 496, 757, 688, 78, 2.56%, 1, 0, 4, 338.89
1587843589, 0, 496, 760, 691, 78, 2.56%, 1, 0, 4, 334.62
1587843594, 0, 496, 762, 693, 78, 2.56%, 1, 0, 4, 334.21
1587843620, 0, 496, 763, 694, 78, 2.56%, 1, 0, 4, 331.53
1587843625, 0, 496, 764, 695, 78, 2.56%, 1, 0, 4, 339.79
1587843630, 0, 496, 766, 697, 78, 2.56%, 1, 0, 4, 333.98
1587843635, 0, 496, 769, 700, 78, 2.56%, 1, 0, 4, 335.72
1587843650, 0, 496, 770, 701, 78, 2.56%, 1, 0, 4, 337.56
1587843656, 0, 496, 771, 702, 78, 2.56%, 1, 0, 4, 328.94
1587843666, 0, 498, 771, 701, 79, 2.56%, 1, 0, 4, 333.72
1587843762, 0, 498, 772, 702, 79, 2.56%, 1, 0, 4, 324.64
1587843787, 0, 498, 773, 703, 79, 2.56%, 1, 0, 4, 323.18
1587843792, 0, 500, 773, 702, 78, 2.56%, 1, 0, 4, 323.69
1587843894, 0, 500, 774, 703, 78, 2.56%, 1, 0, 4, 338.51
1587843919, 0, 500, 775, 704, 78, 2.56%, 1, 0, 4, 341.33
1587843924, 0, 502, 775, 703, 78, 2.56%, 1, 0, 4, 348.07
1587844037, 0, 502, 776, 704, 78, 2.56%, 1, 0, 4, 329.60
1587844048, 0, 505, 776, 703, 77, 2.56%, 1, 0, 4, 344.41
1587844063, 0, 505, 777, 704, 77, 2.56%, 1, 0, 4, 335.26
1587844164, 0, 505, 779, 706, 77, 2.56%, 1, 0, 4, 343.32
1587844180, 0, 511, 779, 705, 77, 2.56%, 1, 0, 4, 347.80
1587844185, 0, 511, 780, 706, 77, 2.56%, 1, 0, 4, 342.02
1587844195, 0, 511, 783, 709, 77, 2.56%, 1, 0, 4, 336.40
1587844301, 0, 511, 784, 710, 77, 2.56%, 1, 0, 4, 338.07
1587844306, 0, 512, 784, 709, 77, 2.56%, 1, 0, 4, 327.55
1587844432, 0, 515, 784, 708, 76, 2.56%, 1, 0, 4, 327.38
1587844499, 0, 515, 785, 709, 76, 2.56%, 1, 0, 4, 335.42
1587844555, 0, 517, 785, 708, 75, 2.56%, 1, 0, 4, 338.09
1587844647, 0, 517, 786, 709, 75, 2.56%, 1, 0, 4, 340.74
1587844673, 0, 517, 787, 710, 75, 2.56%, 1, 0, 4, 262.10
1587844678, 0, 519, 787, 709, 74, 2.56%, 1, 0, 4, 328.79
1587844801, 0, 523, 787, 708, 73, 2.56%, 1, 0, 4, 313.65
1587844821, 0, 523, 788, 709, 73, 2.57%, 1, 0, 4, 320.20
1587844923, 0, 523, 790, 711, 73, 2.57%, 1, 0, 4, 323.27
1587844928, 0, 523, 791, 712, 73, 2.57%, 1, 0, 4, 320.42
1587844944, 0, 523, 794, 715, 73, 2.57%, 1, 0, 4, 337.39
1587844964, 0, 523, 795, 716, 73, 2.57%, 1, 0, 4, 324.57
1587844969, 0, 523, 796, 717, 73, 2.57%, 1, 0, 4, 217.62
1587844980, 0, 523, 797, 718, 73, 2.57%, 1, 0, 4, 327.46
1587845000, 0, 524, 797, 717, 74, 2.57%, 1, 0, 4, 335.23
1587845132, 0, 525, 797, 716, 73, 2.57%, 1, 0, 4, 321.57
1587845265, 0, 532, 797, 715, 72, 2.57%, 1, 0, 4, 299.26
1587845382, 0, 535, 797, 714, 71, 2.57%, 1, 0, 4, 348.63
1587845493, 0, 544, 797, 713, 70, 2.57%, 1, 0, 4, 352.92
1587845605, 0, 544, 798, 714, 70, 2.57%, 1, 0, 4, 345.32
1587845610, 0, 548, 798, 713, 69, 2.57%, 1, 0, 4, 329.00
1587845732, 0, 548, 799, 714, 69, 2.57%, 1, 0, 4, 342.78
1587845742, 0, 548, 800, 715, 69, 2.57%, 1, 0, 4, 345.37
1587845752, 0, 550, 800, 714, 68, 2.57%, 1, 0, 4, 334.87
1587845914, 0, 550, 801, 715, 68, 2.57%, 1, 0, 4, 321.56
1587845924, 0, 550, 802, 716, 68, 2.57%, 1, 0, 4, 327.67
1587845934, 0, 550, 803, 717, 68, 2.57%, 1, 0, 4, 333.71
1587845955, 0, 555, 803, 716, 67, 2.57%, 1, 0, 4, 336.56
1587845960, 0, 555, 804, 717, 67, 2.57%, 1, 0, 4, 335.97
1587845970, 0, 555, 806, 719, 67, 2.57%, 1, 0, 4, 344.31
1587846047, 0, 555, 808, 721, 67, 2.57%, 1, 0, 4, 343.69
1587846078, 0, 558, 808, 720, 67, 2.57%, 1, 0, 4, 324.44
1587846260, 0, 558, 809, 721, 67, 2.57%, 1, 0, 4, 329.67
1587846265, 0, 559, 809, 720, 66, 2.57%, 1, 0, 4, 324.36
1587846271, 0, 559, 810, 721, 66, 2.57%, 1, 0, 4, 342.02
1587846276, 0, 559, 811, 722, 66, 2.57%, 1, 0, 4, 343.59
1587846358, 0, 559, 812, 723, 66, 2.57%, 1, 0, 4, 344.92
1587846379, 0, 559, 813, 724, 66, 2.57%, 1, 0, 4, 346.02
1587846384, 0, 559, 815, 726, 66, 2.57%, 1, 0, 4, 348.87
1587846404, 0, 559, 816, 727, 66, 2.57%, 1, 0, 4, 347.06
1587846414, 0, 559, 817, 728, 66, 2.57%, 1, 0, 4, 351.21
1587846435, 0, 559, 818, 729, 66, 2.57%, 1, 0, 4, 338.52
1587846440, 0, 559, 819, 730, 66, 2.57%, 1, 0, 4, 343.89
1587846450, 0, 561, 819, 729, 67, 2.57%, 1, 0, 4, 339.47
1587846455, 0, 561, 821, 731, 67, 2.57%, 1, 0, 4, 341.61
1587846543, 0, 561, 822, 732, 67, 2.57%, 1, 0, 4, 343.89
1587846568, 0, 561, 823, 733, 67, 2.57%, 1, 0, 4, 349.01
1587846574, 0, 561, 824, 734, 67, 2.57%, 1, 0, 4, 351.76
1587846589, 0, 569, 824, 733, 68, 2.57%, 1, 0, 4, 300.50
1587846609, 0, 569, 825, 734, 68, 2.57%, 1, 0, 4, 282.38
1587846686, 0, 569, 826, 735, 68, 2.57%, 1, 0, 4, 290.91
1587846752, 0, 569, 827, 736, 68, 2.58%, 1, 0, 4, 318.69
1587846757, 0, 569, 828, 737, 68, 2.58%, 1, 0, 4, 320.13
1587846763, 0, 569, 829, 738, 68, 2.58%, 1, 0, 4, 326.52
1587846768, 0, 569, 830, 739, 68, 2.58%, 1, 0, 4, 312.81
1587846778, 0, 569, 831, 740, 68, 2.58%, 1, 0, 4, 309.24
1587846788, 0, 569, 833, 742, 68, 2.58%, 1, 0, 4, 311.12
1587846793, 0, 569, 834, 743, 68, 2.58%, 1, 0, 4, 308.66
1587846803, 0, 569, 835, 744, 68, 2.58%, 1, 0, 4, 313.98
1587846809, 0, 569, 837, 746, 68, 2.58%, 1, 0, 4, 322.00
1587846814, 0, 569, 838, 747, 68, 2.58%, 1, 0, 4, 319.38
1587846819, 0, 569, 839, 748, 68, 2.58%, 1, 0, 4, 325.86
1587846829, 0, 571, 839, 747, 71, 2.58%, 1, 0, 4, 304.20
1587846927, 0, 571, 840, 748, 71, 2.58%, 1, 0, 4, 276.37
1587846999, 0, 572, 840, 747, 71, 2.58%, 1, 0, 4, 296.74
1587847096, 0, 572, 841, 748, 71, 2.58%, 1, 0, 4, 288.25
1587847168, 0, 595, 841, 747, 70, 2.58%, 1, 0, 4, 304.43
1587847178, 0, 595, 842, 748, 70, 2.58%, 1, 0, 4, 282.26
1587847193, 0, 595, 843, 749, 70, 2.59%, 1, 0, 4, 281.66
1587847260, 0, 595, 846, 752, 70, 2.60%, 1, 0, 4, 284.33
1587847270, 0, 595, 847, 753, 70, 2.60%, 1, 0, 4, 277.82
1587847301, 0, 595, 848, 754, 70, 2.60%, 1, 0, 4, 274.56
1587847306, 0, 595, 849, 755, 70, 2.60%, 1, 0, 4, 279.83
1587847341, 0, 595, 850, 756, 70, 2.60%, 1, 0, 4, 286.83
1587847346, 0, 595, 851, 757, 70, 2.60%, 1, 0, 4, 291.76
1587847357, 0, 597, 851, 756, 72, 2.60%, 1, 0, 4, 302.37
1587847362, 0, 597, 853, 758, 72, 2.60%, 1, 0, 4, 288.83
1587847459, 0, 597, 854, 759, 72, 2.60%, 1, 0, 4, 284.07
1587847531, 0, 598, 854, 758, 72, 2.60%, 1, 0, 4, 290.74
1587847633, 0, 598, 855, 759, 72, 2.60%, 1, 0, 4, 272.04
1587847704, 0, 598, 858, 762, 72, 2.60%, 1, 0, 4, 295.36
1587847714, 0, 598, 859, 763, 72, 2.60%, 1, 0, 4, 307.97
1587847720, 0, 598, 861, 765, 72, 2.60%, 1, 0, 4, 308.13
1587847730, 0, 598, 862, 766, 72, 2.60%, 1, 0, 4, 314.81
1587847755, 0, 598, 865, 769, 72, 2.60%, 1, 0, 4, 300.44
1587847760, 0, 601, 867, 770, 72, 2.60%, 1, 0, 4, 294.57
1587847867, 0, 601, 868, 771, 72, 2.60%, 1, 0, 4, 266.47
1587847939, 0, 610, 868, 770, 71, 2.60%, 1, 0, 4, 294.71
1587847944, 0, 610, 869, 771, 71, 2.60%, 1, 0, 4, 290.92
1587848036, 0, 610, 870, 772, 71, 2.60%, 1, 0, 4, 286.88
1587848067, 0, 610, 874, 776, 71, 2.60%, 1, 0, 4, 287.52
1587848108, 0, 614, 874, 775, 71, 2.60%, 1, 0, 4, 283.52
1587848205, 0, 614, 875, 776, 71, 2.60%, 1, 0, 4, 282.25
1587848277, 0, 617, 875, 775, 70, 2.60%, 1, 0, 4, 290.59
1587848375, 0, 617, 876, 776, 70, 2.60%, 1, 0, 4, 284.64
1587848446, 0, 617, 878, 778, 70, 2.60%, 1, 0, 4, 310.57
1587848462, 0, 618, 878, 777, 70, 2.60%, 1, 0, 4, 303.75
1587848559, 0, 618, 879, 778, 70, 2.60%, 1, 0, 4, 290.07
1587848630, 0, 619, 879, 777, 69, 2.60%, 1, 0, 4, 301.52
1587848728, 0, 619, 880, 778, 69, 2.60%, 1, 0, 4, 287.93
1587848764, 0, 619, 880, 778, 69, 2.60%, 2, 0, 4, 290.68
1587848795, 0, 619, 881, 779, 69, 2.60%, 2, 0, 4, 318.72
1587848805, 0, 625, 881, 778, 68, 2.60%, 2, 0, 4, 294.14
1587848810, 0, 625, 882, 779, 68, 2.60%, 2, 0, 4, 290.79
1587848846, 0, 625, 883, 780, 68, 2.60%, 2, 0, 4, 285.16
1587848887, 0, 625, 884, 781, 68, 2.60%, 2, 0, 4, 279.89
1587848897, 0, 625, 885, 782, 68, 2.60%, 2, 0, 4, 285.72
1587848923, 0, 625, 885, 782, 68, 2.60%, 3, 0, 4, 288.52
1587848964, 0, 625, 886, 783, 68, 2.60%, 3, 0, 4, 316.35
1587848969, 0, 626, 886, 782, 67, 2.60%, 3, 0, 4, 325.40
1587848984, 0, 626, 887, 783, 67, 2.60%, 3, 0, 4, 294.50
1587849066, 0, 626, 888, 784, 67, 2.60%, 3, 0, 4, 283.72
1587849092, 0, 626, 889, 785, 67, 2.61%, 3, 0, 4, 291.31
1587849138, 0, 629, 889, 784, 66, 2.61%, 3, 0, 4, 292.44
1587849230, 0, 629, 890, 785, 66, 2.61%, 3, 0, 4, 285.08
1587849261, 0, 629, 890, 785, 66, 2.61%, 4, 0, 4, 290.87
1587849302, 0, 629, 892, 787, 66, 2.61%, 4, 0, 4, 317.73
1587849307, 0, 629, 893, 788, 66, 2.61%, 4, 0, 4, 316.74
1587849312, 0, 629, 894, 789, 66, 2.61%, 4, 0, 4, 317.78
1587849327, 0, 629, 895, 790, 66, 2.61%, 4, 0, 4, 323.70
1587849337, 0, 629, 897, 792, 66, 2.61%, 4, 0, 4, 319.47
1587849347, 0, 629, 898, 793, 66, 2.61%, 4, 0, 4, 319.59
1587849353, 0, 629, 899, 794, 66, 2.61%, 4, 0, 4, 312.63
1587849373, 0, 637, 900, 794, 67, 2.61%, 4, 0, 4, 299.31
1587849496, 0, 637, 902, 796, 67, 2.61%, 4, 0, 4, 284.25
1587849501, 0, 637, 909, 803, 67, 2.69%, 4, 0, 4, 289.42
1587849531, 0, 637, 910, 804, 67, 2.69%, 4, 0, 4, 297.76
1587849537, 0, 637, 911, 805, 67, 2.69%, 4, 0, 4, 316.24
1587849552, 0, 641, 911, 804, 72, 2.69%, 4, 0, 4, 307.55
1587849572, 0, 641, 912, 805, 72, 2.69%, 4, 0, 4, 274.98
1587849654, 0, 641, 913, 806, 72, 2.69%, 4, 0, 4, 284.41
1587849721, 0, 641, 915, 808, 72, 2.69%, 4, 0, 4, 306.59
1587849726, 0, 641, 916, 809, 72, 2.69%, 4, 0, 4, 310.43
1587849731, 0, 641, 917, 810, 72, 2.69%, 4, 0, 4, 322.88
1587849747, 0, 641, 918, 811, 72, 2.69%, 4, 0, 4, 317.96
1587849752, 0, 641, 919, 812, 72, 2.69%, 4, 0, 4, 318.76
1587849762, 0, 641, 921, 814, 72, 2.69%, 4, 0, 4, 318.89
1587849767, 0, 641, 922, 815, 72, 2.69%, 4, 0, 4, 312.42
1587849793, 0, 641, 923, 816, 72, 2.69%, 4, 0, 4, 281.03
1587849803, 0, 642, 923, 815, 74, 2.69%, 4, 0, 4, 299.09
1587849900, 0, 642, 924, 816, 74, 2.69%, 4, 0, 4, 287.06
1587849972, 0, 642, 925, 817, 74, 2.69%, 4, 0, 4, 310.45
1587849977, 0, 643, 925, 816, 73, 2.69%, 4, 0, 4, 294.32
1587850079, 0, 643, 926, 817, 73, 2.69%, 4, 0, 4, 271.04
1587850151, 0, 643, 927, 818, 73, 2.69%, 4, 0, 4, 306.22
1587850156, 0, 644, 927, 817, 72, 2.69%, 4, 0, 4, 301.21
1587850258, 0, 644, 928, 818, 72, 2.69%, 4, 0, 4, 284.63
1587850329, 0, 645, 928, 817, 71, 2.69%, 4, 0, 4, 288.46
1587850432, 0, 645, 929, 818, 71, 2.69%, 4, 0, 4, 282.09
1587850499, 0, 645, 930, 819, 71, 2.69%, 4, 0, 4, 318.56
1587850509, 0, 646, 930, 818, 70, 2.69%, 4, 0, 4, 289.09
1587850606, 0, 646, 931, 819, 70, 2.69%, 4, 0, 4, 277.48
1587850682, 0, 647, 931, 818, 70, 2.69%, 4, 0, 4, 244.12
1587850780, 0, 647, 932, 819, 70, 2.69%, 4, 0, 4, 285.73
1587850851, 0, 647, 934, 821, 70, 2.69%, 4, 0, 4, 307.35
1587850861, 0, 647, 935, 822, 70, 2.69%, 4, 0, 4, 316.74
1587850871, 0, 647, 936, 823, 70, 2.69%, 4, 0, 4, 317.68
1587850902, 0, 647, 937, 824, 70, 2.69%, 4, 0, 4, 308.48
1587850928, 0, 648, 937, 823, 70, 2.69%, 4, 0, 4, 290.64
1587851030, 0, 648, 938, 824, 70, 2.69%, 4, 0, 4, 270.09
1587851101, 0, 649, 938, 823, 70, 2.69%, 4, 0, 4, 300.39
1587851204, 0, 649, 939, 824, 70, 2.69%, 4, 0, 4, 285.08
1587851286, 0, 650, 939, 823, 70, 2.69%, 4, 0, 4, 294.56
1587851389, 0, 650, 940, 824, 70, 2.69%, 4, 0, 4, 272.81
1587851465, 0, 651, 940, 823, 69, 2.69%, 4, 0, 4, 298.68
1587851572, 0, 651, 941, 824, 69, 2.69%, 4, 0, 4, 275.82
1587851649, 0, 652, 941, 823, 69, 2.69%, 4, 0, 4, 300.28
1587851756, 0, 652, 942, 824, 69, 2.69%, 4, 0, 4, 278.56
1587851832, 0, 652, 944, 826, 69, 2.69%, 4, 0, 4, 302.45
1587851837, 0, 652, 945, 827, 69, 2.69%, 4, 0, 4, 315.17
1587851868, 0, 669, 948, 829, 69, 2.69%, 4, 0, 4, 309.49
1587851873, 0, 669, 951, 832, 69, 2.69%, 4, 0, 4, 301.57
1587851878, 0, 669, 953, 834, 69, 2.69%, 4, 0, 4, 302.73
1587851888, 0, 669, 955, 836, 69, 2.69%, 4, 0, 4, 311.20
1587851898, 0, 669, 956, 837, 69, 2.69%, 4, 0, 4, 309.59
1587851969, 0, 669, 957, 838, 69, 2.69%, 4, 0, 4, 306.30
1587851979, 0, 669, 958, 839, 69, 2.69%, 4, 0, 4, 309.35
1587852005, 0, 669, 959, 840, 69, 2.69%, 4, 0, 4, 305.69
1587852010, 0, 669, 961, 842, 69, 2.69%, 4, 0, 4, 305.69
1587852015, 0, 669, 966, 847, 69, 2.69%, 4, 0, 4, 305.46
1587852045, 0, 669, 967, 848, 69, 2.69%, 4, 0, 4, 315.31
1587852050, 0, 669, 972, 853, 69, 2.70%, 4, 0, 4, 306.65
1587852055, 0, 669, 976, 857, 69, 2.70%, 4, 0, 4, 326.16
1587852065, 0, 669, 978, 859, 69, 2.70%, 4, 0, 4, 318.55
1587852070, 0, 669, 982, 863, 69, 2.70%, 4, 0, 4, 327.18
1587852076, 0, 669, 984, 865, 69, 2.70%, 4, 0, 4, 326.82
1587852081, 0, 669, 985, 866, 69, 2.70%, 4, 0, 4, 321.46
1587852086, 0, 669, 986, 867, 69, 2.70%, 4, 0, 4, 321.79
1587852091, 0, 669, 987, 868, 69, 2.70%, 4, 0, 4, 323.51
1587852096, 0, 669, 988, 869, 69, 2.70%, 4, 0, 4, 324.07
1587852101, 0, 669, 989, 870, 69, 2.70%, 4, 0, 4, 316.52
1587852106, 0, 669, 992, 873, 69, 2.70%, 4, 0, 4, 325.48
1587852116, 0, 669, 996, 877, 69, 2.70%, 4, 0, 4, 326.88
1587852121, 0, 669, 999, 880, 69, 2.70%, 4, 0, 4, 321.83
1587852127, 0, 673, 999, 879, 71, 2.70%, 4, 0, 4, 314.46
1587852208, 0, 673, 1000, 880, 71, 2.70%, 4, 0, 4, 319.14
1587852285, 0, 673, 1001, 881, 71, 2.70%, 4, 0, 4, 327.23
1587852295, 0, 695, 1001, 880, 72, 2.70%, 4, 0, 4, 300.46
1587852433, 0, 695, 1001, 880, 72, 2.70%, 5, 0, 4, 281.44
1587852469, 0, 721, 1001, 879, 71, 2.70%, 5, 0, 4, 296.14
1587852525, 0, 723, 1001, 878, 70, 2.70%, 5, 0, 4, 343.91
1587852664, 0, 723, 1002, 879, 70, 2.70%, 5, 0, 5, 323.64
1587852669, 0, 745, 1002, 878, 69, 2.70%, 5, 0, 5, 331.75
1587852846, 0, 751, 1002, 877, 69, 2.70%, 5, 0, 5, 341.78
1587852851, 0, 751, 1003, 878, 69, 2.70%, 5, 0, 5, 343.22
1587852974, 0, 751, 1004, 879, 69, 2.70%, 5, 0, 5, 344.82
1587852979, 0, 753, 1004, 878, 68, 2.70%, 5, 0, 5, 346.02
1587852984, 0, 753, 1005, 879, 68, 2.70%, 5, 0, 5, 339.16
1587852989, 0, 753, 1006, 880, 68, 2.70%, 5, 0, 5, 346.07
1587853106, 0, 753, 1008, 882, 68, 2.70%, 5, 0, 5, 347.44
1587853116, 0, 753, 1010, 884, 68, 2.70%, 5, 0, 5, 342.36
1587853178, 0, 753, 1011, 885, 68, 2.70%, 5, 0, 5, 340.75
1587853198, 0, 756, 1012, 885, 64, 2.70%, 5, 0, 5, 343.60
1587853300, 0, 756, 1013, 886, 64, 2.70%, 5, 0, 5, 336.62
1587853336, 0, 757, 1013, 885, 63, 2.70%, 5, 0, 5, 344.71
1587853366, 0, 757, 1014, 886, 63, 2.70%, 5, 0, 5, 329.69
1587853449, 0, 757, 1018, 890, 63, 2.70%, 5, 0, 5, 350.65
1587853454, 0, 757, 1020, 892, 63, 2.70%, 5, 0, 5, 351.23
1587853459, 0, 757, 1022, 894, 63, 2.70%, 5, 0, 5, 337.91
1587853464, 0, 757, 1023, 895, 63, 2.70%, 5, 0, 5, 349.43
1587853469, 0, 757, 1024, 896, 63, 2.70%, 5, 0, 5, 343.93
1587853479, 0, 757, 1026, 898, 63, 2.70%, 5, 0, 5, 343.01
1587853485, 0, 757, 1028, 900, 63, 2.70%, 5, 0, 5, 341.58
1587853490, 0, 757, 1030, 902, 63, 2.70%, 5, 0, 5, 347.90
1587853495, 0, 757, 1031, 903, 63, 2.70%, 5, 0, 5, 348.25
1587853500, 0, 757, 1033, 905, 63, 2.70%, 5, 0, 5, 344.80
1587853520, 0, 757, 1034, 906, 63, 2.70%, 5, 0, 5, 336.36
1587853546, 0, 765, 1034, 905, 62, 2.70%, 5, 0, 5, 341.23
1587853669, 0, 765, 1035, 906, 62, 2.70%, 5, 0, 5, 332.47
1587853679, 0, 773, 1035, 905, 61, 2.70%, 5, 0, 5, 334.74
1587853803, 0, 773, 1036, 906, 61, 2.70%, 5, 0, 5, 342.70
1587853813, 0, 776, 1036, 905, 61, 2.70%, 5, 0, 5, 333.12
1587853936, 0, 784, 1036, 904, 60, 2.70%, 5, 0, 5, 339.99
1587854063, 0, 787, 1036, 903, 59, 2.70%, 5, 0, 5, 343.51
1587854181, 0, 787, 1037, 904, 59, 2.70%, 5, 0, 5, 343.22
1587854196, 0, 796, 1037, 903, 58, 2.70%, 5, 0, 5, 327.40
1587854374, 0, 796, 1040, 906, 58, 2.70%, 5, 0, 5, 324.84
1587854399, 0, 796, 1041, 907, 58, 2.70%, 5, 0, 5, 332.63
1587854409, 0, 796, 1042, 908, 58, 2.70%, 5, 0, 5, 315.45
1587854424, 0, 796, 1043, 909, 58, 2.70%, 5, 0, 5, 324.93
1587854429, 0, 796, 1044, 910, 58, 2.70%, 5, 0, 5, 326.82
1587854465, 0, 796, 1045, 911, 58, 2.70%, 5, 0, 5, 323.32
1587854475, 0, 798, 1045, 910, 57, 2.70%, 5, 0, 5, 321.76
1587854516, 0, 798, 1046, 911, 57, 2.70%, 5, 0, 5, 334.84
1587854551, 0, 798, 1048, 913, 57, 2.70%, 5, 0, 5, 322.57
1587854581, 0, 798, 1049, 914, 57, 2.70%, 5, 0, 5, 318.14
1587854612, 0, 798, 1050, 915, 57, 2.70%, 5, 0, 5, 328.70
1587854617, 0, 798, 1051, 916, 57, 2.70%, 5, 0, 5, 331.52
1587854637, 0, 799, 1053, 917, 59, 2.70%, 5, 0, 5, 337.40
1587854658, 0, 799, 1056, 920, 59, 2.70%, 5, 0, 5, 337.80
1587854756, 0, 799, 1057, 921, 59, 2.70%, 5, 0, 5, 346.63
1587854766, 0, 799, 1059, 923, 59, 2.70%, 5, 0, 5, 355.59
1587854781, 0, 799, 1061, 925, 59, 2.70%, 5, 0, 5, 347.32
1587854806, 0, 799, 1062, 926, 59, 2.70%, 5, 0, 5, 351.21
1587854822, 0, 799, 1063, 927, 59, 2.70%, 5, 0, 5, 349.86
1587854832, 0, 799, 1065, 929, 59, 2.70%, 5, 0, 5, 347.26
1587854842, 0, 799, 1066, 930, 59, 2.70%, 5, 0, 5, 333.87
1587854847, 0, 799, 1067, 931, 59, 2.70%, 5, 0, 5, 341.95
1587854852, 0, 806, 1067, 930, 59, 2.70%, 5, 0, 5, 347.89
1587854975, 0, 809, 1067, 929, 58, 2.70%, 5, 0, 5, 334.99
1587855093, 0, 820, 1067, 928, 57, 2.70%, 5, 0, 5, 351.81
1587855186, 0, 820, 1068, 929, 57, 2.70%, 5, 0, 5, 338.66
1587855217, 0, 820, 1070, 931, 57, 2.70%, 5, 0, 5, 344.34
1587855237, 0, 821, 1070, 930, 57, 2.70%, 5, 0, 5, 349.17
1587855365, 0, 821, 1071, 931, 57, 2.70%, 5, 0, 5, 334.37
1587855370, 0, 826, 1071, 930, 57, 2.70%, 5, 0, 5, 341.50
1587855375, 0, 826, 1072, 931, 57, 2.70%, 5, 0, 5, 293.08
1587855560, 0, 826, 1073, 932, 57, 2.70%, 5, 0, 5, 308.99
1587855575, 0, 832, 1073, 931, 56, 2.70%, 5, 0, 5, 313.26
1587855595, 0, 832, 1074, 932, 56, 2.70%, 5, 0, 5, 326.04
1587855666, 0, 832, 1075, 933, 56, 2.70%, 5, 0, 5, 317.16
1587855737, 0, 839, 1075, 932, 56, 2.70%, 5, 0, 5, 318.00
1587855905, 0, 839, 1076, 933, 56, 2.70%, 5, 0, 5, 291.15
1587855926, 0, 839, 1077, 934, 56, 2.70%, 5, 0, 5, 313.27
1587855931, 0, 839, 1078, 935, 56, 2.70%, 5, 0, 5, 314.40
1587855962, 0, 839, 1079, 936, 56, 2.70%, 5, 0, 5, 307.68
1587855967, 0, 839, 1081, 938, 56, 2.70%, 5, 0, 5, 311.19
1587855987, 0, 841, 1081, 937, 56, 2.70%, 5, 0, 5, 292.30
1587856084, 0, 841, 1082, 938, 56, 2.70%, 5, 0, 5, 257.77
1587856166, 0, 842, 1082, 937, 55, 2.70%, 5, 0, 5, 293.65
1587856171, 0, 842, 1083, 938, 55, 2.70%, 5, 0, 5, 284.99
1587856176, 0, 842, 1084, 939, 55, 2.70%, 5, 0, 5, 281.93
1587856268, 0, 842, 1085, 940, 55, 2.70%, 5, 0, 5, 287.72
1587856345, 0, 843, 1085, 939, 54, 2.70%, 5, 0, 5, 303.65
1587856442, 0, 843, 1086, 940, 54, 2.70%, 5, 0, 5, 281.76
1587856523, 0, 844, 1086, 939, 53, 2.70%, 5, 0, 5, 302.73
1587856621, 0, 844, 1087, 940, 53, 2.70%, 5, 0, 5, 284.60
1587856697, 0, 844, 1088, 941, 53, 2.71%, 5, 0, 5, 302.34
1587856712, 0, 845, 1088, 940, 53, 2.71%, 5, 0, 5, 309.42
1587856815, 0, 845, 1089, 941, 53, 2.71%, 5, 0, 5, 275.78
1587856891, 0, 857, 1089, 940, 52, 2.71%, 5, 0, 5, 305.23
1587856896, 0, 857, 1090, 941, 52, 2.71%, 5, 0, 5, 326.54
1587857008, 0, 857, 1091, 942, 52, 2.71%, 5, 0, 5, 341.17
1587857013, 0, 857, 1092, 943, 52, 2.71%, 5, 0, 5, 346.09
1587857023, 0, 857, 1093, 944, 52, 2.71%, 5, 0, 5, 344.77
1587857049, 0, 857, 1094, 945, 52, 2.71%, 5, 0, 5, 333.66
1587857054, 0, 857, 1095, 946, 52, 2.71%, 5, 0, 5, 339.42
1587857069, 0, 857, 1096, 947, 52, 2.71%, 5, 0, 5, 327.92
1587857079, 0, 873, 1096, 946, 52, 2.71%, 5, 0, 5, 300.15
1587857253, 0, 875, 1096, 945, 51, 2.71%, 5, 0, 5, 275.43
1587857258, 0, 875, 1097, 946, 51, 2.71%, 5, 0, 5, 274.24
1587857273, 0, 875, 1098, 947, 51, 2.71%, 5, 0, 5, 268.97
1587857385, 0, 875, 1103, 952, 51, 2.71%, 5, 0, 5, 283.82
1587857390, 0, 875, 1104, 953, 51, 2.71%, 5, 0, 5, 278.70
1587857425, 0, 875, 1105, 954, 51, 2.71%, 5, 0, 5, 301.70
1587857441, 0, 875, 1106, 955, 51, 2.71%, 5, 0, 5, 295.08
1587857461, 0, 875, 1108, 957, 51, 2.71%, 5, 0, 5, 301.16
1587857466, 0, 875, 1109, 958, 51, 2.71%, 5, 0, 5, 304.82
1587857482, 0, 875, 1110, 959, 51, 2.71%, 5, 0, 5, 301.96
1587857487, 0, 875, 1111, 960, 51, 2.71%, 5, 0, 5, 14.56
1587857493, 0, 875, 1112, 961, 51, 2.71%, 5, 0, 5, 304.90
1587857498, 0, 875, 1113, 962, 51, 2.71%, 5, 0, 5, 307.18
1587857503, 0, 875, 1114, 963, 51, 2.71%, 5, 0, 5, 302.68
1587857508, 0, 887, 1115, 963, 51, 2.71%, 5, 0, 5, 282.49
1587857529, 0, 887, 1116, 964, 51, 2.71%, 5, 0, 5, 277.84
1587857630, 0, 887, 1118, 966, 51, 2.71%, 5, 0, 5, 283.07
1587857676, 0, 887, 1119, 967, 51, 2.71%, 5, 0, 5, 318.16
1587857681, 0, 887, 1120, 968, 51, 2.71%, 5, 0, 5, 309.93
1587857711, 0, 888, 1120, 967, 50, 2.71%, 5, 0, 5, 295.99
1587857886, 0, 900, 1120, 966, 49, 2.71%, 5, 0, 5, 298.35
1587858015, 0, 900, 1121, 967, 49, 2.71%, 5, 0, 5, 279.67
1587858061, 0, 903, 1122, 967, 49, 2.71%, 5, 0, 5, 294.85
1587858066, 0, 903, 1123, 968, 49, 2.71%, 5, 0, 5, 283.86
1587858162, 0, 903, 1124, 969, 49, 2.71%, 5, 0, 5, 284.83
1587858239, 0, 903, 1125, 970, 49, 2.71%, 5, 0, 5, 303.38
1587858244, 0, 903, 1126, 971, 49, 2.71%, 5, 0, 5, 305.62
1587858249, 0, 903, 1127, 972, 49, 2.71%, 5, 0, 5, 307.40
1587858285, 0, 903, 1128, 973, 49, 2.71%, 5, 0, 5, 312.83
1587858315, 0, 904, 1128, 972, 51, 2.71%, 5, 0, 5, 303.82
1587858325, 0, 904, 1129, 973, 51, 2.72%, 5, 0, 5, 293.09
1587858422, 0, 904, 1130, 974, 51, 2.72%, 5, 0, 5, 275.60
1587858504, 0, 905, 1131, 974, 51, 2.72%, 5, 0, 5, 297.77
1587858606, 0, 905, 1132, 975, 51, 2.72%, 5, 0, 5, 277.62
1587858682, 0, 905, 1133, 976, 51, 2.72%, 5, 0, 5, 302.33
1587858692, 0, 905, 1134, 977, 51, 2.72%, 5, 0, 5, 311.86
1587858717, 0, 906, 1134, 976, 51, 2.72%, 5, 0, 5, 319.65
1587858728, 0, 906, 1135, 977, 51, 2.74%, 5, 0, 5, 292.38
1587858825, 0, 906, 1136, 978, 51, 2.74%, 5, 0, 5, 290.32
1587858901, 0, 907, 1136, 977, 51, 2.74%, 5, 0, 5, 313.08
1587858912, 0, 907, 1137, 978, 51, 2.77%, 5, 0, 5, 288.77
1587859008, 0, 907, 1138, 979, 51, 2.77%, 5, 0, 5, 286.35
1587859090, 0, 908, 1138, 978, 52, 2.77%, 5, 0, 5, 305.08
1587859095, 0, 908, 1139, 979, 52, 2.77%, 5, 0, 5, 289.98
1587859192, 0, 908, 1140, 980, 52, 2.77%, 5, 0, 5, 282.97
1587859238, 0, 908, 1140, 980, 52, 2.77%, 6, 0, 5, 264.84
1587859284, 0, 913, 1140, 979, 52, 2.77%, 6, 0, 5, 261.66
1587859473, 0, 915, 1140, 978, 51, 2.77%, 6, 0, 5, 301.67
1587859545, 0, 915, 1141, 979, 51, 2.77%, 6, 0, 5, 289.52
1587859611, 0, 918, 1141, 978, 50, 2.77%, 6, 0, 5, 299.86
1587859831, 0, 920, 1143, 979, 49, 2.77%, 6, 0, 5, 272.01
1587860000, 0, 920, 1144, 980, 49, 2.77%, 6, 0, 5, 321.54
1587860011, 0, 930, 1144, 979, 48, 2.77%, 6, 0, 5, 285.06
1587860016, 0, 930, 1146, 981, 48, 2.77%, 6, 0, 5, 277.70
1587860188, 0, 930, 1148, 983, 48, 2.77%, 6, 0, 5, 306.99
1587860193, 0, 930, 1149, 984, 48, 2.77%, 6, 0, 5, 292.94
1587860204, 0, 930, 1150, 985, 48, 2.77%, 6, 0, 5, 296.39
1587860209, 0, 930, 1151, 986, 48, 2.77%, 6, 0, 5, 309.83
1587860239, 0, 930, 1153, 988, 48, 2.77%, 6, 0, 5, 308.94
1587860244, 0, 930, 1154, 989, 48, 2.77%, 6, 0, 5, 310.30
1587860249, 0, 930, 1155, 990, 48, 2.77%, 6, 0, 5, 320.02
1587860265, 0, 935, 1156, 990, 48, 2.77%, 6, 0, 5, 320.86
1587860386, 0, 935, 1158, 992, 48, 2.77%, 6, 0, 5, 337.89
1587860412, 0, 937, 1158, 991, 47, 2.77%, 6, 0, 5, 292.69
1587860554, 0, 937, 1159, 992, 47, 2.77%, 6, 0, 5, 274.50
1587860599, 0, 937, 1160, 993, 47, 2.77%, 6, 0, 5, 300.96
1587860614, 0, 938, 1160, 992, 47, 2.77%, 6, 0, 5, 288.78
1587860812, 0, 938, 1161, 993, 47, 2.77%, 6, 0, 5, 292.18
1587860817, 0, 938, 1163, 995, 47, 2.77%, 6, 0, 5, 300.46
1587860833, 0, 938, 1164, 996, 47, 2.77%, 6, 0, 5, 290.59
1587860853, 0, 938, 1165, 997, 47, 2.77%, 6, 0, 5, 284.92
1587860900, 0, 940, 1165, 996, 45, 2.77%, 6, 0, 5, 273.51
1587861092, 0, 940, 1166, 997, 45, 2.77%, 6, 0, 5, 306.79
1587861113, 0, 941, 1166, 996, 44, 2.77%, 6, 0, 5, 281.96
1587861219, 0, 941, 1166, 996, 44, 2.77%, 7, 0, 5, 269.15
1587861300, 0, 941, 1168, 998, 44, 2.77%, 7, 0, 5, 288.73
1587861311, 0, 941, 1169, 999, 44, 2.77%, 7, 0, 5, 289.59
1587861321, 0, 941, 1170, 1000, 44, 2.77%, 7, 0, 5, 226.47
1587861351, 0, 941, 1171, 1001, 44, 2.77%, 7, 0, 5, 269.85
1587861398, 0, 955, 1171, 1000, 43, 2.77%, 7, 0, 5, 310.55
1587861586, 0, 955, 1173, 1002, 43, 2.77%, 7, 0, 5, 315.53
1587861608, 0, 955, 1174, 1003, 43, 2.77%, 7, 0, 5, 282.54
1587861639, 0, 956, 1174, 1002, 42, 2.77%, 7, 0, 5, 277.42
1587861761, 0, 956, 1175, 1003, 42, 2.77%, 7, 0, 5, 194.61
1587861849, 0, 966, 1175, 1002, 41, 2.77%, 7, 0, 5, 253.68
1587861859, 0, 966, 1177, 1004, 41, 2.77%, 7, 0, 5, 226.67
1587861879, 0, 966, 1181, 1008, 41, 2.77%, 7, 0, 5, 241.13
1587861980, 0, 966, 1182, 1009, 41, 2.77%, 7, 0, 5, 265.11
1587862011, 0, 966, 1184, 1011, 41, 2.77%, 7, 0, 5, 276.10
1587862057, 0, 966, 1185, 1012, 41, 2.77%, 7, 0, 5, 306.70
1587862062, 0, 966, 1186, 1013, 41, 2.77%, 7, 0, 5, 299.48
1587862072, 0, 966, 1187, 1014, 41, 2.77%, 7, 0, 5, 318.55
1587862092, 0, 966, 1188, 1015, 41, 2.77%, 7, 0, 5, 323.58
1587862118, 0, 966, 1189, 1016, 41, 2.78%, 7, 0, 5, 326.64
1587862133, 0, 979, 1190, 1016, 42, 2.78%, 7, 0, 5, 317.20
1587862138, 0, 979, 1191, 1017, 42, 2.78%, 7, 0, 5, 314.21
1587862154, 0, 979, 1192, 1018, 42, 2.78%, 7, 0, 5, 310.78
1587862159, 0, 979, 1194, 1020, 42, 2.78%, 7, 0, 5, 312.62
1587862164, 0, 979, 1195, 1021, 42, 2.78%, 7, 0, 5, 310.36
1587862245, 0, 979, 1196, 1022, 42, 2.78%, 7, 0, 5, 304.64
1587862260, 0, 979, 1197, 1023, 42, 2.78%, 7, 0, 5, 306.99
1587862327, 0, 979, 1198, 1024, 42, 2.78%, 7, 0, 5, 310.26
1587862342, 0, 979, 1199, 1025, 42, 2.78%, 7, 0, 5, 321.34
1587862347, 0, 979, 1200, 1026, 42, 2.78%, 7, 0, 5, 327.77
1587862363, 0, 979, 1202, 1028, 42, 2.78%, 7, 0, 5, 312.43
1587862373, 0, 979, 1204, 1030, 42, 2.78%, 7, 0, 5, 318.70
1587862398, 0, 979, 1205, 1031, 42, 2.78%, 7, 0, 5, 322.06
1587862414, 0, 981, 1214, 1039, 42, 2.78%, 7, 0, 5, 304.07
1587862419, 0, 981, 1220, 1045, 42, 2.78%, 7, 0, 5, 300.74
1587862424, 0, 981, 1221, 1046, 42, 2.78%, 7, 0, 5, 300.35
1587862434, 0, 981, 1231, 1056, 42, 2.78%, 7, 0, 5, 302.40
1587862465, 0, 981, 1232, 1057, 42, 2.78%, 7, 0, 5, 300.54
1587862506, 0, 981, 1235, 1060, 42, 2.78%, 7, 0, 5, 307.98
1587862511, 0, 981, 1236, 1061, 42, 2.78%, 7, 0, 5, 303.46
1587862551, 0, 981, 1239, 1064, 42, 2.78%, 7, 0, 5, 274.86
1587862556, 0, 981, 1244, 1069, 42, 2.78%, 7, 0, 5, 272.58
1587862608, 0, 981, 1249, 1074, 42, 2.78%, 7, 0, 5, 310.96
1587862618, 0, 981, 1250, 1075, 42, 2.78%, 7, 0, 5, 310.84
1587862633, 0, 981, 1254, 1079, 42, 2.78%, 7, 0, 5, 316.55
1587862638, 0, 981, 1255, 1080, 42, 2.78%, 7, 0, 5, 129.92
1587862644, 0, 981, 1258, 1083, 42, 2.78%, 7, 0, 5, 279.79
1587862649, 0, 981, 1259, 1084, 42, 2.78%, 7, 0, 5, 304.53
1587862654, 0, 981, 1260, 1085, 42, 2.78%, 7, 0, 5, 316.85
1587862659, 0, 981, 1261, 1086, 42, 2.78%, 7, 0, 5, 316.73
1587862669, 0, 981, 1262, 1087, 42, 2.78%, 7, 0, 5, 316.85
1587862674, 0, 981, 1263, 1088, 42, 2.78%, 7, 0, 5, 307.29
1587862679, 0, 999, 1265, 1089, 48, 2.79%, 7, 0, 5, 288.83
1587862684, 0, 999, 1266, 1090, 48, 2.80%, 7, 0, 5, 296.22
1587862700, 0, 999, 1267, 1091, 48, 2.80%, 7, 0, 5, 319.65
1587862843, 0, 999, 1268, 1092, 48, 2.80%, 7, 0, 5, 323.59
1587862853, 0, 1005, 1268, 1091, 52, 2.80%, 7, 0, 5, 337.79
1587862975, 0, 1005, 1269, 1092, 52, 2.80%, 7, 0, 6, 349.98
1587862986, 0, 1009, 1270, 1092, 51, 2.80%, 7, 0, 6, 326.07
1587863001, 0, 1009, 1271, 1093, 51, 2.80%, 7, 0, 6, 347.39
1587863114, 0, 1011, 1276, 1097, 51, 2.80%, 7, 0, 6, 325.00
1587863211, 0, 1011, 1277, 1098, 51, 2.80%, 7, 0, 6, 337.90
1587863237, 0, 1011, 1278, 1099, 51, 2.80%, 7, 0, 6, 348.65
1587863242, 0, 1011, 1279, 1100, 51, 2.80%, 7, 0, 6, 347.45
1587863247, 0, 1011, 1280, 1101, 51, 2.80%, 7, 0, 6, 349.30
1587863258, 0, 1011, 1282, 1103, 51, 2.80%, 7, 0, 6, 349.47
1587863268, 0, 1011, 1283, 1104, 51, 2.80%, 7, 0, 6, 355.21
1587863293, 0, 1011, 1284, 1105, 51, 2.80%, 7, 0, 6, 327.61
1587863314, 0, 1011, 1285, 1106, 51, 2.80%, 7, 0, 6, 343.44
1587863329, 0, 1011, 1287, 1108, 51, 2.80%, 7, 0, 6, 351.72
1587863334, 0, 1017, 1288, 1108, 54, 2.80%, 7, 0, 6, 354.43
1587863452, 0, 1017, 1289, 1109, 54, 2.80%, 7, 0, 6, 353.52
1587863457, 0, 1017, 1290, 1110, 54, 2.80%, 7, 0, 6, 358.99
1587863462, 0, 1017, 1291, 1111, 54, 2.80%, 7, 0, 6, 351.50
1587863498, 0, 1017, 1292, 1112, 54, 2.80%, 7, 0, 6, 354.97
1587863549, 0, 1045, 1292, 1111, 55, 2.80%, 7, 0, 6, 335.14
1587863685, 0, 1046, 1292, 1110, 54, 2.80%, 7, 0, 6, 340.10
1587863826, 0, 1048, 1292, 1109, 53, 2.80%, 7, 0, 6, 339.84
1587863969, 0, 1053, 1292, 1108, 52, 2.80%, 7, 0, 6, 346.53
1587864086, 0, 1053, 1293, 1109, 52, 2.80%, 7, 0, 6, 356.06
1587864097, 0, 1054, 1293, 1108, 51, 2.80%, 7, 0, 6, 349.38
1587864214, 0, 1054, 1294, 1109, 51, 2.80%, 7, 0, 6, 358.41
1587864224, 0, 1054, 1296, 1111, 51, 2.80%, 7, 0, 6, 358.13
1587864245, 0, 1054, 1297, 1112, 51, 2.80%, 7, 0, 6, 352.35
1587864305, 0, 1062, 1297, 1111, 51, 2.80%, 7, 0, 6, 346.61
1587864423, 0, 1062, 1298, 1112, 51, 2.80%, 7, 0, 6, 349.55
1587864433, 0, 1069, 1298, 1111, 50, 2.80%, 7, 0, 6, 353.84
1587864550, 0, 1070, 1298, 1110, 49, 2.80%, 7, 0, 6, 353.57
1587864673, 0, 1070, 1299, 1111, 49, 2.80%, 7, 0, 6, 350.43
1587864678, 0, 1073, 1299, 1110, 48, 2.80%, 7, 0, 6, 346.85
1587864688, 0, 1073, 1300, 1111, 48, 2.80%, 7, 0, 6, 328.46
1587864698, 0, 1073, 1301, 1112, 48, 2.81%, 7, 0, 6, 336.61
1587864841, 0, 1075, 1301, 1111, 47, 2.81%, 7, 0, 6, 316.69
1587864861, 0, 1075, 1302, 1112, 47, 2.81%, 7, 0, 6, 312.07
1587865019, 0, 1087, 1302, 1111, 46, 2.81%, 7, 0, 6, 315.14
1587865126, 0, 1087, 1304, 1113, 46, 2.81%, 7, 0, 6, 288.11
1587865136, 0, 1087, 1305, 1114, 46, 2.81%, 7, 0, 6, 282.14
1587865217, 0, 1087, 1306, 1115, 46, 2.81%, 7, 0, 6, 306.88
1587865222, 0, 1087, 1307, 1116, 46, 2.81%, 7, 0, 6, 307.35
1587865253, 0, 1089, 1307, 1115, 48, 2.81%, 7, 0, 6, 320.47
1587865375, 0, 1090, 1307, 1114, 47, 2.81%, 7, 0, 6, 330.12
1587865456, 0, 1090, 1308, 1115, 47, 2.81%, 7, 0, 6, 306.28
1587865476, 0, 1090, 1309, 1116, 47, 2.81%, 7, 0, 6, 320.58
1587865486, 0, 1090, 1310, 1117, 47, 2.81%, 7, 0, 6, 330.44
1587865506, 0, 1090, 1311, 1118, 47, 2.81%, 7, 0, 6, 324.05
1587865516, 0, 1090, 1312, 1119, 47, 2.81%, 7, 0, 6, 334.15
1587865521, 0, 1090, 1313, 1120, 47, 2.81%, 7, 0, 6, 339.12
1587865537, 0, 1090, 1314, 1121, 47, 2.81%, 7, 0, 6, 341.40
1587865547, 0, 1090, 1315, 1122, 47, 2.81%, 7, 0, 6, 340.16
1587865578, 0, 1121, 1315, 1121, 47, 2.81%, 7, 0, 6, 335.89
1587865680, 0, 1121, 1316, 1122, 47, 2.81%, 7, 0, 6, 281.34
1587865757, 0, 1122, 1316, 1121, 46, 2.81%, 7, 0, 6, 312.33
1587865860, 0, 1122, 1317, 1122, 46, 2.81%, 7, 0, 6, 284.43
1587865941, 0, 1128, 1317, 1121, 45, 2.81%, 7, 0, 6, 290.58
1587866043, 0, 1128, 1318, 1122, 45, 2.81%, 7, 0, 6, 284.51
1587866130, 0, 1130, 1318, 1121, 45, 2.81%, 7, 0, 6, 291.28
1587866319, 0, 1134, 1321, 1123, 44, 2.82%, 7, 0, 6, 280.64
1587866324, 0, 1134, 1322, 1124, 44, 2.83%, 7, 0, 6, 265.48
1587866421, 0, 1134, 1323, 1125, 44, 2.83%, 7, 0, 6, 279.14
1587866502, 0, 1134, 1324, 1126, 44, 2.83%, 7, 0, 6, 307.11
1587866517, 0, 1136, 1325, 1126, 47, 2.84%, 7, 0, 6, 290.22
1587866620, 0, 1136, 1326, 1127, 47, 2.84%, 7, 0, 6, 284.81
1587866696, 0, 1136, 1327, 1128, 47, 2.85%, 7, 0, 6, 316.57
1587866712, 0, 1138, 1327, 1127, 47, 2.85%, 7, 0, 6, 294.66
1587866815, 0, 1138, 1328, 1128, 47, 2.85%, 7, 0, 6, 288.10
1587866897, 0, 1151, 1328, 1127, 47, 2.85%, 7, 0, 6, 294.06
1587866902, 0, 1151, 1330, 1129, 47, 2.85%, 7, 0, 6, 301.95
1587866907, 0, 1151, 1331, 1130, 47, 2.85%, 7, 0, 6, 316.25
1587866918, 0, 1151, 1333, 1132, 47, 2.85%, 7, 0, 6, 325.20
1587866923, 0, 1151, 1334, 1133, 47, 2.85%, 7, 0, 6, 329.34
1587867025, 0, 1151, 1335, 1134, 47, 2.85%, 7, 0, 6, 321.76
1587867056, 0, 1151, 1336, 1135, 47, 2.85%, 7, 0, 6, 321.26
1587867061, 0, 1151, 1338, 1137, 47, 2.85%, 7, 0, 6, 333.38
1587867101, 0, 1151, 1340, 1139, 47, 2.85%, 7, 0, 6, 331.38
1587867116, 0, 1151, 1341, 1140, 47, 2.85%, 7, 0, 6, 330.32
1587867121, 0, 1151, 1342, 1141, 47, 2.85%, 7, 0, 6, 336.33
1587867131, 0, 1159, 1342, 1140, 49, 2.85%, 7, 0, 6, 319.61
1587867136, 0, 1159, 1343, 1141, 49, 2.85%, 7, 0, 6, 310.87
1587867152, 0, 1159, 1344, 1142, 49, 2.85%, 7, 0, 6, 312.51
1587867218, 0, 1159, 1349, 1147, 49, 2.85%, 7, 0, 6, 320.22
1587867258, 0, 1159, 1350, 1148, 49, 2.85%, 7, 0, 6, 312.39
1587867299, 0, 1159, 1351, 1149, 49, 2.85%, 7, 0, 6, 319.60
1587867304, 0, 1159, 1352, 1150, 49, 2.85%, 7, 0, 6, 329.93
1587867334, 0, 1162, 1352, 1149, 51, 2.85%, 7, 0, 6, 298.34
1587867504, 0, 1187, 1352, 1148, 50, 2.85%, 7, 0, 6, 315.96
1587867684, 0, 1187, 1353, 1149, 50, 2.85%, 7, 0, 6, 313.96
1587867694, 0, 1194, 1353, 1148, 49, 2.85%, 7, 0, 6, 314.97
1587867720, 0, 1194, 1354, 1149, 49, 2.85%, 7, 0, 6, 317.08
1587867822, 0, 1194, 1355, 1150, 49, 2.85%, 7, 0, 6, 307.49
1587867899, 0, 1197, 1355, 1149, 48, 2.85%, 7, 0, 6, 320.27
1587867904, 0, 1197, 1357, 1151, 48, 2.85%, 7, 0, 6, 314.82
1587867920, 0, 1197, 1360, 1154, 48, 2.85%, 7, 0, 6, 312.32
1587867925, 0, 1197, 1361, 1155, 48, 2.85%, 7, 0, 6, 316.95
1587868002, 0, 1197, 1362, 1156, 48, 2.85%, 7, 0, 6, 313.08
1587868048, 0, 1197, 1363, 1157, 48, 2.85%, 7, 0, 6, 315.61
1587868053, 0, 1197, 1367, 1161, 48, 2.85%, 7, 0, 6, 312.40
1587868099, 0, 1197, 1368, 1162, 48, 2.85%, 7, 0, 6, 307.26
1587868114, 0, 1210, 1368, 1161, 47, 2.85%, 7, 0, 6, 321.49
1587868246, 0, 1210, 1369, 1162, 47, 2.85%, 7, 0, 6, 299.27
1587868292, 0, 1226, 1369, 1161, 46, 2.85%, 7, 0, 6, 313.44
1587868419, 0, 1226, 1370, 1162, 46, 2.85%, 7, 0, 6, 309.96
1587868464, 0, 1235, 1370, 1161, 45, 2.85%, 7, 0, 6, 315.20
1587868484, 0, 1235, 1371, 1162, 45, 2.85%, 7, 0, 6, 303.27
1587868560, 0, 1235, 1372, 1163, 45, 2.85%, 7, 0, 6, 305.16
1587868647, 0, 1244, 1372, 1162, 44, 2.85%, 7, 0, 6, 318.31
1587868811, 0, 1262, 1374, 1163, 43, 2.85%, 7, 0, 6, 296.69
1587868816, 0, 1262, 1375, 1164, 43, 2.85%, 7, 0, 6, 292.80
1587868822, 0, 1262, 1376, 1165, 43, 2.85%, 7, 0, 6, 291.05
1587868832, 0, 1262, 1377, 1166, 43, 2.85%, 7, 0, 6, 295.96
1587868970, 0, 1262, 1379, 1168, 43, 2.85%, 7, 0, 6, 289.39
1587869032, 0, 1262, 1380, 1169, 43, 2.85%, 7, 0, 6, 296.17
1587869047, 0, 1263, 1380, 1168, 42, 2.85%, 7, 0, 6, 312.82
1587869201, 0, 1263, 1381, 1169, 42, 2.85%, 7, 0, 6, 319.82
1587869216, 0, 1264, 1381, 1168, 41, 2.85%, 7, 0, 6, 326.73
1587869221, 0, 1264, 1382, 1169, 41, 2.85%, 7, 0, 6, 325.95
1587869374, 0, 1264, 1383, 1170, 41, 2.85%, 7, 0, 6, 327.96
1587869384, 0, 1266, 1383, 1169, 42, 2.85%, 7, 0, 6, 325.54
1587869389, 0, 1266, 1384, 1170, 42, 2.85%, 7, 0, 6, 319.12
1587869543, 0, 1266, 1385, 1171, 42, 2.85%, 7, 0, 6, 336.31
1587869553, 0, 1267, 1385, 1170, 43, 2.85%, 7, 0, 6, 314.34
1587869734, 0, 1267, 1386, 1171, 43, 2.85%, 7, 0, 6, 306.16
1587869750, 0, 1269, 1386, 1170, 42, 2.85%, 7, 0, 6, 340.99
1587869842, 0, 1269, 1387, 1171, 42, 2.85%, 7, 0, 7, 340.21
1587869878, 0, 1270, 1387, 1170, 41, 2.85%, 7, 0, 7, 345.54
1587870006, 0, 1274, 1387, 1169, 40, 2.85%, 7, 0, 7, 342.13
1587870133, 0, 1277, 1387, 1168, 39, 2.85%, 7, 0, 7, 343.47
1587870139, 0, 1277, 1388, 1169, 39, 2.85%, 7, 0, 7, 335.64
1587870255, 0, 1279, 1389, 1169, 38, 2.85%, 7, 0, 7, 336.34
1587870260, 0, 1279, 1391, 1171, 38, 2.85%, 7, 0, 7, 333.50
1587870372, 0, 1279, 1392, 1172, 38, 2.85%, 7, 0, 7, 332.11
1587870377, 0, 1279, 1395, 1175, 38, 2.86%, 7, 0, 7, 340.18
1587870392, 0, 1279, 1396, 1176, 38, 2.86%, 7, 0, 7, 351.28
1587870403, 0, 1279, 1398, 1178, 38, 2.86%, 7, 0, 7, 345.40
1587870408, 0, 1279, 1400, 1180, 38, 2.86%, 7, 0, 7, 345.66
1587870418, 0, 1279, 1401, 1181, 38, 2.86%, 7, 0, 7, 347.39
1587870423, 0, 1279, 1402, 1182, 38, 2.86%, 7, 0, 7, 336.39
1587870428, 0, 1279, 1403, 1183, 38, 2.86%, 7, 0, 7, 345.36
1587870449, 0, 1279, 1405, 1185, 38, 2.86%, 7, 0, 7, 342.75
1587870464, 0, 1279, 1406, 1186, 38, 2.86%, 7, 0, 7, 335.14
1587870469, 0, 1281, 1409, 1188, 40, 2.86%, 7, 0, 7, 338.71
1587870587, 0, 1281, 1411, 1190, 40, 2.86%, 7, 0, 7, 350.33
1587870613, 0, 1283, 1411, 1189, 40, 2.86%, 7, 0, 7, 346.64
1587870628, 0, 1283, 1412, 1190, 40, 2.86%, 7, 0, 7, 351.83
1587870741, 0, 1287, 1412, 1189, 39, 2.86%, 7, 0, 7, 341.14
1587870868, 0, 1289, 1412, 1188, 38, 2.86%, 7, 0, 7, 333.78
1587870995, 0, 1294, 1412, 1187, 37, 2.86%, 7, 0, 7, 346.29
1587871117, 0, 1300, 1412, 1186, 36, 2.86%, 7, 0, 7, 347.28
1587871285, 0, 1303, 1412, 1185, 35, 2.86%, 7, 0, 7, 299.60
1587871406, 0, 1303, 1413, 1186, 35, 2.86%, 7, 0, 7, 272.08
1587871497, 0, 1304, 1413, 1185, 34, 2.86%, 7, 0, 7, 276.17
1587871502, 0, 1304, 1414, 1186, 34, 2.86%, 7, 0, 7, 271.95
1587871523, 0, 1304, 1415, 1187, 34, 2.86%, 7, 0, 7, 282.43
1587871603, 0, 1304, 1417, 1189, 34, 2.86%, 7, 0, 7, 284.34
1587871649, 0, 1304, 1419, 1191, 34, 2.86%, 7, 0, 7, 280.24
1587871705, 0, 1304, 1421, 1193, 34, 2.86%, 7, 0, 7, 310.95
1587871721, 0, 1304, 1422, 1194, 34, 2.86%, 7, 0, 7, 311.86
1587871757, 0, 1304, 1423, 1195, 34, 2.86%, 7, 0, 7, 312.22
1587871762, 0, 1304, 1424, 1196, 34, 2.86%, 7, 0, 7, 311.74
1587871782, 0, 1307, 1424, 1195, 34, 2.86%, 7, 0, 7, 290.35
1587871884, 0, 1307, 1425, 1196, 34, 2.86%, 7, 0, 7, 312.76
1587871919, 0, 1307, 1427, 1198, 34, 2.86%, 7, 0, 7, 318.30
1587871945, 0, 1307, 1428, 1199, 34, 2.86%, 7, 0, 7, 322.78
1587871995, 0, 1308, 1428, 1198, 34, 2.86%, 7, 0, 7, 283.95
1587872067, 0, 1308, 1430, 1200, 34, 2.86%, 7, 0, 7, 298.32
1587872143, 0, 1311, 1430, 1199, 35, 2.86%, 7, 0, 7, 309.40
1587872280, 0, 1313, 1430, 1198, 34, 2.86%, 7, 0, 7, 316.04
1587872423, 0, 1317, 1430, 1197, 33, 2.86%, 7, 0, 7, 304.16
1587872514, 0, 1317, 1431, 1198, 33, 2.86%, 7, 0, 7, 284.09
1587872600, 0, 1317, 1433, 1200, 33, 2.86%, 7, 0, 7, 294.58
1587872605, 0, 1317, 1434, 1201, 33, 2.86%, 7, 0, 7, 297.73
1587872616, 0, 1317, 1436, 1203, 33, 2.86%, 7, 0, 7, 312.76
1587872682, 0, 1318, 1436, 1202, 33, 2.86%, 7, 0, 7, 291.32
1587872866, 0, 1319, 1436, 1201, 32, 2.86%, 7, 0, 7, 256.33
1587872967, 0, 1319, 1437, 1202, 32, 2.86%, 7, 0, 7, 279.98
1587873054, 0, 1320, 1437, 1201, 32, 2.86%, 7, 0, 7, 287.09
1587873084, 0, 1320, 1438, 1202, 32, 2.86%, 7, 0, 7, 278.57
1587873161, 0, 1320, 1439, 1203, 32, 2.86%, 7, 0, 7, 277.88
1587873202, 0, 1320, 1439, 1203, 32, 2.86%, 8, 0, 7, 269.98
1587873248, 0, 1321, 1440, 1203, 32, 2.86%, 8, 0, 7, 299.98
1587873258, 0, 1321, 1441, 1204, 32, 2.86%, 8, 0, 7, 273.29
1587873354, 0, 1321, 1442, 1205, 32, 2.86%, 8, 0, 7, 280.37
1587873431, 0, 1321, 1443, 1206, 32, 2.86%, 8, 0, 7, 303.52
1587873451, 0, 1326, 1444, 1206, 34, 2.86%, 8, 0, 7, 273.20
1587873533, 0, 1326, 1445, 1207, 34, 2.86%, 8, 0, 7, 313.87
1587873538, 0, 1326, 1446, 1208, 34, 2.86%, 8, 0, 7, 314.89
1587873568, 0, 1326, 1446, 1208, 34, 2.86%, 9, 0, 7, 324.31
1587873609, 0, 1328, 1446, 1207, 35, 2.86%, 9, 0, 7, 266.03
1587873797, 0, 1328, 1447, 1208, 35, 2.86%, 9, 0, 7, 300.25
1587873813, 0, 1328, 1448, 1209, 35, 2.86%, 9, 0, 7, 320.05
1587873834, 0, 1333, 1448, 1208, 35, 2.86%, 9, 0, 7, 304.93
1587873839, 0, 1333, 1449, 1209, 35, 2.86%, 9, 0, 7, 302.93
1587873859, 0, 1333, 1450, 1210, 35, 2.86%, 9, 0, 7, 303.59
1587874011, 0, 1334, 1450, 1209, 34, 2.86%, 9, 0, 7, 301.12
1587874021, 0, 1334, 1451, 1210, 34, 2.87%, 9, 0, 7, 290.49
1587874113, 0, 1334, 1456, 1215, 34, 2.89%, 9, 0, 7, 304.86
1587874185, 0, 1334, 1457, 1216, 34, 2.89%, 9, 0, 7, 316.21
1587874205, 0, 1334, 1458, 1217, 34, 2.89%, 9, 0, 7, 311.79
1587874226, 0, 1337, 1458, 1216, 39, 2.89%, 9, 0, 7, 308.12
1587874231, 0, 1337, 1459, 1217, 39, 2.89%, 9, 0, 7, 308.44
1587874236, 0, 1337, 1461, 1219, 39, 2.89%, 9, 0, 7, 311.39
1587874251, 0, 1337, 1463, 1221, 39, 2.89%, 9, 0, 7, 294.05
1587874383, 0, 1337, 1464, 1222, 39, 2.89%, 9, 0, 7, 48.54
1587874403, 0, 1342, 1464, 1221, 38, 2.89%, 9, 0, 7, 294.44
1587874413, 0, 1342, 1465, 1222, 38, 2.89%, 9, 0, 7, 287.28
1587874495, 0, 1342, 1469, 1226, 38, 2.89%, 9, 0, 7, 302.93
1587874536, 0, 1342, 1470, 1227, 38, 2.89%, 9, 0, 7, 289.45
1587874591, 0, 1346, 1470, 1226, 39, 2.89%, 9, 0, 7, 289.58
1587874776, 0, 1346, 1472, 1228, 39, 2.89%, 9, 0, 7, 310.16
1587874807, 0, 1347, 1472, 1227, 38, 2.89%, 9, 0, 7, 279.38
1587875005, 0, 1347, 1473, 1228, 38, 2.89%, 9, 0, 7, 304.00
1587875021, 0, 1347, 1474, 1229, 38, 2.89%, 9, 0, 7, 294.02
1587875046, 0, 1363, 1474, 1228, 37, 2.89%, 9, 0, 7, 296.07
1587875056, 0, 1363, 1475, 1229, 37, 2.89%, 9, 0, 7, 301.12
1587875062, 0, 1363, 1476, 1230, 37, 2.89%, 9, 0, 7, 281.56
1587875159, 0, 1363, 1478, 1232, 37, 2.89%, 9, 0, 7, 301.51
1587875215, 0, 1363, 1483, 1237, 37, 2.89%, 9, 0, 7, 268.10
1587875260, 0, 1363, 1484, 1238, 37, 2.89%, 9, 0, 7, 273.19
1587875277, 0, 1381, 1484, 1237, 36, 2.89%, 9, 0, 7, 272.60
1587875449, 0, 1381, 1485, 1238, 36, 2.89%, 9, 0, 7, 296.53
1587875459, 0, 1382, 1485, 1237, 36, 2.89%, 9, 0, 7, 306.01
1587875642, 0, 1382, 1486, 1238, 36, 2.89%, 9, 0, 7, 300.50
1587875653, 0, 1384, 1486, 1237, 35, 2.89%, 9, 0, 7, 291.41
1587875831, 0, 1384, 1487, 1238, 35, 2.89%, 9, 0, 7, 290.79
1587875846, 0, 1390, 1489, 1239, 34, 2.90%, 9, 0, 8, 298.91
1587875851, 0, 1390, 1490, 1240, 34, 2.90%, 9, 0, 8, 314.16
1587875912, 0, 1390, 1491, 1241, 34, 2.90%, 9, 0, 8, 313.11
1587875938, 0, 1390, 1492, 1242, 34, 2.90%, 9, 0, 8, 322.17
1587875973, 0, 1390, 1493, 1243, 34, 2.90%, 9, 0, 8, 323.92
1587875983, 0, 1401, 1493, 1242, 35, 2.90%, 9, 0, 8, 331.60
1587876109, 0, 1406, 1493, 1241, 34, 2.90%, 9, 0, 8, 317.61
1587876231, 0, 1406, 1494, 1242, 34, 2.90%, 9, 0, 8, 300.32
1587876267, 0, 1408, 1494, 1241, 34, 2.90%, 9, 0, 8, 327.05
1587876394, 0, 1408, 1495, 1242, 34, 2.90%, 9, 0, 8, 333.38
1587876404, 0, 1423, 1495, 1241, 33, 2.90%, 9, 0, 8, 306.96
1587876546, 0, 1423, 1495, 1241, 33, 2.90%, 10, 0, 8, 309.37
1587876597, 0, 1428, 1495, 1240, 32, 2.90%, 10, 0, 8, 302.87
1587876744, 0, 1429, 1496, 1240, 31, 2.90%, 10, 0, 8, 311.45
1587876851, 0, 1429, 1496, 1240, 31, 2.90%, 11, 0, 8, 290.57
1587876892, 0, 1432, 1496, 1239, 31, 2.90%, 11, 0, 8, 301.85
1587876897, 0, 1432, 1497, 1240, 31, 2.90%, 11, 0, 8, 292.64
1587876989, 0, 1432, 1499, 1242, 31, 2.90%, 11, 0, 8, 304.72
1587877030, 0, 1432, 1500, 1243, 31, 2.90%, 11, 0, 8, 281.27
1587877081, 0, 1436, 1500, 1242, 33, 2.90%, 11, 0, 8, 289.84
1587877091, 0, 1436, 1501, 1243, 33, 2.90%, 11, 0, 8, 262.48
1587877111, 0, 1436, 1502, 1244, 33, 2.90%, 11, 0, 8, 267.43
1587877284, 0, 1436, 1503, 1245, 33, 2.90%, 11, 0, 8, 271.50
1587877289, 0, 1436, 1504, 1246, 33, 2.90%, 11, 0, 8, 201.75
1587877330, 0, 1437, 1504, 1245, 34, 2.90%, 11, 0, 8, 253.72
1587877452, 0, 1437, 1505, 1246, 34, 2.90%, 11, 0, 8, 225.05
1587877554, 0, 1439, 1505, 1245, 33, 2.90%, 11, 0, 8, 224.37
1587877671, 0, 1439, 1506, 1246, 33, 2.90%, 11, 0, 8, 256.80
1587877773, 0, 1440, 1506, 1245, 32, 2.90%, 11, 0, 8, 245.54
1587877799, 0, 1440, 1507, 1246, 32, 2.90%, 11, 0, 8, 239.01
1587877896, 0, 1440, 1508, 1247, 32, 2.90%, 11, 0, 8, 225.05
1587877941, 0, 1440, 1508, 1247, 32, 2.90%, 12, 0, 8, 254.08
1587877992, 0, 1441, 1508, 1246, 32, 2.90%, 12, 0, 8, 255.54
1587878212, 0, 1441, 1509, 1247, 32, 2.90%, 12, 0, 8, 277.84
1587878227, 0, 1443, 1509, 1246, 31, 2.90%, 12, 0, 8, 274.97
1587878324, 0, 1443, 1510, 1247, 31, 2.90%, 12, 0, 8, 270.31
1587878406, 0, 1444, 1510, 1246, 30, 2.90%, 12, 0, 8, 268.99
1587878508, 0, 1444, 1511, 1247, 30, 2.90%, 12, 0, 8, 287.82
1587878584, 0, 1444, 1512, 1248, 30, 2.90%, 12, 0, 8, 277.10
1587878605, 0, 1445, 1512, 1247, 29, 2.90%, 12, 0, 8, 266.11
1587878610, 0, 1445, 1513, 1248, 29, 2.90%, 12, 0, 8, 270.94
1587878783, 0, 1445, 1514, 1249, 29, 2.90%, 12, 0, 8, 264.83
1587878788, 0, 1445, 1515, 1250, 29, 2.90%, 12, 0, 8, 277.21
1587878813, 0, 1445, 1516, 1251, 29, 2.91%, 12, 0, 8, 288.08
1587878864, 0, 1445, 1517, 1252, 29, 2.91%, 12, 0, 8, 249.89
1587878869, 0, 1450, 1517, 1251, 30, 2.91%, 12, 0, 8, 269.21
1587878874, 0, 1450, 1518, 1252, 30, 2.91%, 12, 0, 8, 247.93
1587879067, 0, 1450, 1519, 1253, 30, 2.91%, 12, 0, 8, 290.10
1587879072, 0, 1450, 1520, 1254, 30, 2.91%, 12, 0, 8, 288.24
1587879088, 0, 1450, 1521, 1255, 30, 2.91%, 12, 0, 8, 284.36
1587879149, 0, 1451, 1521, 1254, 29, 2.91%, 12, 0, 8, 279.07
1587879154, 0, 1451, 1522, 1255, 29, 2.91%, 12, 0, 8, 266.55
1587879339, 0, 1451, 1523, 1256, 29, 2.91%, 12, 0, 8, 260.41
1587879349, 0, 1451, 1524, 1257, 29, 2.91%, 12, 0, 8, 293.05
1587879379, 0, 1451, 1525, 1258, 29, 2.91%, 12, 0, 8, 251.92
1587879384, 0, 1451, 1526, 1259, 29, 2.91%, 12, 0, 8, 291.49
1587879415, 0, 1451, 1527, 1260, 29, 2.91%, 12, 0, 8, 254.06
1587879425, 0, 1452, 1528, 1260, 28, 2.91%, 12, 0, 8, 266.79
1587879619, 0, 1452, 1530, 1262, 28, 2.91%, 12, 0, 8, 253.92
1587879660, 0, 1453, 1531, 1262, 28, 2.91%, 12, 0, 8, 263.45
1587879853, 0, 1453, 1532, 1263, 28, 2.91%, 12, 0, 8, 283.47
1587879858, 0, 1453, 1534, 1265, 28, 2.91%, 12, 0, 8, 258.38
1587879934, 0, 1454, 1535, 1265, 27, 2.91%, 12, 0, 8, 280.89
1587880108, 0, 1454, 1536, 1266, 27, 2.91%, 12, 0, 8, 283.39
1587880118, 0, 1454, 1537, 1267, 27, 2.91%, 12, 0, 8, 290.07
1587880149, 0, 1455, 1538, 1267, 26, 2.91%, 12, 0, 8, 308.45
1587880328, 0, 1455, 1539, 1268, 26, 2.91%, 12, 0, 8, 305.14
1587880343, 0, 1458, 1540, 1268, 25, 2.91%, 12, 0, 8, 309.20
1587880353, 0, 1458, 1541, 1269, 25, 2.91%, 12, 0, 8, 290.98
1587880383, 0, 1458, 1542, 1270, 25, 2.91%, 12, 0, 8, 299.47
1587880511, 0, 1458, 1543, 1271, 25, 2.91%, 12, 0, 8, 292.53
1587880521, 0, 1458, 1544, 1272, 25, 2.91%, 12, 0, 8, 296.52
1587880531, 0, 1458, 1545, 1273, 25, 2.91%, 12, 0, 8, 304.82
1587880541, 0, 1458, 1546, 1274, 25, 2.91%, 12, 0, 8, 295.86
1587880582, 0, 1458, 1547, 1275, 25, 2.91%, 12, 0, 8, 303.05
1587880587, 0, 1462, 1547, 1274, 24, 2.91%, 12, 0, 8, 286.87
1587880598, 0, 1462, 1548, 1275, 24, 2.91%, 12, 0, 8, 282.96
1587880755, 0, 1462, 1550, 1277, 24, 2.91%, 12, 0, 8, 282.48
1587880791, 0, 1467, 1550, 1276, 23, 2.91%, 12, 0, 8, 273.30
1587881000, 0, 1468, 1550, 1275, 22, 2.91%, 12, 0, 8, 176.99
1587881197, 0, 1468, 1551, 1276, 22, 2.91%, 12, 0, 8, 260.90
1587881208, 0, 1468, 1552, 1277, 22, 2.91%, 12, 0, 8, 41.67
1587881249, 0, 1484, 1552, 1276, 21, 2.91%, 12, 0, 8, 279.87
1587881473, 0, 1484, 1553, 1277, 21, 2.91%, 12, 0, 8, 276.58
1587881483, 0, 1489, 1555, 1278, 20, 2.91%, 12, 0, 9, 287.17
1587881504, 0, 1489, 1556, 1279, 20, 2.91%, 12, 0, 9, 305.68
1587881585, 0, 1489, 1557, 1280, 20, 2.91%, 12, 0, 9, 308.11
1587881616, 0, 1489, 1558, 1281, 20, 2.91%, 12, 0, 9, 292.96
1587881631, 0, 1489, 1559, 1282, 20, 2.91%, 12, 0, 9, 287.83
1587881636, 0, 1489, 1560, 1283, 20, 2.91%, 12, 0, 9, 311.87
1587881656, 0, 1489, 1562, 1285, 20, 2.91%, 12, 0, 9, 310.92
1587881697, 0, 1490, 1562, 1284, 20, 2.91%, 12, 0, 9, 317.17
1587881824, 0, 1490, 1563, 1285, 20, 2.91%, 12, 0, 9, 300.60
1587881834, 0, 1490, 1564, 1286, 20, 2.91%, 12, 0, 9, 313.41
1587881870, 0, 1493, 1565, 1286, 19, 2.91%, 12, 0, 9, 304.79
1587882033, 0, 1495, 1565, 1285, 18, 2.91%, 12, 0, 9, 318.62
1587882140, 0, 1495, 1565, 1285, 18, 2.91%, 13, 0, 9, 301.76
1587882185, 0, 1497, 1565, 1284, 17, 2.91%, 13, 0, 9, 296.77
1587882379, 0, 1497, 1566, 1285, 17, 2.91%, 13, 0, 9, 300.13
1587882390, 0, 1497, 1567, 1286, 17, 2.91%, 13, 0, 9, 308.29
1587882400, 0, 1497, 1569, 1288, 17, 2.91%, 13, 0, 9, 306.92
1587882440, 0, 1498, 1570, 1288, 18, 2.91%, 13, 0, 9, 298.09
1587882445, 0, 1498, 1571, 1289, 18, 2.91%, 13, 0, 9, 288.95
1587882466, 0, 1498, 1572, 1290, 18, 2.91%, 13, 0, 9, 279.24
1587882629, 0, 1498, 1574, 1292, 18, 2.91%, 13, 0, 9, 295.74
1587882635, 0, 1498, 1576, 1294, 18, 2.91%, 13, 0, 9, 297.08
1587882645, 0, 1498, 1577, 1295, 18, 2.91%, 13, 0, 9, 287.97
1587882655, 0, 1498, 1578, 1296, 18, 2.91%, 13, 0, 9, 290.14
1587882671, 0, 1498, 1579, 1297, 18, 2.91%, 13, 0, 9, 275.16
1587882691, 0, 1499, 1579, 1296, 19, 2.91%, 13, 0, 9, 293.16
1587882701, 0, 1499, 1580, 1297, 19, 2.91%, 13, 0, 9, 271.33
1587882706, 0, 1499, 1581, 1298, 19, 2.91%, 13, 0, 9, 271.96
1587882874, 0, 1499, 1582, 1299, 19, 2.91%, 13, 0, 9, 283.49
1587882885, 0, 1499, 1583, 1300, 19, 2.91%, 13, 0, 9, 309.08
1587882910, 0, 1499, 1585, 1302, 19, 2.91%, 13, 0, 9, 279.93
1587882946, 0, 1515, 1586, 1302, 18, 2.91%, 13, 0, 9, 298.34
1587882961, 0, 1515, 1587, 1303, 18, 2.91%, 13, 0, 9, 292.67
1587883027, 0, 1515, 1588, 1304, 18, 2.91%, 13, 0, 9, 303.02
1587883032, 0, 1515, 1588, 1304, 18, 2.91%, 14, 0, 9, 292.06
1587883067, 0, 1515, 1588, 1304, 18, 2.91%, 16, 0, 9, 296.26
1587883093, 0, 1515, 1589, 1305, 18, 2.91%, 16, 0, 9, 288.42
1587883113, 0, 1515, 1590, 1306, 18, 2.91%, 16, 0, 9, 305.07
1587883123, 0, 1515, 1591, 1307, 18, 2.91%, 16, 0, 9, 297.00
1587883128, 0, 1515, 1591, 1307, 18, 2.91%, 17, 0, 9, 300.53
1587883154, 0, 1515, 1592, 1308, 18, 2.92%, 17, 0, 9, 302.64
1587883159, 0, 1529, 1592, 1307, 19, 2.92%, 17, 0, 9, 303.34
1587883342, 0, 1555, 1592, 1306, 18, 2.92%, 17, 0, 9, 305.53
1587883347, 0, 1555, 1594, 1308, 18, 2.92%, 17, 0, 10, 310.40
1587883443, 0, 1555, 1595, 1309, 18, 2.92%, 17, 0, 10, 308.22
1587883479, 0, 1555, 1596, 1310, 18, 2.92%, 17, 0, 10, 310.20
1587883484, 0, 1555, 1598, 1312, 18, 2.92%, 17, 0, 10, 314.45
1587883505, 0, 1555, 1599, 1313, 18, 2.92%, 17, 0, 10, 315.92
1587883520, 0, 1555, 1600, 1314, 18, 2.92%, 17, 0, 10, 330.90
1587883550, 0, 1566, 1600, 1313, 17, 2.92%, 17, 0, 10, 320.88
1587883739, 0, 1566, 1601, 1314, 17, 2.92%, 17, 0, 10, 283.11
1587883760, 0, 1570, 1601, 1313, 16, 2.92%, 17, 0, 10, 288.88
1587883765, 0, 1570, 1602, 1314, 16, 2.92%, 17, 0, 10, 279.56
1587883770, 0, 1570, 1603, 1315, 16, 2.92%, 17, 0, 10, 260.38
1587883785, 0, 1570, 1604, 1316, 16, 2.92%, 17, 0, 10, 276.49
1587883917, 0, 1570, 1605, 1317, 16, 2.92%, 17, 0, 10, 284.34
1587883963, 0, 1571, 1605, 1316, 17, 2.92%, 17, 0, 10, 303.34
1587883988, 0, 1571, 1607, 1318, 17, 2.92%, 17, 0, 10, 297.94
1587884111, 0, 1571, 1608, 1319, 17, 2.92%, 17, 0, 10, 271.89
1587884167, 0, 1572, 1608, 1318, 17, 2.92%, 17, 0, 10, 277.12
1587884198, 0, 1572, 1609, 1319, 17, 2.92%, 17, 0, 10, 288.82
1587884361, 0, 1572, 1610, 1320, 17, 2.92%, 17, 0, 10, 177.56
1587884381, 0, 1574, 1611, 1320, 16, 2.92%, 17, 0, 10, 309.17
1587884391, 0, 1574, 1612, 1321, 16, 2.92%, 17, 0, 10, 295.89
1587884402, 0, 1574, 1614, 1323, 16, 2.92%, 17, 0, 10, 292.43
1587884474, 0, 1574, 1615, 1324, 16, 2.92%, 17, 0, 10, 284.71
1587884525, 0, 1574, 1616, 1325, 16, 2.92%, 17, 0, 10, 276.35
1587884577, 0, 1577, 1616, 1324, 18, 2.92%, 17, 0, 10, 284.95
1587884582, 0, 1577, 1617, 1325, 18, 2.92%, 17, 0, 10, 291.19
1587884730, 0, 1577, 1618, 1326, 18, 2.92%, 17, 0, 10, 291.18
1587884776, 0, 1586, 1618, 1325, 18, 2.92%, 17, 0, 10, 294.19
1587884863, 0, 1586, 1619, 1326, 18, 2.92%, 17, 0, 10, 299.46
1587884940, 0, 1586, 1620, 1327, 18, 2.92%, 17, 0, 10, 303.93
1587884965, 0, 1589, 1620, 1326, 18, 2.92%, 17, 0, 10, 293.60
1587885072, 0, 1589, 1620, 1326, 18, 2.92%, 18, 0, 10, 279.99
1587885113, 0, 1589, 1620, 1326, 18, 2.92%, 19, 0, 10, 297.27
1587885158, 0, 1589, 1621, 1327, 18, 2.93%, 19, 0, 10, 276.65
1587885184, 0, 1589, 1622, 1328, 18, 2.93%, 19, 0, 10, 285.83
1587885199, 0, 1589, 1623, 1329, 18, 2.93%, 19, 0, 10, 305.67
1587885214, 0, 1601, 1623, 1328, 19, 2.93%, 19, 0, 10, 288.39
1587885219, 0, 1601, 1624, 1329, 19, 2.93%, 19, 0, 11, 262.04
1587885367, 0, 1601, 1631, 1336, 19, 2.93%, 19, 0, 11, 274.61
1587885408, 0, 1601, 1632, 1337, 19, 2.93%, 19, 0, 11, 296.38
1587885418, 0, 1601, 1633, 1338, 19, 2.93%, 19, 0, 11, 304.62
1587885471, 0, 1603, 1633, 1337, 18, 2.93%, 19, 0, 11, 271.60
1587885481, 0, 1603, 1634, 1338, 18, 2.93%, 19, 0, 11, 277.03
1587885623, 0, 1603, 1635, 1339, 18, 2.93%, 19, 0, 11, 285.53
1587885669, 0, 1606, 1635, 1338, 18, 2.93%, 19, 0, 11, 297.95
1587885695, 0, 1606, 1636, 1339, 18, 2.93%, 19, 0, 11, 270.02
1587885869, 0, 1606, 1637, 1340, 18, 2.93%, 19, 0, 11, 301.00
1587885889, 0, 1611, 1637, 1339, 17, 2.93%, 19, 0, 11, 294.57
1587885894, 0, 1611, 1638, 1340, 17, 2.93%, 19, 0, 11, 290.16
1587886028, 0, 1611, 1647, 1349, 17, 2.93%, 19, 0, 11, 282.27
1587886079, 0, 1613, 1647, 1348, 17, 2.93%, 19, 0, 11, 290.06
1587886104, 0, 1613, 1648, 1349, 17, 2.93%, 19, 0, 11, 283.75
1587886273, 0, 1615, 1649, 1349, 16, 2.93%, 19, 0, 11, 284.35
1587886370, 0, 1615, 1652, 1352, 16, 2.93%, 19, 0, 11, 277.26
1587886415, 0, 1615, 1655, 1355, 16, 2.93%, 19, 0, 11, 282.37
1587886420, 0, 1615, 1655, 1355, 16, 2.93%, 20, 0, 11, 283.95
1587886471, 0, 1616, 1655, 1354, 17, 2.93%, 20, 0, 11, 275.75
1587886666, 0, 1618, 1655, 1353, 16, 2.93%, 20, 0, 11, 294.23
1587886783, 0, 1618, 1656, 1354, 16, 2.93%, 20, 0, 11, 282.97
1587886794, 0, 1618, 1657, 1355, 16, 2.93%, 20, 0, 11, 302.08
1587886799, 0, 1618, 1658, 1356, 16, 2.93%, 20, 0, 11, 287.48
1587886839, 0, 1620, 1659, 1356, 16, 2.93%, 20, 0, 11, 293.05
1587886865, 0, 1620, 1660, 1357, 16, 2.93%, 20, 0, 11, 268.30
1587886885, 0, 1620, 1661, 1358, 16, 2.93%, 20, 0, 11, 269.89
1587886946, 0, 1620, 1662, 1359, 16, 2.93%, 20, 0, 11, 272.53
1587886951, 0, 1620, 1662, 1359, 16, 2.93%, 21, 0, 11, 275.02
1587887002, 0, 1620, 1662, 1359, 16, 2.93%, 22, 0, 11, 279.04
1587887053, 0, 1620, 1663, 1360, 16, 2.94%, 22, 0, 11, 293.86
1587887068, 0, 1620, 1664, 1361, 16, 2.94%, 22, 0, 11, 323.57
1587887099, 0, 1621, 1665, 1361, 17, 2.94%, 22, 0, 11, 308.48
1587887226, 0, 1621, 1665, 1361, 17, 2.94%, 23, 0, 11, 320.77
1587887277, 0, 1622, 1665, 1360, 16, 2.94%, 23, 0, 11, 302.92
1587887319, 0, 1622, 1666, 1361, 16, 2.94%, 23, 0, 11, 327.11
1587887457, 0, 1634, 1666, 1360, 16, 2.94%, 23, 0, 11, 323.39
1587887467, 0, 1634, 1667, 1361, 16, 2.94%, 23, 0, 12, 299.27
1587887482, 0, 1634, 1668, 1362, 16, 2.94%, 23, 0, 12, 310.13
1587887631, 0, 1634, 1669, 1363, 16, 2.94%, 23, 0, 12, 304.29
1587887662, 0, 1642, 1669, 1362, 17, 2.94%, 23, 0, 12, 308.74
1587887839, 0, 1649, 1669, 1361, 16, 2.94%, 23, 0, 12, 300.39
1587887844, 0, 1649, 1671, 1363, 16, 2.94%, 23, 0, 12, 285.81
1587887931, 0, 1649, 1672, 1364, 16, 2.94%, 23, 0, 12, 314.06
1587887972, 0, 1649, 1673, 1365, 16, 2.94%, 24, 0, 12, 308.54
1587888012, 0, 1649, 1674, 1366, 16, 2.94%, 24, 0, 12, 316.51
1587888027, 0, 1653, 1676, 1367, 15, 2.94%, 24, 0, 12, 308.85
1587888164, 0, 1653, 1677, 1368, 15, 2.94%, 25, 0, 12, 300.90
1587888205, 0, 1653, 1679, 1370, 15, 2.94%, 25, 0, 12, 330.69
1587888235, 0, 1655, 1679, 1369, 14, 2.94%, 25, 0, 12, 326.65
1587888240, 0, 1655, 1681, 1371, 14, 2.94%, 25, 0, 12, 319.09
1587888347, 0, 1655, 1683, 1373, 14, 2.94%, 25, 0, 12, 309.88
1587888357, 0, 1655, 1686, 1376, 14, 2.94%, 26, 0, 12, 321.64
1587888362, 0, 1655, 1686, 1376, 14, 2.94%, 27, 0, 12, 310.14
1587888388, 0, 1655, 1686, 1376, 14, 2.94%, 28, 0, 12, 16.00
1587888393, 0, 1658, 1686, 1375, 15, 2.94%, 28, 0, 12, 315.90
1587888439, 0, 1658, 1687, 1376, 15, 2.94%, 28, 0, 12, 317.06
1587888587, 0, 1662, 1687, 1375, 15, 2.94%, 28, 0, 12, 317.07
1587888628, 0, 1662, 1688, 1376, 15, 2.94%, 28, 0, 12, 332.16
1587888684, 0, 1662, 1688, 1376, 15, 2.94%, 29, 0, 12, 331.49
1587888760, 0, 1662, 1689, 1377, 15, 2.94%, 29, 0, 12, 327.76
1587888770, 0, 1662, 1690, 1378, 15, 2.94%, 29, 0, 12, 329.07
1587888781, 0, 1662, 1691, 1379, 15, 2.95%, 29, 0, 12, 317.41
1587888786, 0, 1662, 1692, 1380, 15, 2.95%, 29, 0, 12, 335.50
1587888816, 0, 1663, 1692, 1379, 19, 2.95%, 29, 0, 12, 307.84
1587888837, 0, 1663, 1693, 1380, 19, 2.95%, 29, 0, 12, 308.78
1587888908, 0, 1663, 1694, 1381, 19, 2.95%, 30, 0, 12, 305.51
1587888949, 0, 1663, 1694, 1381, 19, 2.95%, 31, 0, 12, 316.24
1587888954, 0, 1663, 1694, 1381, 19, 2.95%, 32, 0, 12, 318.05
1587888990, 0, 1663, 1695, 1382, 19, 2.96%, 32, 0, 12, 326.67
1587888995, 0, 1663, 1696, 1383, 19, 2.96%, 32, 0, 12, 334.51
1587889010, 0, 1663, 1697, 1384, 19, 2.96%, 32, 0, 12, 335.61
1587889015, 0, 1663, 1698, 1385, 19, 2.97%, 32, 0, 12, 332.89
1587889025, 0, 1663, 1699, 1386, 19, 2.97%, 32, 0, 12, 329.55
1587889035, 0, 1663, 1700, 1387, 19, 2.97%, 32, 0, 12, 304.78
1587889066, 0, 1665, 1701, 1387, 22, 2.97%, 32, 0, 12, 313.64
1587889163, 0, 1665, 1701, 1387, 22, 2.97%, 33, 0, 12, 315.63
1587889255, 0, 1666, 1701, 1386, 21, 2.97%, 33, 0, 12, 322.21
1587889280, 0, 1666, 1702, 1387, 21, 2.97%, 33, 0, 13, 313.54
1587889352, 0, 1666, 1703, 1388, 21, 2.97%, 33, 0, 13, 318.49
1587889392, 0, 1666, 1704, 1389, 21, 2.97%, 33, 0, 13, 315.21
1587889428, 0, 1666, 1705, 1390, 21, 2.97%, 33, 0, 13, 292.37
1587889459, 0, 1667, 1705, 1389, 21, 2.97%, 33, 0, 13, 311.70
1587889484, 0, 1667, 1706, 1390, 21, 2.97%, 33, 0, 13, 308.34
1587889596, 0, 1667, 1707, 1391, 21, 2.97%, 33, 0, 13, 311.79
1587889632, 0, 1667, 1709, 1393, 21, 2.97%, 33, 0, 13, 322.22
1587889687, 0, 1676, 1709, 1392, 22, 2.97%, 33, 0, 13, 324.15
1587889713, 0, 1676, 1710, 1393, 22, 2.97%, 33, 0, 13, 307.61
1587889778, 0, 1676, 1711, 1394, 22, 2.97%, 33, 0, 13, 310.45
1587889819, 0, 1676, 1712, 1395, 22, 2.97%, 33, 0, 13, 312.64
1587889824, 0, 1676, 1713, 1396, 22, 2.97%, 33, 0, 13, 313.84
1587889870, 0, 1676, 1714, 1397, 22, 2.97%, 33, 0, 13, 318.83
1587889875, 0, 1676, 1716, 1399, 22, 2.97%, 33, 0, 13, 322.06
1587889895, 0, 1676, 1717, 1400, 22, 2.97%, 33, 0, 13, 328.14
1587889935, 0, 1679, 1717, 1399, 22, 2.97%, 33, 0, 13, 319.09
1587890057, 0, 1679, 1717, 1399, 22, 2.97%, 34, 0, 13, 313.32
1587890083, 0, 1679, 1718, 1400, 22, 2.97%, 34, 0, 13, 323.71
1587890098, 0, 1679, 1719, 1401, 22, 2.97%, 34, 0, 13, 343.82
1587890133, 0, 1679, 1720, 1402, 22, 2.97%, 34, 0, 13, 335.48
1587890138, 0, 1685, 1725, 1406, 22, 2.97%, 34, 0, 13, 317.71
1587890148, 0, 1685, 1726, 1407, 22, 2.97%, 34, 0, 13, 306.73
1587890214, 0, 1685, 1727, 1408, 22, 2.97%, 34, 0, 13, 313.14
1587890296, 0, 1685, 1728, 1409, 22, 2.97%, 34, 0, 13, 338.55
1587890311, 0, 1686, 1728, 1408, 22, 2.97%, 34, 0, 13, 328.88
1587890317, 0, 1686, 1729, 1409, 22, 2.97%, 34, 0, 13, 325.34
1587890353, 0, 1686, 1730, 1410, 22, 2.97%, 34, 0, 13, 313.53
1587890501, 0, 1687, 1730, 1409, 22, 2.97%, 34, 0, 13, 327.80
1587890681, 0, 1687, 1731, 1410, 22, 2.97%, 34, 0, 13, 331.39
1587890701, 0, 1688, 1731, 1409, 21, 2.97%, 34, 0, 13, 315.07
1587890706, 0, 1688, 1732, 1410, 21, 2.97%, 34, 0, 13, 309.92
1587890763, 0, 1688, 1733, 1411, 21, 2.97%, 34, 0, 13, 318.82
1587890834, 0, 1688, 1733, 1411, 21, 2.97%, 35, 0, 13, 326.20
1587890840, 0, 1688, 1734, 1412, 21, 2.97%, 35, 0, 13, 318.66
1587890951, 0, 1689, 1734, 1411, 21, 2.97%, 35, 0, 13, 317.62
1587890956, 0, 1689, 1735, 1412, 21, 2.97%, 35, 0, 13, 318.94
1587891008, 0, 1689, 1736, 1413, 21, 2.97%, 35, 0, 13, 327.46
1587891079, 0, 1689, 1736, 1413, 21, 2.97%, 36, 0, 13, 325.61
1587891172, 0, 1689, 1737, 1414, 21, 2.98%, 36, 0, 13, 334.41
1587891197, 0, 1690, 1737, 1413, 22, 2.98%, 36, 0, 13, 332.41
1587891324, 0, 1690, 1737, 1413, 22, 2.98%, 37, 0, 13, 333.78
1587891369, 0, 1691, 1737, 1412, 21, 2.98%, 37, 0, 13, 333.91
1587891565, 0, 1691, 1738, 1413, 21, 2.98%, 37, 0, 13, 343.05
1587891575, 0, 1694, 1738, 1412, 20, 2.98%, 37, 0, 13, 330.77
1587891656, 0, 1694, 1738, 1412, 20, 2.98%, 38, 0, 13, 327.60
1587891697, 0, 1694, 1738, 1412, 20, 2.98%, 39, 0, 13, 328.08
1587891733, 0, 1695, 1739, 1412, 19, 2.98%, 39, 0, 13, 335.39
1587891749, 0, 1695, 1740, 1413, 19, 2.98%, 39, 0, 13, 294.81
1587891759, 0, 1695, 1741, 1414, 19, 2.98%, 39, 0, 13, 317.42
1587891784, 0, 1695, 1742, 1415, 19, 2.98%, 39, 0, 13, 315.53
1587891835, 0, 1695, 1743, 1416, 19, 2.98%, 39, 0, 13, 314.92
1587891891, 0, 1695, 1743, 1416, 19, 2.98%, 40, 0, 13, 313.43
1587891926, 0, 1695, 1744, 1417, 19, 2.98%, 40, 0, 13, 316.34
1587891931, 0, 1695, 1745, 1418, 19, 2.98%, 40, 0, 13, 323.95
1587891941, 0, 1695, 1746, 1419, 19, 2.98%, 40, 0, 13, 322.25
1587891952, 0, 1695, 1747, 1420, 19, 2.98%, 40, 0, 13, 313.09
1587891977, 0, 1695, 1748, 1421, 19, 2.98%, 40, 0, 13, 317.97
1587891987, 0, 1695, 1749, 1422, 19, 2.98%, 40, 0, 13, 327.32
1587891997, 0, 1695, 1750, 1423, 19, 2.98%, 40, 0, 13, 336.02
1587892007, 0, 1701, 1750, 1422, 19, 2.98%, 40, 0, 13, 316.48
1587892012, 0, 1701, 1751, 1423, 19, 2.98%, 40, 0, 14, 308.61
1587892027, 0, 1701, 1752, 1424, 19, 2.98%, 40, 0, 14, 310.12
1587892175, 0, 1701, 1753, 1425, 19, 2.98%, 40, 0, 14, 323.21
1587892200, 0, 1701, 1754, 1426, 19, 2.98%, 40, 0, 14, 326.98
1587892231, 0, 1705, 1754, 1425, 19, 2.98%, 40, 0, 14, 324.31
1587892403, 0, 1705, 1756, 1427, 19, 2.98%, 40, 0, 14, 320.93
1587892438, 0, 1706, 1756, 1426, 18, 2.98%, 40, 0, 14, 301.45
1587892628, 0, 1718, 1756, 1425, 17, 2.98%, 40, 0, 14, 317.84
1587892633, 0, 1718, 1757, 1426, 17, 2.98%, 40, 0, 14, 313.61
1587892720, 0, 1718, 1757, 1426, 17, 2.98%, 41, 0, 14, 333.44
1587892751, 0, 1718, 1767, 1436, 17, 2.98%, 41, 0, 14, 331.48
1587892756, 0, 1718, 1767, 1436, 17, 2.98%, 42, 0, 14, 331.44
1587892797, 0, 1722, 1767, 1435, 20, 2.98%, 42, 0, 14, 322.88
1587892914, 0, 1722, 1769, 1437, 20, 2.98%, 42, 0, 14, 326.95
1587892959, 0, 1728, 1769, 1436, 19, 2.98%, 42, 0, 14, 327.24
1587893108, 0, 1728, 1769, 1436, 19, 2.98%, 43, 0, 14, 322.69
1587893138, 0, 1728, 1770, 1437, 19, 2.98%, 43, 0, 14, 334.58
1587893164, 0, 1732, 1770, 1436, 18, 2.98%, 43, 0, 14, 323.67
1587893194, 0, 1732, 1772, 1438, 18, 2.98%, 43, 0, 14, 319.85
1587893296, 0, 1732, 1773, 1439, 18, 2.98%, 43, 0, 14, 321.84
1587893408, 0, 1732, 1774, 1440, 18, 2.98%, 43, 0, 14, 267.03
1587893439, 0, 1734, 1774, 1439, 17, 2.98%, 43, 0, 14, 296.27
1587893683, 0, 1736, 1774, 1438, 16, 2.98%, 43, 0, 14, 278.75
1587893932, 0, 1743, 1774, 1437, 15, 2.98%, 43, 0, 14, 244.59
1587893958, 0, 1743, 1775, 1438, 15, 2.98%, 43, 0, 14, 289.98
1587893983, 0, 1743, 1776, 1439, 15, 2.98%, 43, 0, 14, 298.66
1587894100, 0, 1743, 1776, 1439, 15, 2.98%, 44, 0, 14, 295.26
1587894156, 0, 1744, 1778, 1440, 15, 2.98%, 44, 0, 14, 279.71
1587894186, 0, 1744, 1779, 1441, 15, 2.98%, 44, 0, 14, 279.85
1587894207, 0, 1744, 1780, 1442, 15, 2.98%, 44, 0, 14, 295.65
1587894267, 0, 1744, 1781, 1443, 15, 2.98%, 44, 0, 14, 292.96
1587894272, 0, 1744, 1782, 1444, 15, 2.98%, 44, 0, 14, 289.00
1587894328, 0, 1744, 1782, 1444, 15, 2.98%, 45, 0, 14, 306.69
1587894379, 0, 1744, 1783, 1445, 15, 2.98%, 45, 0, 14, 325.57
1587894384, 0, 1744, 1784, 1446, 15, 2.98%, 45, 0, 14, 312.75
1587894389, 0, 1744, 1785, 1447, 15, 2.98%, 45, 0, 14, 325.84
1587894395, 0, 1744, 1786, 1448, 15, 2.98%, 45, 0, 14, 322.62
1587894415, 0, 1744, 1787, 1449, 15, 2.98%, 45, 0, 14, 324.44
1587894431, 0, 1744, 1788, 1450, 15, 2.98%, 45, 0, 14, 324.98
1587894436, 0, 1744, 1790, 1452, 15, 2.98%, 45, 0, 14, 323.32
1587894446, 0, 1744, 1791, 1453, 15, 2.98%, 45, 0, 14, 297.13
1587894451, 0, 1745, 1791, 1452, 14, 2.98%, 45, 0, 14, 294.94
1587894641, 0, 1750, 1791, 1451, 13, 2.98%, 45, 0, 14, 327.10
1587894829, 0, 1758, 1791, 1450, 12, 2.98%, 45, 0, 14, 329.77
1587894839, 0, 1758, 1792, 1451, 12, 2.98%, 45, 0, 15, 322.94
1587894849, 0, 1758, 1793, 1452, 12, 2.98%, 45, 0, 15, 326.00
1587894920, 0, 1758, 1793, 1452, 12, 2.98%, 46, 0, 15, 311.56
1587894956, 0, 1758, 1796, 1455, 12, 2.98%, 46, 0, 15, 314.93
1587894991, 0, 1760, 1796, 1454, 12, 2.98%, 46, 0, 15, 323.05
1587895077, 0, 1760, 1796, 1454, 12, 2.98%, 47, 0, 15, 335.31
1587895153, 0, 1761, 1796, 1453, 11, 2.98%, 47, 0, 15, 332.98
1587895168, 0, 1761, 1798, 1455, 11, 2.98%, 47, 0, 15, 320.85
1587895305, 0, 1761, 1799, 1456, 11, 2.98%, 47, 0, 15, 329.50
1587895325, 0, 1765, 1799, 1455, 11, 2.98%, 47, 0, 15, 331.88
1587895330, 0, 1765, 1800, 1456, 11, 2.98%, 47, 0, 15, 311.78
1587895417, 0, 1765, 1800, 1456, 11, 2.98%, 48, 0, 15, 327.13
1587895452, 0, 1765, 1802, 1458, 11, 2.98%, 48, 0, 15, 331.44
1587895488, 0, 1765, 1802, 1458, 11, 2.98%, 49, 0, 15, 338.93
1587895493, 0, 1774, 1803, 1458, 11, 2.98%, 49, 0, 15, 319.81
1587895518, 0, 1774, 1804, 1459, 11, 2.98%, 49, 0, 15, 308.74
1587895650, 0, 1774, 1804, 1459, 11, 2.98%, 50, 0, 15, 282.45
1587895701, 0, 1778, 1804, 1458, 11, 2.98%, 50, 0, 15, 313.66
1587895752, 0, 1778, 1805, 1459, 11, 2.98%, 50, 0, 15, 290.57
1587895814, 0, 1778, 1805, 1459, 11, 2.98%, 51, 0, 15, 309.18
1587895859, 0, 1778, 1805, 1459, 11, 2.98%, 52, 0, 15, 304.74
1587895869, 0, 1778, 1805, 1459, 11, 2.98%, 53, 0, 15, 299.11
1587895930, 0, 1778, 1806, 1460, 11, 2.98%, 53, 0, 15, 321.72
1587895950, 0, 1795, 1806, 1459, 11, 2.98%, 53, 0, 15, 238.83
1587895961, 0, 1795, 1807, 1460, 11, 2.98%, 53, 0, 16, 309.11
1587896031, 0, 1795, 1808, 1461, 11, 2.98%, 53, 0, 16, 319.41
1587896118, 0, 1796, 1808, 1460, 10, 2.98%, 53, 0, 16, 325.43
1587896291, 0, 1799, 1808, 1459, 9, 2.98%, 53, 0, 16, 321.33
1587896417, 0, 1799, 1810, 1461, 9, 2.98%, 53, 0, 16, 322.98
1587896443, 0, 1799, 1811, 1462, 9, 2.98%, 53, 0, 16, 323.79
1587896468, 0, 1803, 1811, 1461, 8, 2.98%, 53, 0, 16, 311.78
1587896473, 0, 1803, 1812, 1462, 8, 2.98%, 53, 0, 16, 304.39
1587896519, 0, 1803, 1813, 1463, 8, 2.98%, 53, 0, 16, 304.53
1587896570, 0, 1803, 1814, 1464, 8, 2.99%, 53, 0, 16, 321.28
1587896575, 0, 1803, 1818, 1468, 8, 3.00%, 53, 0, 16, 321.60
1587896677, 0, 1813, 1818, 1467, 13, 3.00%, 53, 0, 16, 324.88
1587896682, 0, 1813, 1819, 1468, 13, 3.00%, 53, 0, 17, 318.68
1587896723, 0, 1813, 1820, 1469, 13, 3.00%, 53, 0, 17, 305.12
1587896885, 0, 1813, 1821, 1470, 13, 3.01%, 53, 0, 17, 326.91
1587896896, 0, 1813, 1822, 1471, 13, 3.01%, 53, 0, 17, 318.65
1587896926, 0, 1814, 1822, 1470, 14, 3.01%, 53, 0, 17, 322.11
1587896931, 0, 1814, 1823, 1471, 14, 3.01%, 53, 0, 17, 318.97
1587896972, 0, 1814, 1824, 1472, 14, 3.01%, 53, 0, 17, 310.99
1587897130, 0, 1815, 1824, 1471, 14, 3.01%, 53, 0, 17, 309.84
1587897136, 0, 1815, 1826, 1473, 14, 3.01%, 53, 0, 17, 315.94
1587897177, 0, 1815, 1827, 1474, 14, 3.01%, 53, 0, 17, 313.33
1587897335, 0, 1816, 1827, 1473, 15, 3.01%, 53, 0, 17, 303.35
1587897340, 0, 1816, 1828, 1474, 15, 3.01%, 53, 0, 17, 315.06
1587897386, 0, 1816, 1829, 1475, 15, 3.01%, 53, 0, 17, 312.88
1587897549, 0, 1817, 1829, 1474, 14, 3.01%, 53, 0, 17, 325.82
1587897554, 0, 1817, 1830, 1475, 14, 3.01%, 53, 0, 17, 318.31
1587897595, 0, 1817, 1831, 1476, 14, 3.01%, 53, 0, 17, 322.74
1587897754, 0, 1818, 1831, 1475, 13, 3.01%, 53, 0, 17, 329.42
1587897954, 0, 1821, 1831, 1474, 12, 3.01%, 53, 0, 17, 316.54
1587898000, 0, 1821, 1832, 1475, 12, 3.01%, 53, 0, 18, 315.38
1587898046, 0, 1821, 1833, 1476, 12, 3.01%, 53, 0, 18, 324.10
1587898052, 0, 1821, 1833, 1476, 12, 3.01%, 54, 0, 18, 308.59
1587898149, 0, 1822, 1833, 1475, 12, 3.01%, 54, 0, 18, 317.13
1587898349, 0, 1824, 1833, 1474, 11, 3.01%, 54, 0, 18, 263.36
1587898354, 0, 1824, 1834, 1475, 11, 3.01%, 54, 0, 18, 288.18
1587898400, 0, 1824, 1835, 1476, 11, 3.01%, 54, 0, 18, 313.87
1587898553, 0, 1824, 1836, 1477, 11, 3.01%, 54, 0, 18, 327.20
1587898573, 0, 1825, 1836, 1476, 11, 3.01%, 54, 0, 18, 311.17
1587898768, 0, 1832, 1836, 1475, 10, 3.01%, 54, 0, 18, 319.16
1587898773, 0, 1832, 1837, 1476, 10, 3.01%, 54, 0, 19, 316.21
1587898814, 0, 1832, 1838, 1477, 10, 3.01%, 54, 0, 19, 312.09
1587898972, 0, 1834, 1838, 1476, 9, 3.01%, 54, 0, 19, 305.46
1587899169, 0, 1834, 1839, 1477, 9, 3.01%, 54, 0, 19, 319.73
1587899175, 0, 1834, 1840, 1478, 9, 3.01%, 54, 0, 19, 322.67
1587899223, 0, 1834, 1841, 1479, 9, 3.01%, 54, 0, 19, 323.61
1587899279, 1, 24, 1841, 1478, 8, 3.01%, 54, 0, 19, 318.86
1587899354, 1, 24, 1842, 1479, 8, 3.01%, 54, 0, 19, 356.25
1587899360, 1, 71, 1842, 1478, 7, 3.01%, 54, 0, 19, 341.29
1587899421, 1, 79, 1842, 1477, 7, 3.01%, 54, 0, 19, 346.64
1587899487, 1, 97, 1842, 1476, 7, 3.01%, 54, 0, 19, 363.68
1587899590, 1, 101, 1842, 1475, 7, 3.01%, 54, 0, 19, 371.71
1587899610, 1, 124, 1842, 1473, 6, 3.01%, 54, 0, 19, 386.17
1587899625, 1, 143, 1842, 1472, 5, 3.01%, 54, 0, 19, 387.90
1587899681, 1, 168, 1842, 1471, 4, 3.01%, 54, 0, 19, 354.30
1587899757, 1, 194, 1842, 1470, 4, 3.01%, 54, 0, 19, 366.30
1587899767, 1, 312, 1842, 1469, 3, 3.01%, 54, 0, 19, 375.83
1587899874, 1, 337, 1842, 1468, 2, 3.01%, 54, 0, 19, 280.25
1587899991, 1, 337, 1843, 1469, 2, 3.01%, 54, 0, 19, 344.17
1587899996, 1, 337, 1847, 1473, 2, 3.01%, 54, 0, 19, 342.25
1587900002, 1, 337, 1848, 1474, 2, 3.01%, 54, 0, 19, 351.39
1587900007, 1, 337, 1850, 1476, 2, 3.01%, 54, 0, 19, 334.94
1587900012, 1, 337, 1855, 1481, 2, 3.01%, 54, 0, 19, 342.64
1587900017, 1, 337, 1856, 1482, 2, 3.01%, 54, 0, 19, 345.51
1587900022, 1, 337, 1857, 1483, 2, 3.01%, 54, 0, 19, 347.44
1587900027, 1, 337, 1859, 1485, 2, 3.02%, 54, 0, 19, 352.60
1587900037, 1, 337, 1861, 1487, 2, 3.02%, 54, 0, 19, 347.59
1587900042, 1, 337, 1863, 1489, 2, 3.02%, 54, 0, 19, 340.63
1587900089, 1, 346, 1864, 1489, 2, 3.02%, 54, 0, 19, 333.05
1587900252, 1, 385, 1864, 1488, 2, 3.02%, 54, 0, 19, 359.67
1587900288, 1, 480, 1864, 1487, 1, 3.02%, 54, 0, 19, 361.05
1587900471, 1, 480, 1866, 1489, 1, 3.02%, 54, 0, 19, 333.78
1587900476, 1, 480, 1867, 1490, 1, 3.02%, 54, 0, 19, 326.12
1587900481, 1, 480, 1868, 1491, 1, 3.02%, 54, 0, 19, 338.81
1587900496, 1, 480, 1869, 1492, 1, 3.02%, 54, 0, 19, 332.52
1587900537, 1, 480, 1870, 1493, 1, 3.02%, 54, 0, 19, 333.30
1587900542, 1, 731, 1870, 1492, 3, 3.02%, 54, 0, 19, 334.29
1587900609, 1, 731, 1871, 1493, 3, 3.02%, 54, 0, 19, 361.33
1587900614, 1, 848, 1871, 1492, 3, 3.02%, 54, 0, 19, 308.29
1587900788, 1, 943, 1871, 1491, 3, 3.02%, 54, 0, 19, 292.81
1587900890, 1, 943, 1871, 1491, 3, 3.02%, 55, 0, 19, 285.08
1587900977, 1, 943, 1872, 1492, 3, 3.02%, 55, 0, 19, 313.03
1587900997, 1, 992, 1872, 1491, 3, 3.02%, 55, 0, 19, 305.80
1587901195, 1, 992, 1873, 1492, 3, 3.02%, 55, 0, 19, 303.59
1587901200, 1, 992, 1875, 1494, 3, 3.02%, 55, 0, 19, 321.55
1587901210, 1, 992, 1877, 1496, 3, 3.02%, 55, 0, 19, 324.84
1587901215, 1, 992, 1878, 1497, 3, 3.02%, 55, 0, 19, 312.14
1587901225, 1, 992, 1879, 1498, 3, 3.02%, 55, 0, 19, 330.27
1587901235, 1, 992, 1880, 1499, 3, 3.02%, 55, 0, 19, 322.07
1587901266, 1, 992, 1881, 1500, 3, 3.02%, 55, 0, 19, 319.90
1587901276, 1, 992, 1883, 1502, 3, 3.02%, 55, 0, 19, 325.65
1587901286, 1, 992, 1885, 1504, 3, 3.02%, 55, 0, 19, 326.95
1587901297, 1, 1066, 1885, 1503, 3, 3.02%, 55, 0, 19, 326.22
1587901322, 1, 1066, 1886, 1504, 3, 3.02%, 55, 0, 19, 316.77
1587901481, 1, 1066, 1887, 1505, 3, 3.02%, 55, 0, 19, 332.69
1587901491, 1, 1089, 1887, 1504, 3, 3.02%, 55, 0, 19, 339.49
1587901496, 1, 1170, 1887, 1504, 3, 3.02%, 55, 0, 19, 297.29
1587901618, 1, 1170, 1887, 1504, 3, 3.02%, 56, 0, 19, 281.65
1587901710, 1, 1170, 1888, 1505, 3, 3.02%, 56, 0, 19, 296.77
1587901720, 1, 1170, 1890, 1507, 3, 3.02%, 56, 0, 19, 315.91
1587901730, 1, 1170, 1891, 1508, 3, 3.02%, 56, 0, 19, 322.56
1587901740, 1, 1170, 1893, 1510, 3, 3.02%, 56, 0, 19, 315.86
1587901745, 1, 1170, 1894, 1511, 3, 3.02%, 56, 0, 19, 322.58
1587901750, 1, 1170, 1895, 1512, 3, 3.02%, 56, 0, 19, 325.00
1587901755, 1, 1170, 1896, 1513, 3, 3.02%, 56, 0, 19, 324.30
1587901786, 1, 1386, 1896, 1512, 4, 3.02%, 56, 0, 19, 305.73
1587901923, 1, 1386, 1897, 1513, 4, 3.02%, 56, 0, 19, 344.20
1587901928, 1, 1386, 1898, 1514, 4, 3.02%, 56, 0, 19, 340.94
1587901943, 1, 1446, 1898, 1513, 4, 3.02%, 56, 0, 19, 303.00
1587901948, 1, 1446, 1899, 1514, 4, 3.02%, 56, 0, 19, 287.44
1587901953, 1, 1446, 1901, 1516, 4, 3.02%, 56, 0, 19, 282.97
1587901963, 1, 1446, 1902, 1517, 4, 3.02%, 56, 0, 19, 288.07
1587901968, 1, 1446, 1903, 1518, 4, 3.02%, 56, 0, 19, 289.04
1587902091, 1, 1446, 1904, 1519, 4, 3.02%, 56, 0, 19, 295.44
1587902138, 1, 1446, 1907, 1522, 4, 3.02%, 56, 0, 19, 306.91
1587902143, 1, 1446, 1908, 1523, 4, 3.02%, 56, 0, 19, 318.45
1587902148, 1, 1446, 1910, 1525, 4, 3.02%, 56, 0, 19, 324.26
1587902153, 1, 1446, 1913, 1528, 4, 3.02%, 56, 0, 19, 317.10
1587902158, 1, 1446, 1914, 1529, 4, 3.02%, 56, 0, 19, 325.76
1587902168, 1, 1446, 1915, 1530, 4, 3.02%, 56, 0, 19, 323.33
1587902188, 1, 1446, 1916, 1531, 4, 3.02%, 56, 0, 19, 327.43
1587902193, 1, 1446, 1917, 1532, 4, 3.02%, 56, 0, 19, 321.07
1587902209, 1, 1446, 1918, 1533, 4, 3.02%, 56, 0, 19, 321.66
1587902214, 1, 1473, 1918, 1532, 4, 3.02%, 56, 0, 19, 314.11
1587902377, 1, 1618, 1919, 1532, 4, 3.02%, 56, 0, 19, 329.83
1587902382, 1, 1618, 1920, 1533, 4, 3.02%, 56, 0, 19, 323.92
1587902392, 1, 1626, 1920, 1533, 4, 3.02%, 56, 0, 19, 313.55
1587902586, 1, 1857, 1920, 1532, 4, 3.02%, 56, 0, 19, 286.66
1587902825, 1, 1868, 1920, 1531, 3, 3.02%, 56, 0, 19, 289.61
1587903131, 1, 1868, 1921, 1532, 3, 3.02%, 56, 0, 19, 312.51
1587903151, 1, 1869, 1921, 1531, 4, 3.02%, 56, 0, 19, 323.11
1587903344, 1, 1869, 1922, 1532, 4, 3.02%, 56, 0, 19, 332.69
1587903369, 1, 1889, 1922, 1531, 4, 3.02%, 56, 0, 19, 259.66
1587903896, 1, 1889, 1923, 1532, 4, 3.02%, 56, 0, 19, 255.17
1587903901, 1, 1889, 1925, 1534, 4, 3.02%, 56, 0, 19, 255.81
1587903937, 1, 1889, 1927, 1536, 4, 3.02%, 56, 0, 19, 267.15
1587903963, 1, 1889, 1928, 1537, 4, 3.02%, 56, 0, 19, 264.00
1587903973, 1, 1889, 1929, 1538, 4, 3.02%, 56, 0, 19, 268.76
1587903994, 1, 1893, 1929, 1537, 5, 3.02%, 56, 0, 19, 258.76
1587904004, 1, 1893, 1930, 1538, 5, 3.02%, 56, 0, 19, 254.44
1587904172, 1, 1893, 1930, 1538, 5, 3.02%, 57, 0, 19, 247.06
1587904293, 1, 1893, 1932, 1540, 5, 3.02%, 57, 0, 19, 279.28
1587904298, 1, 1893, 1933, 1541, 5, 3.02%, 57, 0, 19, 291.41
1587904304, 1, 1893, 1934, 1542, 5, 3.02%, 57, 0, 19, 285.87
1587904339, 1, 1893, 1935, 1543, 5, 3.02%, 57, 0, 19, 282.31
1587904344, 1, 1893, 1936, 1544, 5, 3.02%, 57, 0, 19, 296.99
1587904380, 1, 1920, 1937, 1544, 4, 3.02%, 57, 0, 19, 294.93
1587904736, 1, 1921, 1937, 1543, 3, 3.02%, 57, 0, 19, 305.43
1587904994, 1, 1921, 1938, 1544, 3, 3.03%, 57, 0, 19, 297.90
1587905060, 1, 1924, 1938, 1543, 3, 3.03%, 57, 0, 19, 258.96
1587905674, 1, 1925, 1938, 1542, 2, 3.03%, 57, 0, 19, 260.59
1587906058, 1, 1925, 1939, 1543, 2, 3.03%, 57, 0, 19, 280.04
1587906063, 1, 1925, 1940, 1544, 2, 3.03%, 57, 0, 19, 288.15
1587906073, 1, 1925, 1941, 1545, 2, 3.03%, 57, 0, 19, 263.54
1587906119, 1, 1925, 1942, 1546, 2, 3.03%, 57, 0, 19, 277.67
1587906129, 1, 1925, 1943, 1547, 2, 3.03%, 57, 0, 19, 293.27
1587906161, 1, 1925, 1944, 1548, 2, 3.03%, 57, 0, 19, 45.09
1587906176, 1, 1937, 1944, 1547, 1, 3.03%, 57, 0, 19, 248.74
1587906526, 1, 1939, 1944, 1546, 0, 3.03%, 57, 0, 19, 298.45
1587906951, 1, 1939, 1945, 1547, 0, 3.03%, 57, 0, 19, 301.26
1587906977, 1, 1940, 1951, 1552, 0, 3.03%, 57, 0, 19, 283.65
1587907370, 1, 1940, 1952, 1553, 0, 3.03%, 57, 0, 19, 292.51
1587907375, 1, 1940, 1954, 1555, 0, 3.03%, 57, 0, 19, 296.01
1587907380, 1, 1940, 1956, 1557, 0, 3.03%, 57, 0, 19, 292.07
1587907390, 1, 1940, 1957, 1558, 0, 3.03%, 57, 0, 19, 285.24
1587907400, 1, 1940, 1958, 1559, 0, 3.03%, 57, 0, 19, 296.23
1587907451, 1, 1951, 1958, 1558, 1, 3.03%, 57, 0, 19, 275.13
1587907456, 1, 1951, 1960, 1560, 1, 3.03%, 57, 0, 19, 244.69
1587908009, 1, 1951, 1963, 1563, 1, 3.03%, 57, 0, 19, 277.93
1587908014, 1, 1951, 1964, 1564, 1, 3.03%, 57, 0, 19, 286.66
1587908024, 1, 1951, 1966, 1566, 1, 3.03%, 57, 0, 19, 285.47
1587908029, 1, 1951, 1967, 1567, 1, 3.03%, 57, 0, 19, 279.54
1587908039, 1, 1951, 1968, 1568, 1, 3.03%, 57, 0, 19, 289.98
1587908086, 1, 1951, 1969, 1569, 1, 3.03%, 57, 0, 19, 283.19
1587908091, 1, 1952, 1970, 1569, 0, 3.03%, 57, 0, 19, 273.93
1587908544, 1, 1953, 1970, 1568, 0, 3.03%, 57, 0, 19, 298.04
1587908610, 1, 1953, 1971, 1569, 0, 3.03%, 57, 0, 19, 270.67
1587908930, 1, 1953, 1972, 1570, 0, 3.03%, 57, 0, 19, 293.05
1587908971, 1, 1962, 1972, 1569, 0, 3.03%, 57, 0, 19, 254.80
1587909790, 1, 1962, 1973, 1570, 0, 3.03%, 57, 0, 19, 251.76
1587909795, 1, 1962, 1975, 1572, 0, 3.03%, 57, 0, 19, 270.14
1587909820, 1, 1962, 1976, 1573, 0, 3.03%, 57, 0, 19, 256.31
1587909846, 1, 1962, 1977, 1574, 0, 3.03%, 57, 0, 19, 263.86
1587909856, 1, 1964, 1977, 1573, 0, 3.03%, 57, 0, 19, 233.60
1587909861, 1, 1964, 1983, 1579, 0, 3.03%, 57, 0, 19, 216.08
1587910656, 1, 1964, 1984, 1580, 0, 3.03%, 57, 0, 19, 253.30
1587910661, 1, 1964, 1985, 1581, 0, 3.03%, 57, 0, 19, 233.42
1587910677, 1, 1964, 1987, 1583, 0, 3.03%, 57, 0, 19, 251.87
1587910682, 1, 1964, 1988, 1584, 0, 3.03%, 57, 0, 19, 239.89
1587910718, 1, 1964, 1989, 1585, 0, 3.03%, 57, 0, 19, 258.30
1587910728, 1, 1967, 1989, 1584, 0, 3.03%, 57, 0, 19, 251.00
1587911378, 1, 1971, 1989, 1583, 0, 3.03%, 57, 0, 19, 274.33
1587911845, 1, 1971, 1990, 1584, 0, 3.03%, 57, 0, 19, 284.65
1587911850, 1, 1971, 1992, 1586, 0, 3.03%, 57, 0, 19, 294.51
1587911860, 1, 1971, 1994, 1588, 0, 3.03%, 57, 0, 19, 264.40
1587911881, 1, 1971, 1996, 1590, 0, 3.03%, 57, 0, 19, 289.00
1587911932, 1, 1972, 1996, 1589, 0, 3.03%, 57, 0, 19, 240.14
1587911937, 1, 1972, 1997, 1590, 0, 3.03%, 57, 0, 19, 222.67
1587912966, 1, 1976, 1997, 1589, 0, 3.03%, 57, 0, 19, 214.61
1587912976, 1, 1976, 1999, 1591, 0, 3.03%, 57, 0, 19, 189.85
1587914322, 1, 1983, 1999, 1590, 0, 3.03%, 57, 0, 19, 229.85
1587915015, 1, 1983, 2002, 1593, 0, 3.03%, 57, 0, 19, 240.00
1587915020, 1, 1983, 2003, 1594, 0, 3.03%, 57, 0, 19, 245.76
1587915031, 1, 1983, 2005, 1596, 0, 3.03%, 57, 0, 19, 249.48
1587915046, 1, 1983, 2006, 1597, 0, 3.03%, 57, 0, 19, 250.53
1587915061, 1, 1983, 2007, 1598, 0, 3.03%, 57, 0, 19, 247.89
1587915107, 1, 1992, 2008, 1598, 0, 3.03%, 57, 0, 19, 246.61
1587915626, 1, 1992, 2009, 1599, 0, 3.03%, 57, 0, 19, 285.80
1587915641, 1, 1992, 2010, 1600, 0, 3.03%, 57, 0, 19, 278.20
1587915703, 1, 1995, 2011, 1600, 0, 3.03%, 57, 0, 19, 248.42
1587915708, 1, 1995, 2012, 1601, 0, 3.03%, 57, 0, 19, 227.06
1587915982, 1, 1995, 2013, 1602, 0, 3.03%, 57, 0, 19, 239.36
1587916007, 1, 1995, 2014, 1603, 0, 3.03%, 57, 0, 19, 223.43
1587916307, 1, 1996, 2014, 1602, 0, 3.03%, 57, 0, 19, 241.03
1587917341, 1, 1996, 2015, 1603, 0, 3.03%, 57, 0, 19, 200.80
1587917357, 1, 1996, 2016, 1604, 0, 3.03%, 57, 0, 19, 244.04
1587917372, 1, 1996, 2017, 1605, 0, 3.03%, 57, 0, 19, 255.37
1587917429, 1, 1998, 2017, 1604, 0, 3.03%, 57, 0, 19, 163.94
1587917439, 1, 1998, 2018, 1605, 0, 3.03%, 57, 0, 19, 177.26
1587918785, 1, 2001, 2018, 1604, 0, 3.03%, 57, 0, 19, 237.82
1587919477, 1, 2008, 2018, 1603, 0, 3.03%, 57, 0, 19, 237.53
1587919482, 1, 2008, 2020, 1605, 0, 3.03%, 57, 0, 19, 219.15
1587920194, 1, 2011, 2021, 1605, 0, 3.03%, 57, 0, 19, 241.55
1587920778, 1, 2011, 2023, 1607, 0, 3.03%, 57, 0, 19, 246.48
1587920788, 1, 2011, 2024, 1608, 0, 3.03%, 57, 0, 19, 256.72
1587920798, 1, 2011, 2026, 1610, 0, 3.03%, 57, 0, 19, 268.28
1587920803, 1, 2011, 2027, 1611, 0, 3.03%, 57, 0, 19, 255.37
1587920813, 1, 2011, 2028, 1612, 0, 3.03%, 57, 0, 19, 256.66
1587920818, 1, 2011, 2029, 1613, 0, 3.03%, 57, 0, 19, 265.12
1587920833, 1, 2011, 2030, 1614, 0, 3.03%, 57, 0, 19, 265.52
1587920838, 1, 2011, 2031, 1615, 0, 3.03%, 57, 0, 19, 273.21
1587920849, 1, 2011, 2032, 1616, 0, 3.03%, 57, 0, 19, 272.71
1587920854, 1, 2011, 2033, 1617, 0, 3.03%, 57, 0, 19, 264.71
1587920869, 1, 2013, 2033, 1616, 0, 3.03%, 57, 0, 19, 232.62
1587921475, 1, 2014, 2035, 1617, 0, 3.03%, 57, 0, 19, 190.23
1587921485, 1, 2014, 2036, 1618, 0, 3.03%, 57, 0, 19, 163.83
