# unix_time, cycles_done, cur_path, paths_total, pending_total, pending_favs, map_size, unique_crashes, unique_hangs, max_depth, execs_per_sec
1587588962, 0, 0, 1, 1, 1, 0.07%, 0, 0, 1, 380.95
1587588967, 0, 0, 21, 21, 1, 0.46%, 0, 0, 2, 644.28
1587588972, 0, 0, 42, 42, 1, 0.64%, 0, 0, 2, 649.73
1587588977, 0, 0, 56, 56, 1, 0.71%, 0, 0, 2, 678.18
1587588982, 0, 0, 62, 62, 1, 0.71%, 0, 0, 2, 688.86
1587588988, 0, 0, 74, 74, 1, 0.91%, 0, 0, 2, 675.08
1587588993, 0, 0, 82, 82, 1, 0.92%, 0, 0, 2, 668.80
1587588998, 0, 0, 84, 84, 1, 0.93%, 0, 0, 2, 648.36
1587589003, 0, 0, 86, 86, 1, 0.97%, 0, 0, 2, 682.34
1587589013, 0, 0, 88, 88, 1, 0.97%, 0, 0, 2, 662.53
1587589018, 0, 0, 91, 91, 1, 0.98%, 0, 0, 2, 665.18
1587589023, 0, 9, 92, 91, 30, 0.98%, 0, 0, 2, 655.63
1587589028, 0, 10, 92, 90, 29, 0.98%, 0, 0, 2, 670.32
1587589034, 0, 11, 92, 89, 28, 0.98%, 0, 0, 2, 642.25
1587589044, 0, 11, 95, 92, 28, 0.98%, 0, 0, 3, 628.52
1587589049, 0, 18, 95, 91, 27, 0.98%, 0, 0, 3, 620.94
1587589054, 0, 21, 95, 90, 26, 0.98%, 0, 0, 3, 605.83
1587589059, 0, 21, 96, 91, 26, 0.99%, 0, 0, 3, 616.38
1587589064, 0, 23, 101, 95, 26, 1.02%, 0, 0, 3, 622.62
1587589069, 0, 23, 106, 100, 26, 1.03%, 0, 0, 3, 605.60
1587589074, 0, 23, 111, 105, 26, 1.04%, 0, 0, 3, 576.81
1587589079, 0, 23, 115, 109, 26, 1.06%, 0, 0, 3, 507.75
1587589089, 0, 23, 116, 110, 26, 1.06%, 0, 0, 3, 577.79
1587589094, 0, 23, 122, 116, 26, 1.06%, 0, 0, 3, 592.09
1587589099, 0, 23, 125, 119, 26, 1.09%, 0, 0, 3, 595.67
1587589105, 0, 23, 126, 120, 26, 1.09%, 0, 0, 3, 594.59
1587589110, 0, 25, 127, 120, 31, 1.09%, 0, 0, 3, 599.80
1587589125, 0, 28, 127, 119, 30, 1.09%, 0, 0, 3, 577.36
1587589135, 0, 28, 128, 120, 30, 1.10%, 0, 0, 3, 574.30
1587589140, 0, 28, 131, 123, 30, 1.16%, 0, 0, 3, 572.43
1587589145, 0, 28, 134, 126, 30, 1.17%, 0, 0, 3, 565.42
1587589155, 0, 28, 135, 127, 30, 1.17%, 0, 0, 3, 568.32
1587589160, 0, 28, 137, 129, 30, 1.18%, 0, 0, 3, 545.69
1587589170, 0, 28, 138, 130, 30, 1.18%, 0, 0, 3, 554.13
1587589185, 0, 28, 140, 132, 30, 1.18%, 0, 0, 3, 556.58
1587589196, 0, 28, 142, 134, 30, 1.19%, 0, 0, 3, 573.22
1587589201, 0, 32, 142, 132, 31, 1.19%, 0, 0, 3, 590.26
1587589216, 0, 37, 142, 130, 29, 1.19%, 0, 0, 3, 582.00
1587589221, 0, 43, 144, 130, 27, 1.19%, 0, 0, 3, 593.59
1587589226, 0, 43, 147, 133, 27, 1.19%, 0, 0, 3, 595.73
1587589232, 0, 43, 149, 135, 27, 1.19%, 0, 0, 3, 582.50
1587589237, 0, 43, 151, 137, 27, 1.21%, 0, 0, 3, 591.28
1587589252, 0, 43, 154, 140, 27, 1.21%, 0, 0, 3, 588.45
1587589262, 0, 43, 157, 143, 27, 1.26%, 0, 0, 3, 589.75
1587589277, 0, 46, 158, 143, 29, 1.27%, 0, 0, 3, 602.47
1587589282, 0, 48, 158, 142, 28, 1.27%, 0, 0, 3, 600.80
1587589287, 0, 49, 158, 141, 27, 1.27%, 0, 0, 3, 604.44
1587589292, 0, 50, 158, 140, 26, 1.27%, 0, 0, 3, 610.68
1587589302, 0, 64, 164, 145, 25, 1.29%, 0, 0, 3, 608.23
1587589307, 0, 64, 176, 157, 25, 1.31%, 0, 0, 3, 601.58
1587589312, 0, 64, 184, 165, 25, 1.31%, 0, 0, 3, 610.54
1587589317, 0, 64, 187, 168, 25, 1.31%, 0, 0, 3, 601.45
1587589328, 0, 64, 192, 173, 25, 1.31%, 0, 0, 3, 596.42
1587589333, 0, 64, 194, 175, 25, 1.31%, 0, 0, 3, 600.76
1587589338, 0, 64, 197, 178, 25, 1.31%, 0, 0, 3, 594.91
1587589343, 0, 64, 200, 181, 25, 1.31%, 0, 0, 3, 591.09
1587589348, 0, 64, 202, 183, 25, 1.31%, 0, 0, 3, 601.92
1587589353, 0, 64, 204, 185, 25, 1.32%, 0, 0, 3, 596.54
1587589358, 0, 66, 204, 184, 28, 1.32%, 0, 0, 3, 584.72
1587589363, 0, 68, 204, 183, 27, 1.32%, 0, 0, 3, 605.16
1587589379, 0, 76, 204, 182, 26, 1.32%, 0, 0, 3, 517.53
1587589399, 0, 76, 205, 183, 26, 1.41%, 0, 0, 3, 574.82
1587589404, 0, 83, 206, 183, 26, 1.41%, 0, 0, 3, 581.13
1587589424, 0, 83, 208, 185, 26, 1.41%, 0, 0, 3, 576.98
1587589430, 0, 83, 211, 188, 26, 1.41%, 0, 0, 3, 575.80
1587589435, 0, 83, 213, 190, 26, 1.41%, 0, 0, 3, 567.36
1587589440, 0, 83, 214, 191, 26, 1.41%, 0, 0, 3, 561.95
1587589445, 0, 83, 215, 192, 26, 1.41%, 0, 0, 3, 552.62
1587589450, 0, 83, 216, 193, 26, 1.41%, 0, 0, 3, 577.50
1587589460, 0, 83, 219, 196, 26, 1.41%, 0, 0, 3, 578.95
1587589471, 0, 84, 228, 204, 25, 1.41%, 0, 0, 3, 583.28
1587589481, 0, 84, 230, 206, 25, 1.41%, 0, 0, 3, 589.27
1587589486, 0, 84, 239, 215, 25, 1.41%, 0, 0, 3, 584.36
1587589491, 0, 84, 243, 219, 25, 1.41%, 0, 0, 3, 568.79
1587589496, 0, 84, 248, 224, 25, 1.41%, 0, 0, 3, 582.78
1587589501, 0, 84, 251, 227, 25, 1.41%, 0, 0, 3, 570.75
1587589506, 0, 84, 254, 230, 25, 1.41%, 0, 0, 3, 592.69
1587589516, 0, 84, 258, 234, 25, 1.41%, 0, 0, 3, 590.03
1587589522, 0, 84, 260, 236, 25, 1.41%, 0, 0, 3, 589.21
1587589537, 0, 90, 263, 238, 23, 1.41%, 0, 0, 3, 592.93
1587589542, 0, 96, 263, 237, 22, 1.41%, 0, 0, 3, 616.21
1587589547, 0, 98, 263, 236, 21, 1.41%, 0, 0, 3, 610.41
1587589552, 0, 98, 264, 237, 21, 1.41%, 0, 0, 4, 577.44
1587589557, 0, 109, 264, 236, 20, 1.41%, 0, 0, 4, 583.78
1587589562, 0, 109, 266, 238, 20, 1.41%, 0, 0, 4, 584.84
1587589567, 0, 111, 266, 237, 19, 1.41%, 0, 0, 4, 582.20
1587589573, 0, 127, 266, 235, 17, 1.41%, 0, 0, 4, 574.78
1587589593, 0, 129, 266, 234, 16, 1.41%, 0, 0, 4, 594.23
1587589608, 0, 149, 266, 232, 14, 1.41%, 0, 0, 4, 596.43
1587589623, 0, 156, 266, 231, 13, 1.41%, 0, 0, 4, 606.39
1587589628, 0, 162, 266, 230, 12, 1.41%, 0, 0, 4, 602.23
1587589638, 0, 163, 266, 229, 11, 1.41%, 0, 0, 4, 614.22
1587589644, 0, 170, 266, 228, 10, 1.41%, 0, 0, 4, 600.22
1587589654, 0, 171, 266, 227, 9, 1.41%, 0, 0, 4, 618.52
1587589664, 0, 185, 266, 226, 8, 1.41%, 0, 0, 4, 605.11
1587589674, 0, 185, 268, 228, 8, 1.41%, 0, 0, 4, 571.56
1587589684, 0, 188, 269, 228, 7, 1.43%, 0, 0, 4, 586.43
1587589699, 0, 191, 269, 227, 7, 1.43%, 0, 0, 4, 608.97
1587589709, 0, 191, 272, 230, 7, 1.43%, 0, 0, 4, 617.77
1587589714, 0, 191, 275, 233, 7, 1.43%, 0, 0, 4, 615.52
1587589719, 0, 191, 276, 234, 7, 1.43%, 0, 0, 4, 596.51
1587589730, 0, 191, 278, 236, 7, 1.43%, 0, 0, 4, 595.17
1587589740, 0, 191, 279, 237, 7, 1.43%, 0, 0, 4, 589.19
1587589745, 0, 191, 280, 238, 7, 1.43%, 0, 0, 4, 600.26
1587589750, 0, 201, 280, 237, 6, 1.43%, 0, 0, 4, 598.07
1587589765, 0, 202, 280, 236, 5, 1.43%, 0, 0, 4, 574.12
1587589786, 0, 202, 281, 237, 5, 1.43%, 0, 0, 4, 584.50
1587589791, 0, 202, 283, 239, 5, 1.43%, 0, 0, 4, 581.93
1587589801, 0, 202, 284, 240, 5, 1.43%, 0, 0, 4, 568.09
1587589806, 0, 202, 285, 241, 5, 1.43%, 0, 0, 4, 583.71
1587589811, 0, 202, 286, 242, 5, 1.43%, 0, 0, 4, 562.73
1587589816, 0, 202, 287, 243, 5, 1.43%, 0, 0, 4, 565.30
1587589826, 0, 204, 287, 242, 5, 1.43%, 0, 0, 4, 534.77
1587589852, 0, 219, 287, 241, 4, 1.43%, 0, 0, 4, 607.08
1587589862, 0, 219, 290, 244, 4, 1.43%, 0, 0, 4, 576.40
1587589873, 0, 219, 291, 245, 4, 1.43%, 0, 0, 4, 582.34
1587589888, 0, 219, 292, 246, 4, 1.43%, 0, 0, 4, 547.47
1587589903, 0, 219, 293, 247, 4, 1.43%, 0, 0, 4, 600.19
1587589919, 0, 220, 293, 246, 3, 1.43%, 0, 0, 4, 579.82
1587589934, 0, 222, 293, 245, 2, 1.43%, 0, 0, 4, 613.37
1587589949, 0, 222, 295, 247, 2, 1.43%, 0, 0, 4, 596.24
1587589954, 0, 222, 296, 248, 2, 1.43%, 0, 0, 4, 572.77
1587589965, 0, 222, 297, 249, 2, 1.43%, 0, 0, 4, 571.49
1587589995, 0, 268, 301, 252, 1, 1.51%, 0, 0, 5, 554.61
1587590000, 0, 268, 303, 254, 1, 1.53%, 0, 0, 5, 596.99
1587590010, 0, 268, 304, 255, 1, 1.53%, 0, 0, 5, 585.49
1587590016, 0, 268, 307, 258, 1, 1.53%, 0, 0, 5, 583.28
1587590021, 0, 268, 308, 259, 1, 1.53%, 0, 0, 5, 577.07
1587590026, 0, 268, 309, 260, 1, 1.53%, 0, 0, 5, 586.94
1587590031, 0, 268, 310, 261, 1, 1.53%, 0, 0, 5, 564.86
1587590067, 0, 297, 311, 261, 7, 1.53%, 0, 0, 6, 575.18
1587590072, 0, 297, 313, 263, 7, 1.55%, 0, 0, 6, 594.31
1587590087, 0, 299, 314, 263, 9, 1.55%, 0, 0, 6, 582.25
1587590108, 0, 299, 318, 267, 9, 1.55%, 0, 0, 6, 577.01
1587590118, 0, 299, 319, 268, 9, 1.55%, 0, 0, 6, 568.43
1587590138, 0, 299, 320, 269, 9, 1.55%, 0, 0, 6, 582.38
1587590158, 0, 300, 321, 269, 9, 1.55%, 0, 0, 6, 574.80
1587590163, 0, 300, 322, 270, 9, 1.55%, 0, 0, 6, 571.06
1587590178, 0, 301, 322, 269, 9, 1.55%, 0, 0, 6, 601.49
1587590183, 0, 301, 324, 271, 9, 1.56%, 0, 0, 6, 596.75
1587590194, 0, 301, 325, 272, 9, 1.57%, 0, 0, 6, 595.99
1587590199, 0, 301, 326, 273, 9, 1.57%, 0, 0, 6, 597.28
1587590204, 0, 301, 327, 274, 9, 1.57%, 0, 0, 6, 598.13
1587590209, 0, 301, 328, 275, 9, 1.57%, 0, 0, 6, 603.15
1587590219, 0, 301, 329, 276, 9, 1.57%, 0, 0, 6, 586.43
1587590224, 0, 301, 330, 277, 9, 1.57%, 0, 0, 6, 578.52
1587590250, 0, 302, 332, 278, 14, 1.57%, 0, 0, 6, 599.74
1587590255, 0, 302, 334, 280, 14, 1.57%, 0, 0, 6, 604.83
1587590265, 0, 302, 336, 282, 14, 1.57%, 0, 0, 6, 600.44
1587590280, 0, 305, 336, 281, 14, 1.57%, 0, 0, 6, 521.14
1587590285, 0, 305, 337, 282, 14, 1.57%, 0, 0, 6, 490.14
1587590305, 0, 305, 338, 283, 14, 1.57%, 0, 0, 6, 585.35
1587590311, 0, 305, 339, 284, 14, 1.57%, 0, 0, 6, 572.67
1587590316, 0, 305, 341, 286, 14, 1.57%, 0, 0, 6, 585.04
1587590321, 0, 305, 343, 288, 14, 1.57%, 0, 0, 6, 566.08
1587590326, 0, 305, 344, 289, 14, 1.57%, 0, 0, 6, 572.36
1587590336, 0, 305, 346, 291, 14, 1.57%, 0, 0, 6, 554.75
1587590341, 0, 305, 347, 292, 14, 1.57%, 0, 0, 6, 555.89
1587590346, 0, 308, 348, 292, 14, 1.57%, 0, 0, 6, 550.28
1587590362, 0, 310, 348, 291, 13, 1.57%, 0, 0, 6, 564.21
1587590377, 0, 310, 349, 292, 13, 1.57%, 0, 0, 7, 594.85
1587590387, 0, 311, 349, 291, 12, 1.57%, 0, 0, 7, 581.16
1587590408, 0, 311, 351, 293, 12, 1.57%, 0, 0, 7, 576.62
1587590413, 0, 311, 352, 294, 12, 1.57%, 0, 0, 7, 595.17
1587590433, 0, 311, 354, 296, 12, 1.57%, 0, 0, 7, 586.27
1587590443, 0, 312, 354, 295, 11, 1.57%, 0, 0, 7, 564.54
1587590469, 0, 313, 354, 294, 10, 1.57%, 0, 0, 7, 580.00
1587590484, 0, 313, 355, 295, 10, 1.57%, 0, 0, 7, 577.30
1587590489, 0, 321, 355, 294, 9, 1.57%, 0, 0, 7, 572.21
1587590494, 0, 321, 356, 295, 9, 1.57%, 0, 0, 7, 556.33
1587590504, 0, 321, 357, 296, 9, 1.57%, 0, 0, 7, 578.23
1587590514, 0, 322, 357, 295, 8, 1.57%, 0, 0, 7, 558.79
1587590535, 0, 323, 357, 294, 7, 1.57%, 0, 0, 7, 583.12
1587590550, 0, 323, 359, 296, 7, 1.57%, 0, 0, 7, 586.12
1587590560, 0, 324, 359, 295, 6, 1.57%, 0, 0, 7, 557.70
1587590595, 0, 329, 359, 294, 5, 1.57%, 0, 0, 7, 559.42
1587590611, 0, 329, 362, 297, 5, 1.57%, 0, 0, 7, 581.21
1587590616, 0, 329, 363, 298, 5, 1.57%, 0, 0, 7, 583.80
1587590626, 0, 329, 364, 299, 5, 1.57%, 0, 0, 7, 578.75
1587590631, 0, 329, 365, 300, 5, 1.57%, 0, 0, 7, 571.95
1587590641, 0, 329, 366, 301, 5, 1.57%, 0, 0, 7, 574.38
1587590667, 0, 332, 366, 300, 4, 1.57%, 0, 0, 7, 580.76
1587590682, 0, 338, 366, 299, 3, 1.57%, 0, 0, 7, 580.26
1587590687, 0, 338, 371, 304, 3, 1.58%, 0, 0, 7, 559.60
1587590692, 0, 338, 372, 305, 3, 1.58%, 0, 0, 7, 549.56
1587590712, 0, 338, 373, 306, 3, 1.59%, 0, 0, 7, 575.89
1587590717, 0, 338, 377, 310, 3, 1.59%, 0, 0, 7, 573.18
1587590732, 0, 338, 378, 311, 3, 1.59%, 0, 0, 7, 580.87
1587590743, 0, 338, 379, 312, 3, 1.59%, 0, 0, 7, 572.66
1587590748, 0, 338, 381, 314, 3, 1.59%, 0, 0, 7, 561.82
1587590753, 0, 338, 382, 315, 3, 1.59%, 0, 0, 7, 569.74
1587590768, 0, 338, 383, 316, 3, 1.59%, 0, 0, 7, 580.52
1587590773, 0, 367, 383, 315, 11, 1.59%, 0, 0, 7, 559.42
1587590778, 0, 367, 384, 316, 11, 1.59%, 0, 0, 8, 556.74
1587590809, 0, 368, 386, 317, 11, 1.59%, 0, 0, 8, 578.30
1587590829, 0, 368, 388, 319, 11, 1.59%, 0, 0, 8, 578.07
1587590834, 0, 368, 389, 320, 11, 1.59%, 0, 0, 8, 578.93
1587590839, 0, 368, 391, 322, 11, 1.59%, 0, 0, 8, 595.79
1587590850, 0, 368, 393, 324, 11, 1.59%, 0, 0, 8, 601.80
1587590865, 0, 368, 394, 325, 11, 1.65%, 0, 0, 8, 572.94
1587590870, 0, 370, 394, 324, 12, 1.65%, 0, 0, 8, 576.28
1587590880, 0, 370, 395, 325, 12, 1.65%, 0, 0, 8, 509.89
1587590905, 0, 371, 395, 324, 12, 1.65%, 0, 0, 8, 564.53
1587590936, 0, 371, 397, 326, 12, 1.65%, 0, 0, 8, 546.82
1587590941, 0, 371, 399, 328, 12, 1.65%, 0, 0, 8, 551.50
1587590946, 0, 371, 400, 329, 12, 1.65%, 0, 0, 8, 547.16
1587590956, 0, 371, 401, 330, 12, 1.66%, 0, 0, 8, 543.23
1587590961, 0, 371, 402, 331, 12, 1.66%, 0, 0, 8, 560.62
1587590966, 0, 371, 403, 332, 12, 1.66%, 0, 0, 8, 559.87
1587590971, 0, 371, 404, 333, 12, 1.66%, 0, 0, 8, 568.44
1587590976, 0, 371, 405, 334, 12, 1.66%, 0, 0, 8, 559.11
1587590996, 0, 372, 405, 333, 13, 1.66%, 0, 0, 8, 566.38
1587591032, 0, 373, 405, 332, 12, 1.66%, 0, 0, 8, 547.54
1587591067, 0, 373, 406, 333, 12, 1.66%, 0, 0, 8, 559.82
1587591072, 0, 373, 407, 334, 12, 1.66%, 0, 0, 8, 471.23
1587591077, 0, 373, 408, 335, 12, 1.66%, 0, 0, 8, 535.16
1587591093, 0, 373, 409, 336, 12, 1.66%, 0, 0, 8, 558.07
1587591108, 0, 373, 410, 337, 12, 1.66%, 0, 0, 8, 564.07
1587591113, 0, 377, 412, 338, 11, 1.66%, 0, 0, 8, 542.18
1587591123, 0, 377, 413, 339, 11, 1.66%, 0, 0, 8, 547.37
1587591148, 0, 383, 413, 338, 11, 1.66%, 0, 0, 8, 548.04
1587591174, 0, 385, 413, 337, 10, 1.66%, 0, 0, 8, 575.10
1587591179, 0, 385, 414, 338, 10, 1.66%, 0, 0, 9, 530.45
1587591194, 0, 385, 415, 339, 10, 1.66%, 0, 0, 9, 549.47
1587591204, 0, 388, 415, 338, 10, 1.66%, 0, 0, 9, 576.23
1587591209, 0, 388, 416, 339, 10, 1.66%, 0, 0, 9, 556.42
1587591235, 0, 393, 416, 338, 10, 1.66%, 0, 0, 9, 553.08
1587591240, 0, 393, 418, 340, 10, 1.66%, 0, 0, 9, 555.48
1587591245, 0, 393, 419, 341, 10, 1.66%, 0, 0, 9, 565.92
1587591255, 0, 393, 421, 343, 10, 1.67%, 0, 0, 9, 562.87
1587591260, 0, 393, 423, 345, 10, 1.67%, 0, 0, 9, 577.48
1587591265, 0, 393, 424, 346, 10, 1.67%, 0, 0, 9, 586.33
1587591270, 0, 393, 425, 347, 10, 1.67%, 0, 0, 9, 581.77
1587591286, 0, 394, 426, 347, 13, 1.67%, 0, 0, 9, 566.85
1587591316, 0, 394, 427, 348, 13, 1.67%, 0, 0, 9, 569.36
1587591321, 0, 394, 430, 351, 13, 1.67%, 0, 0, 9, 570.44
1587591337, 0, 394, 432, 353, 13, 1.67%, 0, 0, 9, 513.82
1587591347, 0, 394, 433, 354, 13, 1.67%, 0, 0, 9, 556.76
1587591362, 0, 397, 433, 353, 12, 1.67%, 0, 0, 9, 549.80
1587591393, 0, 405, 433, 352, 11, 1.67%, 0, 0, 9, 563.91
1587591423, 0, 405, 434, 353, 11, 1.67%, 0, 0, 9, 537.75
1587591428, 0, 405, 435, 354, 11, 1.67%, 0, 0, 9, 558.15
1587591459, 0, 410, 435, 353, 10, 1.67%, 0, 0, 9, 554.04
1587591464, 0, 410, 436, 354, 10, 1.67%, 0, 0, 9, 537.30
1587591500, 0, 412, 436, 353, 10, 1.67%, 0, 0, 9, 536.42
1587591535, 0, 412, 437, 354, 10, 1.67%, 0, 0, 9, 569.97
1587591545, 0, 413, 437, 353, 9, 1.67%, 0, 0, 9, 565.70
1587591565, 0, 413, 438, 354, 9, 1.67%, 0, 0, 10, 582.76
1587591576, 0, 415, 438, 353, 8, 1.67%, 0, 0, 10, 567.98
1587591601, 0, 416, 438, 352, 7, 1.67%, 0, 0, 10, 569.44
1587591622, 0, 416, 439, 353, 7, 1.68%, 0, 0, 10, 567.24
1587591637, 0, 417, 439, 352, 8, 1.68%, 0, 0, 10, 566.11
1587591657, 0, 417, 440, 353, 8, 1.68%, 0, 0, 10, 560.11
1587591672, 0, 421, 442, 354, 7, 1.78%, 0, 0, 10, 544.70
1587591682, 0, 421, 443, 355, 7, 1.78%, 0, 0, 10, 548.72
1587591703, 0, 421, 445, 357, 7, 1.78%, 0, 0, 10, 556.57
1587591708, 0, 421, 449, 361, 7, 1.78%, 0, 0, 10, 545.47
1587591718, 0, 421, 453, 365, 7, 1.81%, 0, 0, 10, 537.92
1587591723, 0, 421, 454, 366, 7, 1.81%, 0, 0, 10, 549.78
1587591728, 0, 421, 455, 367, 7, 1.81%, 0, 0, 10, 555.93
1587591738, 0, 421, 456, 368, 7, 1.81%, 0, 0, 10, 553.71
1587591748, 0, 423, 457, 368, 8, 1.82%, 0, 0, 10, 549.64
1587591789, 0, 424, 457, 367, 8, 1.82%, 0, 0, 10, 501.66
1587591820, 0, 424, 458, 368, 8, 1.82%, 0, 0, 10, 553.41
1587591825, 0, 424, 459, 369, 8, 1.82%, 0, 0, 10, 543.61
1587591861, 0, 424, 460, 370, 8, 1.82%, 0, 0, 10, 331.84
1587591866, 0, 435, 460, 369, 7, 1.82%, 0, 0, 10, 509.02
1587591906, 0, 438, 460, 368, 6, 1.82%, 0, 0, 10, 555.03
1587591937, 0, 439, 460, 367, 5, 1.82%, 0, 0, 10, 557.77
1587591967, 0, 439, 463, 370, 5, 1.82%, 0, 0, 11, 556.66
1587591997, 0, 441, 464, 370, 4, 1.84%, 0, 0, 11, 547.01
1587592028, 0, 441, 465, 371, 4, 1.84%, 0, 0, 11, 563.80
1587592033, 0, 441, 467, 373, 4, 1.85%, 0, 0, 11, 561.87
1587592043, 0, 441, 469, 375, 4, 1.90%, 0, 0, 11, 553.78
1587592058, 0, 441, 470, 376, 4, 1.90%, 0, 0, 11, 550.99
1587592068, 0, 449, 472, 377, 8, 1.90%, 0, 0, 11, 533.28
1587592073, 0, 449, 474, 379, 8, 1.93%, 0, 0, 11, 545.72
1587592083, 0, 449, 476, 381, 8, 1.94%, 0, 0, 11, 480.98
1587592104, 0, 449, 477, 382, 8, 1.95%, 0, 0, 11, 564.07
1587592114, 0, 449, 479, 384, 8, 1.95%, 0, 0, 11, 540.18
1587592119, 0, 449, 480, 385, 8, 1.95%, 0, 0, 11, 560.26
1587592129, 0, 449, 481, 386, 8, 1.95%, 0, 0, 11, 535.18
1587592134, 0, 449, 482, 387, 8, 1.95%, 0, 0, 11, 536.86
1587592139, 0, 449, 483, 388, 8, 1.97%, 0, 0, 11, 531.81
1587592160, 0, 452, 484, 388, 14, 1.97%, 0, 0, 11, 520.83
1587592206, 0, 452, 485, 389, 14, 1.97%, 0, 0, 11, 538.65
1587592221, 0, 456, 486, 389, 14, 1.97%, 0, 0, 11, 546.97
1587592261, 0, 463, 486, 388, 14, 1.97%, 0, 0, 11, 538.60
1587592292, 0, 463, 487, 389, 14, 1.97%, 0, 0, 12, 549.64
1587592297, 0, 463, 488, 390, 14, 1.97%, 0, 0, 12, 531.68
1587592337, 0, 464, 488, 389, 13, 1.97%, 0, 0, 12, 543.61
1587592348, 0, 464, 489, 390, 13, 1.97%, 0, 0, 12, 549.79
1587592368, 0, 464, 490, 391, 13, 1.97%, 0, 0, 12, 536.72
1587592388, 0, 468, 490, 390, 12, 1.97%, 0, 0, 12, 538.86
1587592434, 0, 468, 491, 391, 12, 1.97%, 0, 0, 12, 543.93
1587592449, 0, 472, 491, 390, 11, 1.97%, 0, 0, 12, 531.21
1587592454, 0, 472, 492, 391, 11, 1.98%, 0, 0, 12, 536.62
1587592464, 0, 472, 493, 392, 11, 1.98%, 0, 0, 12, 539.39
1587592479, 0, 472, 494, 393, 11, 1.98%, 0, 0, 12, 558.42
1587592495, 0, 472, 495, 394, 11, 1.98%, 0, 0, 12, 553.36
1587592505, 0, 472, 496, 395, 11, 1.98%, 0, 0, 12, 496.37
1587592535, 0, 474, 496, 394, 11, 1.98%, 0, 0, 12, 550.27
1587592545, 0, 474, 497, 395, 11, 1.98%, 0, 0, 12, 554.31
1587592581, 0, 475, 498, 395, 11, 1.99%, 0, 0, 12, 549.11
1587592586, 0, 475, 499, 396, 11, 1.99%, 0, 0, 12, 563.59
1587592631, 0, 476, 499, 395, 12, 1.99%, 0, 0, 12, 534.92
1587592677, 0, 476, 500, 396, 12, 1.99%, 0, 0, 12, 572.80
1587592692, 0, 476, 501, 397, 12, 1.99%, 0, 0, 12, 568.35
1587592718, 0, 482, 506, 401, 11, 1.99%, 0, 0, 12, 558.48
1587592723, 0, 482, 507, 402, 11, 1.99%, 0, 0, 12, 540.89
1587592728, 0, 482, 508, 403, 11, 1.99%, 0, 0, 12, 534.00
1587592759, 0, 482, 509, 404, 11, 1.99%, 0, 0, 12, 435.36
1587592774, 0, 482, 510, 405, 11, 1.99%, 0, 0, 12, 515.29
1587592779, 0, 482, 515, 410, 11, 1.99%, 0, 0, 12, 542.50
1587592789, 0, 482, 517, 412, 11, 1.99%, 0, 0, 12, 559.38
1587592804, 0, 482, 518, 413, 11, 1.99%, 0, 0, 12, 540.70
1587592810, 0, 483, 518, 412, 12, 1.99%, 0, 0, 12, 524.19
1587592866, 0, 483, 519, 413, 12, 1.99%, 0, 0, 12, 68.40
1587592871, 0, 483, 520, 414, 12, 1.99%, 0, 0, 12, 495.33
1587592892, 0, 485, 520, 413, 11, 1.99%, 0, 0, 12, 550.64
1587592922, 0, 485, 521, 414, 11, 1.99%, 0, 0, 12, 565.29
1587592938, 0, 486, 521, 413, 10, 1.99%, 0, 0, 12, 545.07
1587592943, 0, 486, 522, 414, 10, 1.99%, 0, 0, 13, 523.33
1587592993, 0, 489, 522, 413, 10, 1.99%, 0, 0, 13, 484.61
1587593009, 0, 489, 523, 414, 10, 1.99%, 0, 0, 13, 536.53
1587593039, 0, 491, 523, 413, 10, 1.99%, 0, 0, 13, 550.37
1587593080, 0, 491, 524, 414, 10, 1.99%, 0, 0, 13, 422.10
1587593096, 0, 491, 525, 415, 10, 1.99%, 0, 0, 13, 530.69
1587593101, 0, 491, 526, 416, 10, 1.99%, 0, 0, 13, 538.76
1587593111, 0, 491, 527, 417, 10, 1.99%, 0, 0, 13, 579.26
1587593126, 0, 492, 528, 417, 9, 1.99%, 0, 0, 13, 579.71
1587593177, 0, 493, 528, 416, 9, 1.99%, 0, 0, 13, 565.86
1587593218, 0, 493, 529, 417, 9, 1.99%, 0, 0, 13, 551.33
1587593233, 0, 493, 530, 418, 9, 1.99%, 0, 0, 13, 565.39
1587593259, 0, 496, 530, 417, 8, 1.99%, 0, 0, 13, 576.54
1587593305, 0, 497, 531, 417, 7, 1.99%, 0, 0, 13, 582.55
1587593350, 0, 498, 531, 416, 7, 1.99%, 0, 0, 13, 574.91
1587593391, 0, 498, 532, 417, 7, 1.99%, 0, 0, 13, 570.96
1587593406, 0, 504, 532, 416, 6, 1.99%, 0, 0, 13, 546.87
1587593463, 0, 504, 533, 417, 6, 1.99%, 0, 0, 13, 541.76
1587593468, 0, 504, 534, 418, 6, 1.99%, 0, 0, 13, 531.57
1587593488, 0, 504, 535, 419, 6, 1.99%, 0, 0, 13, 550.65
1587593504, 0, 515, 538, 421, 5, 1.99%, 0, 0, 13, 531.80
1587593569, 0, 515, 539, 422, 5, 1.99%, 0, 0, 13, 530.91
1587593574, 0, 515, 540, 423, 5, 1.99%, 0, 0, 13, 545.47
1587593580, 0, 515, 542, 425, 5, 1.99%, 0, 0, 13, 487.36
1587593585, 0, 515, 543, 426, 5, 1.99%, 0, 0, 13, 370.83
1587593600, 0, 515, 544, 427, 5, 1.99%, 0, 0, 13, 551.84
1587593605, 0, 515, 545, 428, 5, 1.99%, 0, 0, 13, 538.40
1587593615, 0, 521, 546, 428, 4, 1.99%, 0, 0, 13, 538.11
1587593656, 0, 521, 547, 429, 4, 1.99%, 0, 0, 14, 543.33
1587593661, 0, 521, 549, 431, 4, 1.99%, 0, 0, 14, 549.05
1587593686, 0, 521, 550, 432, 4, 2.00%, 0, 0, 14, 564.05
1587593702, 0, 527, 551, 432, 3, 2.00%, 0, 0, 14, 559.10
1587593707, 0, 527, 552, 433, 3, 2.00%, 0, 0, 14, 569.30
1587593753, 0, 530, 552, 432, 4, 2.00%, 0, 0, 14, 567.94
1587593793, 0, 530, 553, 433, 4, 2.00%, 0, 0, 14, 582.77
1587593798, 0, 530, 554, 434, 4, 2.00%, 0, 0, 14, 594.49
1587593819, 0, 549, 554, 433, 4, 2.00%, 0, 0, 14, 560.76
1587593824, 0, 549, 555, 434, 4, 2.00%, 0, 0, 15, 529.95
1587593844, 0, 549, 556, 435, 4, 2.00%, 0, 0, 15, 501.66
1587593879, 0, 549, 561, 440, 4, 2.01%, 0, 0, 15, 55.45
1587593890, 0, 549, 562, 441, 4, 2.01%, 0, 0, 15, 535.19
1587593896, 0, 549, 563, 442, 4, 2.01%, 0, 0, 15, 12.81
1587593902, 0, 549, 564, 443, 4, 2.01%, 0, 0, 15, 515.15
1587593912, 0, 549, 565, 444, 4, 2.01%, 0, 0, 15, 552.30
1587593917, 0, 549, 566, 445, 4, 2.01%, 0, 0, 15, 567.65
1587593922, 0, 549, 568, 447, 4, 2.01%, 0, 0, 15, 540.61
1587593937, 0, 549, 569, 448, 4, 2.01%, 0, 0, 15, 560.23
1587593942, 0, 550, 570, 448, 5, 2.01%, 0, 0, 15, 557.11
1587593988, 0, 550, 571, 449, 5, 2.01%, 0, 0, 15, 573.98
1587593998, 0, 551, 571, 448, 5, 2.01%, 0, 0, 15, 587.97
1587594004, 0, 551, 572, 449, 5, 2.01%, 0, 0, 15, 574.04
1587594049, 0, 552, 572, 448, 4, 2.01%, 0, 0, 15, 558.55
1587594095, 0, 552, 573, 449, 4, 2.01%, 0, 0, 15, 556.91
1587594100, 0, 552, 574, 450, 4, 2.01%, 0, 0, 15, 544.16
1587594135, 0, 554, 574, 449, 3, 2.01%, 0, 0, 15, 520.08
1587594206, 0, 554, 575, 450, 3, 2.01%, 0, 0, 16, 549.09
1587594217, 0, 554, 576, 451, 3, 2.01%, 0, 0, 16, 533.45
1587594232, 0, 554, 577, 452, 3, 2.01%, 0, 0, 16, 543.59
1587594252, 0, 555, 577, 451, 2, 2.01%, 0, 0, 16, 536.19
1587594302, 0, 555, 578, 452, 2, 2.01%, 0, 0, 16, 559.05
1587594328, 0, 555, 579, 453, 2, 2.01%, 0, 0, 16, 579.57
1587594333, 0, 555, 580, 454, 2, 2.01%, 0, 0, 16, 566.87
1587594354, 0, 555, 581, 455, 2, 2.01%, 0, 0, 16, 561.51
1587594359, 0, 558, 581, 454, 2, 2.01%, 0, 0, 16, 548.44
1587594409, 0, 558, 582, 455, 2, 2.02%, 0, 0, 16, 531.70
1587594430, 0, 558, 584, 457, 2, 2.02%, 0, 0, 16, 526.59
1587594435, 0, 558, 588, 461, 2, 2.02%, 0, 0, 16, 544.32
1587594445, 0, 558, 589, 462, 2, 2.02%, 0, 0, 16, 519.66
1587594455, 0, 558, 591, 464, 2, 2.03%, 0, 0, 16, 544.35
1587594465, 0, 558, 593, 466, 2, 2.03%, 0, 0, 16, 548.85
1587594476, 0, 558, 594, 467, 2, 2.03%, 0, 0, 16, 549.44
1587594491, 0, 570, 594, 466, 3, 2.03%, 0, 0, 16, 532.54
1587594537, 0, 570, 596, 468, 3, 2.03%, 0, 0, 16, 597.97
1587594552, 0, 570, 597, 469, 3, 2.03%, 0, 0, 16, 561.24
1587594567, 0, 570, 598, 470, 3, 2.03%, 0, 0, 16, 581.42
1587594572, 0, 587, 598, 469, 2, 2.03%, 0, 0, 16, 523.84
1587594623, 0, 587, 599, 470, 2, 2.03%, 0, 0, 17, 528.79
1587594643, 0, 587, 600, 471, 2, 2.03%, 0, 0, 17, 500.69
1587594658, 0, 587, 601, 472, 2, 2.03%, 0, 0, 17, 534.97
1587594669, 0, 587, 602, 473, 2, 2.03%, 0, 0, 17, 36.10
1587594689, 0, 587, 603, 474, 2, 2.03%, 0, 0, 17, 546.53
1587594699, 0, 587, 604, 475, 2, 2.03%, 0, 0, 17, 548.73
1587594704, 0, 590, 604, 474, 2, 2.03%, 0, 0, 17, 543.64
1587594709, 0, 590, 606, 476, 2, 2.03%, 0, 0, 17, 507.84
1587594714, 0, 590, 607, 477, 2, 2.03%, 0, 0, 17, 491.22
1587594729, 0, 590, 608, 478, 2, 2.03%, 0, 0, 17, 482.29
1587594785, 0, 590, 610, 480, 2, 2.03%, 0, 0, 17, 515.56
1587594795, 0, 590, 613, 483, 2, 2.04%, 0, 0, 17, 511.39
1587594800, 0, 590, 615, 485, 2, 2.04%, 0, 0, 17, 423.61
1587594805, 0, 590, 617, 487, 2, 2.04%, 0, 0, 17, 527.63
1587594815, 0, 590, 618, 488, 2, 2.04%, 0, 0, 17, 551.30
1587594836, 0, 590, 619, 489, 2, 2.04%, 0, 0, 17, 541.64
1587594846, 0, 590, 620, 490, 2, 2.04%, 0, 0, 17, 523.52
1587594851, 0, 590, 622, 492, 2, 2.04%, 0, 0, 17, 532.95
1587594856, 0, 603, 623, 492, 3, 2.04%, 0, 0, 17, 499.18
1587594958, 0, 603, 624, 493, 3, 2.04%, 0, 0, 18, 493.21
1587594963, 0, 603, 629, 498, 3, 2.04%, 0, 0, 18, 506.96
1587594968, 0, 603, 630, 499, 3, 2.04%, 0, 0, 18, 526.50
1587594978, 0, 603, 632, 501, 3, 2.04%, 0, 0, 18, 529.54
1587594999, 0, 603, 633, 502, 3, 2.04%, 0, 0, 18, 538.30
1587595014, 0, 603, 634, 503, 3, 2.04%, 0, 0, 18, 527.06
1587595019, 0, 611, 634, 502, 5, 2.04%, 0, 0, 18, 522.53
1587595121, 0, 611, 637, 505, 5, 2.05%, 0, 0, 18, 520.97
1587595131, 0, 611, 638, 506, 5, 2.06%, 0, 0, 18, 544.72
1587595136, 0, 611, 640, 508, 5, 2.06%, 0, 0, 18, 547.02
1587595176, 0, 623, 640, 507, 6, 2.06%, 0, 0, 18, 528.96
1587595298, 0, 623, 644, 511, 6, 2.07%, 0, 0, 19, 507.21
1587595314, 0, 623, 645, 512, 6, 2.07%, 0, 0, 19, 509.34
1587595329, 0, 623, 646, 513, 6, 2.07%, 0, 0, 19, 490.64
1587595354, 0, 623, 647, 514, 6, 2.07%, 0, 0, 19, 500.27
1587595359, 0, 627, 647, 513, 6, 2.07%, 0, 0, 19, 504.55
1587595364, 0, 627, 648, 514, 6, 2.07%, 0, 0, 19, 511.61
1587595430, 0, 627, 650, 516, 6, 2.07%, 0, 0, 19, 524.42
1587595466, 0, 627, 651, 517, 6, 2.07%, 0, 0, 19, 524.87
1587595476, 0, 632, 653, 518, 8, 2.07%, 0, 0, 19, 561.67
1587595481, 0, 632, 654, 519, 8, 2.08%, 0, 0, 19, 588.15
1587595487, 0, 632, 656, 521, 8, 2.08%, 0, 0, 19, 583.38
1587595512, 0, 632, 658, 523, 8, 2.08%, 0, 0, 19, 574.12
1587595517, 0, 632, 659, 524, 8, 2.08%, 0, 0, 19, 584.17
1587595558, 0, 632, 660, 525, 8, 2.08%, 0, 0, 19, 559.32
1587595563, 0, 632, 661, 526, 8, 2.08%, 0, 0, 19, 586.72
1587595568, 0, 633, 663, 527, 13, 2.08%, 0, 0, 19, 522.97
1587595574, 0, 633, 664, 528, 13, 2.08%, 0, 0, 19, 474.66
1587595599, 0, 633, 665, 529, 13, 2.08%, 0, 0, 19, 470.22
1587595640, 0, 633, 667, 531, 13, 2.08%, 0, 0, 19, 492.66
1587595670, 0, 633, 672, 536, 13, 2.08%, 0, 0, 19, 517.30
1587595675, 0, 633, 673, 537, 13, 2.08%, 0, 0, 19, 539.39
1587595680, 0, 633, 674, 538, 13, 2.08%, 0, 0, 19, 511.20
1587595686, 0, 633, 675, 539, 13, 2.08%, 0, 0, 19, 296.98
1587595701, 0, 633, 677, 541, 13, 2.08%, 0, 0, 19, 516.92
1587595706, 0, 633, 678, 542, 13, 2.08%, 0, 0, 19, 536.52
1587595711, 0, 633, 679, 543, 13, 2.08%, 0, 0, 19, 523.46
1587595731, 0, 637, 680, 543, 14, 2.08%, 0, 0, 19, 559.40
1587595782, 0, 643, 683, 545, 14, 2.08%, 0, 0, 20, 514.26
1587595787, 0, 643, 686, 548, 14, 2.09%, 0, 0, 20, 433.30
1587595798, 0, 643, 687, 549, 14, 2.09%, 0, 0, 20, 420.78
1587595803, 0, 643, 688, 550, 14, 2.09%, 0, 0, 20, 416.45
1587595945, 0, 643, 692, 554, 14, 2.09%, 0, 0, 20, 453.41
1587595950, 0, 643, 695, 557, 14, 2.09%, 0, 0, 20, 465.92
1587595955, 0, 643, 696, 558, 14, 2.09%, 0, 0, 20, 476.25
1587595960, 0, 643, 699, 561, 14, 2.09%, 0, 0, 20, 463.23
1587595965, 0, 643, 701, 563, 14, 2.09%, 0, 0, 20, 481.23
1587595970, 0, 643, 704, 566, 14, 2.09%, 0, 0, 20, 474.52
1587595975, 0, 643, 705, 567, 14, 2.09%, 0, 0, 20, 485.63
1587595980, 0, 643, 706, 568, 14, 2.09%, 0, 0, 20, 435.18
1587595985, 0, 643, 708, 570, 14, 2.09%, 0, 0, 20, 337.66
1587595991, 0, 643, 710, 572, 14, 2.09%, 0, 0, 20, 431.33
1587595996, 0, 643, 711, 573, 14, 2.09%, 0, 0, 20, 477.00
1587596001, 0, 643, 712, 574, 14, 2.10%, 0, 0, 20, 501.60
1587596006, 0, 643, 713, 575, 14, 2.10%, 0, 0, 20, 483.91
1587596011, 0, 643, 714, 576, 14, 2.10%, 0, 0, 20, 500.48
1587596016, 0, 647, 714, 575, 15, 2.10%, 0, 0, 20, 499.09
1587596087, 0, 647, 715, 576, 15, 2.10%, 0, 0, 20, 526.73
1587596092, 0, 647, 717, 578, 15, 2.10%, 0, 0, 20, 537.91
1587596117, 0, 647, 718, 579, 15, 2.10%, 0, 0, 20, 531.96
1587596133, 0, 648, 719, 579, 15, 2.10%, 0, 0, 20, 543.42
1587596204, 0, 648, 720, 580, 15, 2.10%, 0, 0, 20, 554.06
1587596214, 0, 648, 721, 581, 15, 2.10%, 0, 0, 20, 553.63
1587596219, 0, 648, 722, 582, 15, 2.10%, 0, 0, 20, 557.51
1587596240, 0, 648, 723, 583, 15, 2.10%, 0, 0, 20, 550.20
1587596245, 0, 651, 724, 583, 15, 2.10%, 0, 0, 20, 555.61
1587596250, 0, 651, 725, 584, 15, 2.10%, 0, 0, 20, 575.12
1587596275, 0, 652, 726, 584, 14, 2.10%, 0, 0, 20, 595.12
1587596306, 0, 652, 728, 586, 14, 2.10%, 0, 0, 20, 591.24
1587596311, 0, 652, 731, 589, 14, 2.11%, 0, 0, 20, 545.37
1587596337, 0, 652, 732, 590, 14, 2.11%, 0, 0, 20, 578.92
1587596367, 0, 652, 733, 591, 14, 2.11%, 0, 0, 20, 411.08
1587596372, 0, 654, 733, 590, 15, 2.11%, 0, 0, 20, 424.47
1587596413, 0, 654, 734, 591, 15, 2.11%, 0, 0, 20, 376.26
1587596428, 0, 654, 735, 592, 15, 2.11%, 0, 0, 20, 421.50
1587596453, 0, 655, 735, 591, 14, 2.11%, 0, 0, 20, 405.58
1587596504, 0, 658, 735, 590, 13, 2.11%, 0, 0, 20, 562.49
1587596519, 0, 658, 736, 591, 13, 2.11%, 0, 0, 20, 577.73
1587596539, 0, 659, 736, 590, 13, 2.11%, 0, 0, 20, 566.24
1587596560, 0, 667, 736, 589, 12, 2.11%, 0, 0, 20, 545.28
1587596616, 0, 667, 737, 590, 12, 2.11%, 0, 0, 20, 514.37
1587596631, 0, 667, 738, 591, 12, 2.11%, 0, 0, 20, 519.54
1587596656, 0, 679, 738, 590, 13, 2.11%, 0, 0, 20, 553.19
1587596707, 0, 679, 739, 591, 13, 2.11%, 0, 0, 20, 553.04
1587596717, 0, 681, 739, 590, 12, 2.11%, 0, 0, 20, 521.05
1587596738, 0, 681, 740, 591, 12, 2.11%, 0, 0, 21, 421.33
1587596891, 0, 681, 741, 592, 12, 2.11%, 0, 0, 21, 455.04
1587596896, 0, 681, 742, 593, 12, 2.11%, 0, 0, 21, 497.88
1587596901, 0, 681, 743, 594, 12, 2.11%, 0, 0, 21, 478.44
1587596907, 0, 681, 744, 595, 12, 2.11%, 0, 0, 21, 495.66
1587596912, 0, 681, 745, 596, 12, 2.11%, 0, 0, 21, 493.87
1587596917, 0, 681, 746, 597, 12, 2.11%, 0, 0, 21, 494.22
1587596922, 0, 681, 747, 598, 12, 2.11%, 0, 0, 21, 499.95
1587596927, 0, 681, 748, 599, 12, 2.11%, 0, 0, 21, 499.98
1587596947, 0, 711, 750, 600, 12, 2.11%, 0, 0, 21, 542.32
1587596988, 0, 714, 750, 599, 12, 2.11%, 0, 0, 21, 540.86
1587597023, 0, 714, 751, 600, 12, 2.11%, 0, 0, 21, 524.44
1587597064, 0, 714, 754, 603, 12, 2.11%, 0, 0, 21, 522.87
1587597099, 0, 714, 756, 605, 12, 2.11%, 0, 0, 21, 541.77
1587597104, 0, 714, 758, 607, 12, 2.11%, 0, 0, 21, 530.65
1587597109, 0, 717, 759, 607, 13, 2.11%, 0, 0, 21, 514.64
1587597114, 0, 717, 760, 608, 13, 2.11%, 0, 0, 21, 501.72
1587597170, 0, 717, 761, 609, 13, 2.11%, 0, 0, 21, 507.90
1587597196, 0, 717, 762, 610, 13, 2.12%, 0, 0, 21, 509.24
1587597211, 0, 717, 763, 611, 13, 2.12%, 0, 0, 21, 535.24
1587597221, 0, 717, 764, 612, 13, 2.12%, 0, 0, 21, 534.25
1587597232, 0, 717, 765, 613, 13, 2.12%, 0, 0, 21, 545.63
1587597242, 0, 721, 766, 613, 15, 2.12%, 0, 0, 21, 496.01
1587597247, 0, 721, 767, 614, 15, 2.12%, 0, 0, 21, 500.60
1587597272, 0, 721, 768, 615, 15, 2.12%, 0, 0, 21, 486.36
1587597344, 0, 725, 768, 614, 14, 2.12%, 0, 0, 21, 559.39
1587597379, 0, 730, 768, 613, 13, 2.12%, 0, 0, 21, 562.21
1587597425, 0, 730, 770, 615, 13, 2.12%, 0, 0, 21, 560.55
1587597450, 0, 730, 771, 616, 13, 2.12%, 0, 0, 21, 567.84
1587597481, 0, 735, 772, 616, 14, 2.12%, 0, 0, 21, 578.10
1587597517, 0, 735, 773, 617, 14, 2.12%, 0, 0, 21, 562.19
1587597522, 0, 736, 774, 617, 14, 2.12%, 0, 0, 21, 565.50
1587597547, 0, 736, 775, 618, 14, 2.12%, 0, 0, 21, 518.76
1587597593, 0, 736, 778, 621, 14, 2.12%, 0, 0, 21, 543.45
1587597629, 0, 736, 779, 622, 14, 2.12%, 0, 0, 21, 562.88
1587597639, 0, 737, 779, 621, 14, 2.12%, 0, 0, 21, 521.00
1587597710, 0, 737, 780, 622, 14, 2.12%, 0, 0, 21, 541.10
1587597725, 0, 737, 781, 623, 14, 2.12%, 0, 0, 21, 548.83
1587597735, 0, 737, 782, 624, 14, 2.12%, 0, 0, 21, 542.30
1587597751, 0, 745, 782, 623, 14, 2.12%, 0, 0, 21, 521.95
1587597766, 0, 745, 784, 625, 14, 2.12%, 0, 0, 22, 412.89
1587597771, 0, 745, 785, 626, 14, 2.12%, 0, 0, 22, 407.78
1587597791, 0, 745, 786, 627, 14, 2.12%, 0, 0, 22, 406.75
1587597827, 0, 745, 787, 628, 14, 2.12%, 0, 0, 22, 450.69
1587597929, 0, 745, 792, 633, 14, 2.12%, 0, 0, 22, 481.29
1587597944, 0, 745, 794, 635, 14, 2.12%, 0, 0, 22, 504.67
1587597949, 0, 745, 796, 637, 14, 2.12%, 0, 0, 22, 509.90
1587597954, 0, 745, 797, 638, 14, 2.12%, 0, 0, 22, 492.56
1587597964, 0, 745, 799, 640, 14, 2.12%, 0, 0, 22, 480.20
1587597969, 0, 745, 800, 641, 14, 2.12%, 0, 0, 22, 501.05
1587597975, 0, 745, 803, 644, 14, 2.12%, 0, 0, 22, 489.89
1587597980, 0, 745, 805, 646, 14, 2.12%, 0, 0, 22, 501.74
1587597995, 0, 749, 805, 645, 13, 2.12%, 0, 0, 22, 567.72
1587598036, 0, 756, 805, 644, 12, 2.12%, 0, 0, 22, 530.73
1587598138, 0, 756, 807, 646, 12, 2.12%, 0, 0, 22, 542.81
1587598143, 0, 756, 808, 647, 12, 2.12%, 0, 0, 22, 541.71
1587598169, 0, 756, 809, 648, 12, 2.12%, 0, 0, 22, 517.89
1587598174, 0, 759, 809, 647, 11, 2.12%, 0, 0, 22, 548.24
1587598260, 0, 760, 810, 647, 10, 2.12%, 0, 0, 22, 501.43
1587598352, 0, 760, 811, 648, 10, 2.12%, 0, 0, 22, 531.24
1587598367, 0, 761, 811, 647, 10, 2.12%, 0, 0, 22, 521.55
1587598439, 0, 764, 811, 646, 9, 2.12%, 0, 0, 22, 512.66
1587598541, 0, 764, 813, 648, 9, 2.12%, 0, 0, 22, 537.53
1587598546, 0, 764, 814, 649, 9, 2.12%, 0, 0, 22, 538.96
1587598551, 0, 764, 815, 650, 9, 2.12%, 0, 0, 22, 532.63
1587598557, 0, 764, 816, 651, 9, 2.12%, 0, 0, 22, 553.01
1587598582, 0, 766, 816, 650, 9, 2.12%, 0, 0, 22, 511.00
1587598673, 0, 769, 818, 651, 8, 2.12%, 0, 0, 22, 544.12
1587598678, 0, 769, 819, 652, 8, 2.12%, 0, 0, 22, 562.92
1587598724, 0, 770, 819, 651, 8, 2.12%, 0, 0, 22, 577.54
1587598765, 0, 771, 819, 650, 7, 2.12%, 0, 0, 22, 558.42
1587598805, 0, 773, 819, 649, 6, 2.12%, 0, 0, 22, 506.91
1587598887, 0, 780, 819, 648, 5, 2.12%, 0, 0, 22, 483.69
1587598953, 0, 780, 820, 649, 5, 2.12%, 0, 0, 22, 483.15
1587598989, 0, 809, 820, 648, 4, 2.12%, 0, 0, 22, 418.82
1587599071, 0, 809, 821, 649, 4, 2.12%, 0, 0, 23, 497.43
1587599091, 0, 813, 823, 650, 4, 2.13%, 0, 0, 23, 511.58
1587599189, 0, 813, 825, 652, 4, 2.13%, 0, 0, 23, 521.46
1587599194, 0, 813, 826, 653, 4, 2.13%, 0, 0, 23, 524.09
1587599225, 0, 813, 828, 655, 4, 2.17%, 0, 0, 23, 527.38
1587599230, 0, 817, 828, 654, 6, 2.17%, 0, 0, 23, 541.07
1587599266, 0, 817, 829, 655, 6, 2.17%, 0, 0, 23, 584.84
1587599276, 0, 820, 829, 654, 5, 2.17%, 0, 0, 23, 530.53
1587599378, 0, 821, 829, 653, 4, 2.17%, 0, 0, 23, 511.14
1587599485, 0, 825, 830, 653, 3, 2.17%, 0, 0, 24, 508.23
1587599592, 0, 825, 831, 654, 3, 2.17%, 0, 0, 24, 459.23
1587599597, 0, 825, 833, 656, 3, 2.17%, 0, 0, 24, 504.55
1587599613, 0, 825, 834, 657, 3, 2.17%, 0, 0, 24, 519.56
1587599628, 0, 825, 836, 659, 3, 2.17%, 0, 0, 24, 520.94
1587599643, 0, 827, 836, 658, 2, 2.17%, 0, 0, 24, 475.14
1587599750, 1, 31, 836, 657, 1, 2.17%, 0, 0, 24, 560.85
1587599761, 1, 53, 837, 657, 1, 2.17%, 0, 0, 24, 601.34
1587599766, 1, 211, 838, 657, 1, 2.17%, 0, 0, 24, 618.31
1587599781, 1, 269, 839, 657, 1, 2.17%, 0, 0, 24, 593.08
1587599801, 1, 269, 840, 658, 1, 2.17%, 0, 0, 24, 595.89
1587599806, 1, 269, 841, 659, 1, 2.17%, 0, 0, 24, 587.38
1587599812, 1, 271, 841, 658, 1, 2.17%, 0, 0, 24, 582.29
1587599837, 1, 271, 842, 659, 1, 2.17%, 0, 0, 24, 588.77
1587599842, 1, 271, 843, 660, 1, 2.19%, 0, 0, 24, 581.06
1587599848, 1, 524, 843, 659, 2, 2.19%, 0, 0, 24, 582.34
1587599883, 1, 524, 844, 660, 2, 2.19%, 0, 0, 24, 521.84
1587599888, 1, 524, 845, 661, 2, 2.19%, 0, 0, 24, 453.39
1587599893, 1, 524, 847, 663, 2, 2.19%, 0, 0, 24, 561.24
1587599898, 1, 524, 850, 666, 2, 2.19%, 0, 0, 24, 562.00
1587599919, 1, 528, 850, 665, 2, 2.19%, 0, 0, 24, 575.79
1587599954, 1, 528, 851, 666, 2, 2.19%, 0, 0, 24, 565.84
1587599959, 1, 528, 853, 668, 2, 2.19%, 0, 0, 24, 557.63
1587599980, 1, 528, 854, 669, 2, 2.19%, 0, 0, 24, 558.55
1587599985, 1, 528, 855, 670, 2, 2.19%, 0, 0, 24, 580.33
1587599990, 1, 583, 855, 669, 2, 2.19%, 0, 0, 24, 540.29
1587600051, 1, 583, 858, 672, 2, 2.19%, 0, 0, 24, 454.65
1587600061, 1, 583, 860, 674, 2, 2.19%, 0, 0, 24, 443.37
1587600066, 1, 583, 861, 675, 2, 2.19%, 0, 0, 24, 473.49
1587600092, 1, 583, 862, 676, 2, 2.19%, 0, 0, 24, 564.26
1587600102, 1, 583, 863, 677, 2, 2.19%, 0, 0, 24, 550.58
1587600117, 1, 645, 863, 676, 2, 2.19%, 0, 0, 24, 475.29
1587600275, 1, 645, 870, 683, 2, 2.19%, 0, 0, 24, 466.89
1587600280, 1, 645, 876, 689, 2, 2.19%, 0, 0, 24, 491.34
1587600295, 1, 645, 877, 690, 2, 2.19%, 0, 0, 24, 496.15
1587600300, 1, 645, 879, 692, 2, 2.19%, 0, 0, 24, 476.61
1587600306, 1, 645, 880, 693, 2, 2.19%, 0, 0, 24, 99.01
1587600316, 1, 645, 881, 694, 2, 2.19%, 0, 0, 24, 65.66
1587600321, 1, 645, 882, 695, 2, 2.19%, 0, 0, 24, 489.49
1587600326, 1, 645, 886, 699, 2, 2.19%, 0, 0, 24, 475.04
1587600331, 1, 842, 888, 700, 1, 2.19%, 0, 0, 24, 445.80
1587600336, 1, 842, 915, 727, 1, 2.19%, 0, 0, 24, 427.36
1587600341, 1, 842, 939, 751, 1, 2.19%, 0, 0, 24, 430.41
1587600346, 1, 842, 959, 771, 1, 2.19%, 0, 0, 24, 438.46
1587600377, 1, 842, 962, 774, 1, 2.19%, 0, 0, 24, 426.82
1587600382, 1, 842, 984, 796, 1, 2.19%, 0, 0, 24, 418.90
1587600387, 1, 842, 986, 798, 1, 2.19%, 0, 0, 24, 430.59
1587600449, 1, 842, 987, 799, 1, 2.19%, 0, 0, 24, 469.07
1587600474, 1, 842, 988, 800, 1, 2.19%, 0, 0, 24, 421.20
1587600479, 1, 842, 993, 805, 1, 2.19%, 0, 0, 24, 447.86
1587600519, 1, 842, 994, 806, 1, 2.19%, 0, 0, 24, 485.66
1587600525, 1, 842, 995, 807, 1, 2.19%, 0, 0, 24, 473.36
1587600530, 1, 882, 995, 806, 1, 2.19%, 0, 0, 24, 365.35
1587600626, 1, 882, 996, 807, 1, 2.19%, 0, 0, 24, 315.03
1587600794, 1, 882, 997, 808, 1, 2.19%, 0, 0, 24, 385.50
1587600804, 1, 882, 998, 809, 1, 2.19%, 0, 0, 24, 414.75
1587600809, 1, 882, 999, 810, 1, 2.19%, 0, 0, 24, 431.67
1587600820, 1, 882, 1000, 811, 1, 2.19%, 0, 0, 24, 405.60
1587600830, 1, 882, 1001, 812, 1, 2.19%, 0, 0, 24, 395.63
1587600835, 1, 882, 1002, 813, 1, 2.19%, 0, 0, 24, 421.05
1587600845, 1, 882, 1004, 815, 1, 2.19%, 0, 0, 24, 406.03
1587600855, 1, 952, 1005, 815, 2, 2.19%, 0, 0, 24, 405.18
1587601013, 1, 977, 1005, 814, 1, 2.19%, 0, 0, 24, 439.13
1587601155, 1, 1004, 1006, 814, 1, 2.19%, 0, 0, 24, 465.88
1587601181, 1, 1004, 1009, 817, 1, 2.19%, 0, 0, 24, 460.93
1587601221, 1, 1004, 1010, 818, 1, 2.19%, 0, 0, 24, 452.41
1587601231, 1, 1004, 1011, 819, 1, 2.19%, 0, 0, 24, 259.16
1587601251, 1, 1004, 1012, 820, 1, 2.19%, 0, 0, 24, 429.96
1587601272, 1, 1006, 1013, 820, 4, 2.19%, 0, 0, 24, 456.35
1587601332, 1, 1006, 1014, 821, 4, 2.19%, 0, 0, 24, 522.36
1587601337, 1, 1006, 1015, 822, 4, 2.20%, 0, 0, 24, 537.65
1587601342, 1, 1006, 1016, 823, 4, 2.20%, 0, 0, 24, 495.17
1587601348, 1, 1006, 1018, 825, 4, 2.20%, 0, 0, 24, 516.12
1587601378, 1, 1007, 1018, 824, 5, 2.20%, 0, 0, 24, 475.38
1587601439, 1, 1007, 1019, 825, 5, 2.20%, 0, 0, 24, 525.61
1587601444, 1, 1007, 1020, 826, 5, 2.20%, 0, 0, 24, 516.09
1587601495, 1, 1008, 1020, 825, 4, 2.20%, 0, 0, 24, 533.28
1587601556, 1, 1008, 1021, 826, 4, 2.20%, 0, 0, 24, 497.08
1587601602, 1, 1009, 1021, 825, 4, 2.20%, 0, 0, 24, 523.27
1587601607, 1, 1009, 1022, 826, 4, 2.20%, 0, 0, 24, 516.10
1587601658, 1, 1009, 1024, 828, 4, 2.20%, 0, 0, 24, 525.90
1587601718, 1, 1012, 1024, 827, 4, 2.20%, 0, 0, 24, 459.02
1587601800, 1, 1014, 1024, 826, 3, 2.20%, 0, 0, 24, 508.59
1587601856, 1, 1020, 1024, 825, 2, 2.20%, 0, 0, 24, 440.24
1587601871, 1, 1020, 1025, 826, 2, 2.20%, 0, 0, 24, 437.85
1587601938, 1, 1020, 1026, 827, 2, 2.20%, 0, 0, 24, 443.04
1587602005, 1, 1021, 1026, 826, 2, 2.20%, 0, 0, 24, 336.43
1587602056, 1, 1021, 1027, 827, 2, 2.20%, 0, 0, 24, 334.77
1587602066, 1, 1021, 1028, 828, 2, 2.20%, 0, 0, 24, 415.56
1587602082, 1, 1021, 1029, 829, 2, 2.20%, 0, 0, 24, 409.68
1587602092, 1, 1021, 1030, 830, 2, 2.20%, 0, 0, 24, 496.71
1587602118, 1, 1021, 1032, 832, 2, 2.20%, 0, 0, 24, 520.36
1587602123, 1, 1024, 1033, 832, 2, 2.20%, 0, 0, 25, 471.27
1587602128, 1, 1024, 1035, 834, 2, 2.21%, 0, 0, 25, 32.63
1587602163, 1, 1024, 1037, 836, 2, 2.21%, 0, 0, 25, 441.30
1587602204, 1, 1024, 1038, 837, 2, 2.21%, 0, 0, 25, 417.79
1587602280, 1, 1030, 1039, 837, 7, 2.21%, 0, 0, 25, 366.35
1587602346, 1, 1030, 1040, 838, 7, 2.21%, 0, 0, 25, 400.85
1587602351, 1, 1030, 1041, 839, 7, 2.21%, 0, 0, 25, 372.11
1587602386, 1, 1030, 1042, 840, 7, 2.21%, 0, 0, 25, 435.08
1587602412, 1, 1032, 1042, 839, 8, 2.21%, 0, 0, 25, 500.03
1587602448, 1, 1032, 1043, 840, 8, 2.21%, 0, 0, 26, 371.70
1587602508, 1, 1032, 1044, 841, 8, 2.21%, 0, 0, 26, 426.50
1587602528, 1, 1033, 1044, 840, 8, 2.21%, 0, 0, 26, 455.87
1587602604, 1, 1033, 1045, 841, 8, 2.21%, 0, 0, 26, 452.37
1587602655, 1, 1034, 1045, 840, 8, 2.21%, 0, 0, 26, 481.02
1587602660, 1, 1034, 1046, 841, 8, 2.22%, 0, 0, 26, 453.71
1587602771, 1, 1034, 1047, 842, 8, 2.22%, 0, 0, 26, 492.87
1587602802, 1, 1035, 1047, 841, 8, 2.22%, 0, 0, 26, 492.17
1587602832, 1, 1035, 1048, 842, 8, 2.22%, 0, 0, 26, 469.73
1587602924, 1, 1035, 1049, 843, 8, 2.22%, 0, 0, 26, 499.79
1587602934, 1, 1035, 1050, 844, 8, 2.22%, 0, 0, 26, 516.24
1587602949, 1, 1035, 1051, 845, 8, 2.22%, 0, 0, 26, 472.43
1587602970, 1, 1036, 1052, 845, 8, 2.22%, 0, 0, 26, 358.68
1587603097, 1, 1036, 1053, 846, 8, 2.22%, 0, 0, 26, 490.57
1587603127, 1, 1037, 1053, 845, 8, 2.22%, 0, 0, 26, 460.96
1587603260, 1, 1038, 1053, 844, 7, 2.22%, 0, 0, 26, 523.88
1587603316, 1, 1038, 1054, 845, 7, 2.22%, 0, 0, 26, 575.36
1587603332, 1, 1038, 1055, 846, 7, 2.22%, 0, 0, 26, 581.79
1587603337, 1, 1038, 1056, 847, 7, 2.22%, 0, 0, 26, 580.39
1587603363, 1, 1040, 1056, 846, 7, 2.22%, 0, 0, 26, 534.84
1587603438, 1, 1040, 1058, 848, 7, 2.22%, 0, 0, 26, 528.58
1587603449, 1, 1040, 1059, 849, 7, 2.22%, 0, 0, 26, 534.08
1587603459, 1, 1040, 1060, 850, 7, 2.22%, 0, 0, 26, 536.48
1587603505, 1, 1042, 1061, 850, 6, 2.22%, 0, 0, 27, 484.80
1587603581, 1, 1042, 1062, 851, 6, 2.22%, 0, 0, 27, 510.51
1587603606, 1, 1044, 1062, 850, 6, 2.22%, 0, 0, 27, 534.21
1587603738, 1, 1045, 1062, 849, 5, 2.22%, 0, 0, 27, 480.27
1587603861, 1, 1045, 1063, 850, 5, 2.22%, 0, 0, 27, 492.09
1587603876, 1, 1045, 1064, 851, 5, 2.22%, 0, 0, 27, 472.12
1587603881, 1, 1045, 1065, 852, 5, 2.22%, 0, 0, 27, 515.13
1587603902, 1, 1047, 1065, 851, 4, 2.22%, 0, 0, 27, 476.72
1587604014, 1, 1047, 1066, 852, 4, 2.22%, 0, 0, 27, 520.35
1587604050, 1, 1051, 1066, 851, 3, 2.22%, 0, 0, 27, 520.50
1587604136, 1, 1053, 1066, 850, 2, 2.22%, 0, 0, 27, 557.87
1587604197, 1, 1061, 1066, 849, 1, 2.22%, 0, 0, 27, 573.77
1587604202, 1, 1061, 1067, 850, 1, 2.22%, 0, 0, 28, 500.45
1587604310, 1, 1061, 1068, 851, 1, 2.22%, 0, 0, 28, 531.87
1587604346, 2, 2, 1068, 850, 0, 2.22%, 0, 0, 28, 591.71
1587604351, 2, 2, 1069, 851, 0, 2.22%, 0, 0, 28, 605.59
1587604356, 2, 8, 1069, 849, 0, 2.22%, 0, 0, 28, 604.91
1587604361, 2, 12, 1069, 848, 0, 2.22%, 0, 0, 28, 591.96
1587604371, 2, 22, 1070, 848, 0, 2.22%, 0, 0, 28, 564.09
1587604386, 2, 22, 1072, 850, 0, 2.22%, 0, 0, 28, 525.74
1587604391, 2, 33, 1072, 849, 0, 2.22%, 0, 0, 28, 524.97
1587604407, 2, 44, 1073, 848, 0, 2.22%, 0, 0, 28, 554.75
1587604412, 2, 45, 1074, 848, 0, 2.22%, 0, 0, 28, 569.38
1587604437, 2, 54, 1075, 848, 0, 2.22%, 0, 0, 28, 578.20
1587604447, 2, 55, 1075, 847, 0, 2.22%, 0, 0, 28, 608.56
1587604452, 2, 56, 1075, 846, 0, 2.22%, 0, 0, 28, 616.39
1587604462, 2, 58, 1075, 845, 0, 2.22%, 0, 0, 28, 605.27
1587604472, 2, 65, 1075, 844, 0, 2.22%, 0, 0, 28, 632.13
1587604478, 2, 70, 1075, 843, 0, 2.22%, 0, 0, 28, 616.32
1587604488, 2, 80, 1075, 841, 0, 2.22%, 0, 0, 28, 610.06
1587604493, 2, 87, 1075, 840, 0, 2.22%, 0, 0, 28, 613.31
1587604508, 2, 105, 1076, 840, 0, 2.22%, 0, 0, 28, 590.15
1587604513, 2, 106, 1077, 840, 0, 2.22%, 0, 0, 28, 548.63
1587604528, 2, 125, 1077, 839, 0, 2.22%, 0, 0, 28, 585.28
1587604543, 2, 130, 1077, 838, 0, 2.22%, 0, 0, 28, 553.95
1587604574, 2, 133, 1077, 837, 0, 2.22%, 0, 0, 28, 562.85
1587604589, 2, 134, 1077, 836, 0, 2.22%, 0, 0, 28, 555.07
1587604614, 2, 135, 1077, 835, 0, 2.22%, 0, 0, 28, 607.57
1587604635, 2, 135, 1080, 838, 0, 2.22%, 0, 0, 28, 517.32
1587604640, 2, 168, 1080, 837, 0, 2.22%, 0, 0, 28, 510.78
1587604655, 2, 173, 1080, 836, 0, 2.22%, 0, 0, 28, 588.98
1587604675, 2, 176, 1080, 835, 0, 2.22%, 0, 0, 28, 568.80
1587604685, 2, 179, 1080, 834, 0, 2.22%, 0, 0, 28, 608.61
1587604711, 2, 180, 1080, 833, 0, 2.22%, 0, 0, 28, 617.40
1587604716, 2, 183, 1080, 832, 0, 2.22%, 0, 0, 28, 609.06
1587604731, 2, 187, 1080, 831, 0, 2.22%, 0, 0, 28, 588.71
1587604746, 2, 189, 1080, 830, 0, 2.22%, 0, 0, 28, 545.23
1587604802, 2, 190, 1080, 829, 0, 2.22%, 0, 0, 28, 576.41
1587604812, 2, 197, 1080, 828, 0, 2.22%, 0, 0, 28, 523.52
1587604833, 2, 199, 1080, 827, 0, 2.22%, 0, 0, 28, 541.04
1587604858, 2, 208, 1080, 826, 0, 2.22%, 0, 0, 28, 557.69
1587604889, 2, 214, 1080, 825, 0, 2.22%, 0, 0, 28, 533.17
1587604909, 2, 227, 1080, 824, 0, 2.22%, 0, 0, 28, 588.37
1587604924, 2, 230, 1080, 823, 0, 2.22%, 0, 0, 28, 571.05
1587604945, 2, 239, 1080, 822, 0, 2.22%, 0, 0, 28, 533.66
1587604985, 2, 246, 1080, 821, 0, 2.22%, 0, 0, 28, 558.65
1587605011, 2, 247, 1080, 820, 0, 2.22%, 0, 0, 28, 499.24
1587605036, 2, 247, 1081, 821, 0, 2.22%, 0, 0, 28, 534.34
1587605041, 2, 248, 1081, 820, 0, 2.22%, 0, 0, 28, 560.99
1587605056, 2, 249, 1081, 819, 0, 2.22%, 0, 0, 28, 579.45
1587605087, 2, 256, 1081, 818, 0, 2.22%, 0, 0, 28, 571.34
1587605117, 2, 275, 1081, 817, 0, 2.22%, 0, 0, 28, 553.87
1587605148, 2, 277, 1081, 816, 0, 2.22%, 0, 0, 28, 584.35
1587605168, 2, 282, 1081, 815, 0, 2.22%, 0, 0, 28, 543.89
1587605199, 2, 284, 1081, 814, 0, 2.22%, 0, 0, 28, 531.67
1587605239, 2, 287, 1081, 813, 0, 2.22%, 0, 0, 28, 549.94
1587605275, 2, 290, 1081, 812, 0, 2.22%, 0, 0, 28, 521.06
1587605300, 2, 299, 1081, 811, 0, 2.22%, 0, 0, 28, 505.09
1587605305, 2, 309, 1081, 811, 0, 2.22%, 0, 0, 28, 445.79
1587605351, 2, 311, 1081, 810, 0, 2.22%, 0, 0, 28, 485.30
1587605356, 2, 319, 1081, 810, 0, 2.22%, 0, 0, 28, 535.47
1587605387, 2, 319, 1082, 811, 0, 2.22%, 0, 0, 28, 527.82
1587605392, 2, 319, 1083, 812, 0, 2.22%, 0, 0, 28, 484.46
1587605397, 2, 319, 1084, 813, 0, 2.22%, 0, 0, 28, 487.10
1587605407, 2, 319, 1087, 816, 0, 2.22%, 0, 0, 28, 463.83
1587605422, 2, 319, 1088, 817, 0, 2.22%, 0, 0, 28, 480.50
1587605458, 2, 320, 1089, 817, 0, 2.22%, 0, 0, 28, 475.92
1587605514, 2, 333, 1089, 816, 0, 2.22%, 0, 0, 28, 514.79
1587605534, 2, 337, 1089, 815, 0, 2.22%, 0, 0, 28, 558.48
1587605560, 2, 340, 1089, 814, 0, 2.22%, 0, 0, 28, 498.12
1587605606, 2, 340, 1090, 815, 0, 2.22%, 0, 0, 28, 490.83
1587605611, 2, 342, 1090, 814, 0, 2.22%, 0, 0, 28, 383.18
1587605672, 2, 346, 1090, 813, 0, 2.22%, 0, 0, 28, 507.50
1587605723, 2, 347, 1090, 812, 0, 2.22%, 0, 0, 28, 572.50
1587605743, 2, 347, 1092, 814, 0, 2.22%, 0, 0, 28, 542.51
1587605758, 2, 349, 1092, 813, 0, 2.22%, 0, 0, 28, 515.44
1587605784, 2, 350, 1092, 812, 0, 2.22%, 0, 0, 28, 545.66
1587605820, 2, 350, 1093, 813, 0, 2.22%, 0, 0, 28, 526.83
1587605825, 2, 351, 1093, 812, 0, 2.22%, 0, 0, 28, 512.33
1587605866, 2, 352, 1093, 811, 0, 2.22%, 0, 0, 28, 521.64
1587605906, 2, 360, 1093, 810, 0, 2.22%, 0, 0, 28, 537.62
1587605932, 2, 364, 1093, 809, 0, 2.22%, 0, 0, 28, 544.86
1587605977, 2, 366, 1093, 808, 0, 2.22%, 0, 0, 28, 546.01
1587606008, 2, 370, 1093, 807, 0, 2.22%, 0, 0, 28, 512.95
1587606013, 2, 375, 1093, 807, 0, 2.22%, 0, 0, 28, 543.03
1587606049, 2, 382, 1093, 806, 0, 2.22%, 0, 0, 28, 514.84
1587606100, 2, 391, 1093, 805, 0, 2.22%, 0, 0, 28, 538.42
1587606130, 2, 394, 1093, 804, 0, 2.22%, 0, 0, 28, 480.24
1587606136, 2, 398, 1093, 804, 0, 2.22%, 0, 0, 28, 510.38
1587606186, 2, 403, 1093, 803, 0, 2.22%, 0, 0, 28, 510.90
1587606237, 2, 403, 1094, 804, 0, 2.22%, 0, 0, 28, 518.71
1587606253, 2, 410, 1095, 804, 0, 2.22%, 0, 0, 28, 467.54
1587606258, 2, 414, 1095, 804, 0, 2.22%, 0, 0, 28, 536.54
1587606293, 2, 424, 1095, 803, 0, 2.22%, 0, 0, 28, 492.81
1587606298, 2, 426, 1095, 803, 0, 2.22%, 0, 0, 28, 565.88
1587606334, 2, 430, 1095, 802, 0, 2.22%, 0, 0, 28, 516.34
1587606359, 2, 430, 1096, 803, 0, 2.22%, 0, 0, 28, 515.63
1587606369, 2, 436, 1096, 802, 0, 2.22%, 0, 0, 28, 521.21
1587606415, 2, 442, 1096, 801, 0, 2.22%, 0, 0, 28, 537.27
1587606451, 2, 451, 1096, 800, 0, 2.22%, 0, 0, 28, 573.33
1587606481, 2, 451, 1098, 802, 0, 2.22%, 0, 0, 28, 515.04
1587606502, 2, 459, 1098, 801, 0, 2.22%, 0, 0, 28, 485.69
1587606548, 2, 460, 1098, 800, 0, 2.22%, 0, 0, 28, 517.61
1587606603, 2, 462, 1098, 799, 0, 2.22%, 0, 0, 28, 567.96
1587606624, 2, 464, 1098, 798, 0, 2.22%, 0, 0, 28, 509.26
1587606629, 2, 465, 1099, 799, 0, 2.22%, 0, 0, 28, 495.39
1587606679, 2, 466, 1099, 798, 0, 2.22%, 0, 0, 28, 516.48
1587606725, 2, 476, 1099, 797, 0, 2.22%, 0, 0, 28, 471.38
1587606730, 2, 480, 1099, 797, 0, 2.22%, 0, 0, 28, 502.32
1587606801, 2, 481, 1099, 796, 0, 2.22%, 0, 0, 28, 526.65
1587606836, 2, 481, 1100, 797, 0, 2.22%, 0, 0, 28, 474.88
1587606841, 2, 481, 1101, 798, 0, 2.22%, 0, 0, 28, 458.77
1587606846, 2, 481, 1102, 799, 0, 2.22%, 0, 0, 28, 453.33
1587606872, 2, 488, 1102, 798, 0, 2.22%, 0, 0, 28, 483.67
1587606908, 2, 488, 1103, 799, 0, 2.22%, 0, 0, 28, 470.78
1587606918, 2, 494, 1103, 798, 0, 2.22%, 0, 0, 28, 484.23
1587606969, 2, 494, 1104, 799, 0, 2.22%, 0, 0, 28, 436.27
1587606979, 2, 494, 1105, 800, 0, 2.22%, 0, 0, 28, 471.73
1587607005, 2, 495, 1105, 799, 0, 2.22%, 0, 0, 28, 530.00
1587607056, 2, 498, 1105, 798, 0, 2.22%, 0, 0, 28, 479.04
1587607061, 2, 499, 1105, 798, 0, 2.22%, 0, 0, 28, 535.34
1587607106, 2, 499, 1106, 799, 0, 2.22%, 0, 0, 28, 467.70
1587607122, 2, 500, 1106, 798, 0, 2.22%, 0, 0, 28, 458.46
1587607199, 2, 504, 1108, 799, 0, 2.22%, 0, 0, 28, 494.16
1587607209, 2, 511, 1108, 799, 0, 2.22%, 0, 0, 28, 512.71
1587607214, 2, 511, 1109, 800, 0, 2.22%, 0, 0, 28, 470.70
1587607275, 2, 519, 1109, 799, 0, 2.22%, 0, 0, 28, 461.92
1587607341, 2, 523, 1109, 798, 0, 2.22%, 0, 0, 28, 470.86
1587607397, 2, 525, 1109, 797, 0, 2.22%, 0, 0, 28, 452.56
1587607458, 2, 531, 1109, 796, 0, 2.22%, 0, 0, 28, 431.17
1587607504, 2, 531, 1112, 799, 0, 2.22%, 0, 0, 28, 487.15
1587607519, 2, 531, 1114, 801, 0, 2.22%, 0, 0, 28, 491.95
1587607545, 2, 535, 1114, 800, 0, 2.22%, 0, 0, 28, 504.89
1587607590, 2, 535, 1115, 801, 0, 2.22%, 0, 0, 28, 540.22
1587607610, 2, 535, 1116, 802, 0, 2.22%, 0, 0, 28, 456.77
1587607621, 2, 535, 1117, 803, 0, 2.22%, 0, 0, 28, 430.67
1587607626, 2, 535, 1119, 805, 0, 2.22%, 0, 0, 28, 461.03
1587607646, 2, 538, 1120, 805, 0, 2.22%, 0, 0, 28, 482.25
1587607717, 2, 538, 1121, 806, 0, 2.22%, 0, 0, 28, 485.21
1587607728, 2, 539, 1121, 805, 0, 2.22%, 0, 0, 28, 502.58
1587607779, 2, 539, 1124, 808, 0, 2.22%, 0, 0, 28, 510.93
1587607784, 2, 539, 1125, 809, 0, 2.22%, 0, 0, 28, 462.97
1587607819, 2, 540, 1125, 808, 0, 2.22%, 0, 0, 28, 482.88
1587607891, 2, 540, 1126, 809, 0, 2.22%, 0, 0, 28, 454.29
1587607906, 2, 542, 1126, 808, 0, 2.22%, 0, 0, 28, 471.78
1587607987, 2, 543, 1126, 807, 0, 2.22%, 0, 0, 28, 486.62
1587608048, 2, 543, 1127, 808, 0, 2.22%, 0, 0, 28, 449.13
1587608063, 2, 551, 1127, 807, 0, 2.22%, 0, 0, 28, 428.64
1587608069, 2, 559, 1127, 807, 0, 2.22%, 0, 0, 28, 450.92
1587608140, 2, 559, 1128, 808, 0, 2.22%, 0, 0, 28, 448.88
1587608150, 2, 559, 1129, 809, 0, 2.22%, 0, 0, 28, 497.51
1587608165, 2, 559, 1130, 810, 0, 2.22%, 0, 0, 28, 443.64
1587608175, 2, 559, 1131, 811, 0, 2.22%, 0, 0, 28, 475.77
1587608190, 2, 570, 1131, 810, 0, 2.22%, 0, 0, 28, 446.33
1587608195, 2, 577, 1131, 810, 0, 2.22%, 0, 0, 28, 498.65
1587608271, 2, 581, 1131, 809, 0, 2.22%, 0, 0, 28, 493.49
1587608337, 2, 581, 1132, 810, 0, 2.22%, 0, 0, 28, 424.98
1587608343, 2, 581, 1133, 811, 0, 2.22%, 0, 0, 28, 450.30
1587608348, 2, 581, 1134, 812, 0, 2.22%, 0, 0, 28, 367.69
1587608394, 2, 588, 1134, 811, 0, 2.22%, 0, 0, 28, 380.89
1587608495, 2, 600, 1134, 810, 0, 2.22%, 0, 0, 28, 465.14
1587608566, 2, 600, 1135, 811, 0, 2.22%, 0, 0, 28, 474.95
1587608576, 2, 600, 1137, 813, 0, 2.22%, 0, 0, 28, 444.43
1587608581, 2, 600, 1138, 814, 0, 2.22%, 0, 0, 28, 437.47
1587608586, 2, 600, 1139, 815, 0, 2.22%, 0, 0, 28, 450.50
1587608622, 2, 602, 1139, 814, 0, 2.22%, 0, 0, 28, 470.41
1587608678, 2, 604, 1139, 813, 0, 2.22%, 0, 0, 28, 475.43
1587608780, 2, 605, 1139, 812, 0, 2.22%, 0, 0, 28, 486.14
1587608882, 2, 606, 1139, 811, 0, 2.22%, 0, 0, 28, 512.24
1587608983, 2, 611, 1139, 810, 0, 2.22%, 0, 0, 28, 477.33
1587608988, 2, 614, 1139, 810, 0, 2.22%, 0, 0, 28, 482.09
1587609099, 2, 615, 1139, 809, 0, 2.22%, 0, 0, 28, 458.98
1587609212, 2, 621, 1139, 808, 0, 2.22%, 0, 0, 28, 469.51
1587609329, 2, 626, 1139, 807, 0, 2.22%, 0, 0, 28, 465.73
1587609476, 2, 637, 1139, 806, 0, 2.22%, 0, 0, 28, 455.40
1587609481, 2, 645, 1140, 807, 0, 2.22%, 0, 0, 28, 468.66
1587609486, 2, 645, 1142, 809, 0, 2.22%, 0, 0, 28, 445.08
1587609491, 2, 648, 1143, 810, 0, 2.22%, 0, 0, 28, 429.85
1587609496, 2, 648, 1149, 816, 0, 2.22%, 0, 0, 28, 399.79
1587609501, 2, 648, 1151, 818, 0, 2.22%, 0, 0, 28, 451.35
1587609506, 2, 651, 1152, 819, 0, 2.22%, 0, 0, 28, 491.70
1587609511, 2, 657, 1152, 819, 0, 2.22%, 0, 0, 28, 491.45
1587609546, 2, 659, 1152, 818, 0, 2.22%, 0, 0, 28, 466.93
1587609552, 2, 662, 1152, 818, 0, 2.22%, 0, 0, 28, 476.95
1587609653, 2, 662, 1153, 819, 0, 2.22%, 0, 0, 28, 448.87
1587609659, 2, 662, 1154, 820, 0, 2.22%, 0, 0, 28, 455.84
1587609669, 2, 662, 1155, 821, 0, 2.22%, 0, 0, 28, 442.07
1587609720, 2, 663, 1155, 820, 0, 2.22%, 0, 0, 28, 479.17
1587609806, 2, 663, 1157, 822, 0, 2.22%, 0, 0, 28, 456.47
1587609822, 2, 663, 1159, 824, 0, 2.22%, 0, 0, 28, 481.40
1587609857, 2, 664, 1160, 824, 0, 2.22%, 0, 0, 28, 459.79
1587609969, 2, 665, 1160, 823, 0, 2.22%, 0, 0, 28, 487.55
1587610060, 2, 671, 1160, 822, 0, 2.22%, 0, 0, 28, 496.78
1587610136, 2, 671, 1162, 824, 0, 2.22%, 0, 0, 28, 483.48
1587610187, 2, 681, 1162, 823, 0, 2.22%, 0, 0, 28, 462.12
1587610192, 2, 683, 1162, 823, 0, 2.22%, 0, 0, 28, 441.21
1587610360, 2, 688, 1162, 822, 0, 2.22%, 0, 0, 28, 445.50
1587610517, 2, 692, 1162, 821, 0, 2.22%, 0, 0, 28, 450.70
1587610674, 2, 693, 1162, 820, 0, 2.22%, 0, 0, 28, 410.68
1587610883, 2, 693, 1163, 821, 0, 2.22%, 0, 0, 28, 439.32
1587610899, 2, 694, 1163, 820, 0, 2.22%, 0, 0, 28, 458.58
1587610960, 2, 695, 1163, 819, 0, 2.22%, 0, 0, 28, 459.64
1587611158, 2, 695, 1164, 820, 0, 2.22%, 0, 0, 28, 443.71
1587611163, 2, 695, 1165, 821, 0, 2.22%, 0, 0, 28, 443.21
1587611173, 2, 695, 1166, 822, 0, 2.22%, 0, 0, 28, 448.49
1587611178, 2, 695, 1167, 823, 0, 2.22%, 0, 0, 28, 449.45
1587611204, 2, 700, 1167, 822, 0, 2.22%, 0, 0, 28, 420.01
1587611386, 2, 708, 1167, 821, 0, 2.22%, 0, 0, 28, 451.78
1587611534, 2, 711, 1171, 824, 0, 2.22%, 0, 0, 28, 436.85
1587611539, 2, 711, 1172, 825, 0, 2.22%, 0, 0, 28, 448.48
1587611549, 2, 713, 1172, 825, 0, 2.22%, 0, 0, 28, 455.88
1587611726, 2, 714, 1172, 824, 0, 2.22%, 0, 0, 28, 443.70
1587611732, 2, 714, 1173, 825, 0, 2.22%, 0, 0, 28, 478.32
1587611737, 2, 715, 1173, 825, 0, 2.22%, 0, 0, 28, 564.40
1587611782, 2, 715, 1174, 826, 0, 2.22%, 0, 0, 28, 487.67
1587611792, 2, 716, 1174, 825, 0, 2.22%, 0, 0, 28, 499.73
1587611884, 2, 717, 1174, 824, 0, 2.22%, 0, 0, 28, 488.68
1587611889, 2, 725, 1174, 824, 0, 2.22%, 0, 0, 28, 464.27
1587611894, 2, 727, 1174, 824, 0, 2.22%, 0, 0, 28, 545.26
1587611925, 2, 727, 1175, 825, 0, 2.22%, 0, 0, 28, 535.93
1587611940, 2, 731, 1175, 824, 0, 2.22%, 0, 0, 28, 534.78
1587611981, 2, 731, 1176, 825, 0, 2.22%, 0, 0, 28, 544.11
1587611986, 2, 731, 1177, 826, 0, 2.22%, 0, 0, 28, 491.33
1587611997, 2, 731, 1178, 827, 0, 2.22%, 0, 0, 28, 485.59
1587612052, 2, 736, 1182, 830, 0, 2.22%, 0, 0, 28, 448.31
1587612058, 2, 736, 1184, 832, 0, 2.22%, 0, 0, 28, 433.65
1587612063, 2, 736, 1185, 833, 0, 2.22%, 0, 0, 28, 461.17
1587612068, 2, 836, 1185, 833, 2, 2.22%, 0, 0, 28, 544.80
1587612103, 2, 867, 1185, 832, 2, 2.22%, 0, 0, 28, 568.36
1587612317, 2, 867, 1186, 833, 2, 2.22%, 0, 0, 28, 422.13
1587612332, 2, 867, 1187, 834, 2, 2.22%, 0, 0, 28, 427.60
1587612337, 2, 867, 1188, 835, 2, 2.22%, 0, 0, 28, 427.95
1587612352, 2, 913, 1188, 834, 2, 2.22%, 0, 0, 28, 423.65
1587612494, 2, 1029, 1188, 833, 2, 2.22%, 0, 0, 28, 526.44
1587612550, 2, 1178, 1188, 832, 2, 2.22%, 0, 0, 28, 477.36
1587612581, 2, 1178, 1189, 833, 2, 2.22%, 0, 0, 28, 483.21
1587612657, 2, 1178, 1192, 836, 2, 2.22%, 0, 0, 28, 460.05
1587612662, 2, 1178, 1195, 839, 2, 2.22%, 0, 0, 28, 441.28
1587612668, 2, 1178, 1197, 841, 2, 2.23%, 0, 0, 28, 432.86
1587612683, 2, 1178, 1198, 842, 2, 2.23%, 0, 0, 28, 444.60
1587612703, 2, 1178, 1199, 843, 2, 2.23%, 0, 0, 28, 447.60
1587612713, 2, 1191, 1200, 843, 2, 2.23%, 0, 0, 28, 405.98
1587612729, 2, 1191, 1201, 844, 2, 2.23%, 0, 0, 28, 412.74
1587612769, 2, 1191, 1202, 845, 2, 2.23%, 0, 0, 28, 410.49
1587612779, 2, 1191, 1203, 846, 2, 2.23%, 0, 0, 28, 402.80
1587612850, 2, 1191, 1204, 847, 2, 2.23%, 0, 0, 28, 408.02
1587612875, 2, 1191, 1205, 848, 2, 2.23%, 0, 0, 28, 422.29
1587612937, 2, 1191, 1207, 850, 2, 2.23%, 0, 0, 28, 438.01
1587612942, 2, 1191, 1208, 851, 2, 2.23%, 0, 0, 28, 420.03
1587612947, 2, 1191, 1210, 853, 2, 2.23%, 0, 0, 28, 382.66
1587612952, 2, 1191, 1211, 854, 2, 2.23%, 0, 0, 28, 376.31
1587612962, 2, 1191, 1213, 856, 2, 2.23%, 0, 0, 28, 452.89
1587612977, 2, 1191, 1214, 857, 2, 2.23%, 0, 0, 28, 448.72
1587612987, 2, 1191, 1215, 858, 2, 2.23%, 0, 0, 28, 446.13
1587612992, 2, 1194, 1217, 859, 2, 2.23%, 0, 0, 28, 438.78
1587613003, 2, 1194, 1218, 860, 2, 2.23%, 0, 0, 28, 426.03
1587613038, 2, 1194, 1219, 861, 2, 2.23%, 0, 0, 28, 446.32
1587613181, 2, 1194, 1220, 862, 2, 2.23%, 0, 0, 28, 409.29
1587613186, 2, 1194, 1221, 863, 2, 2.23%, 0, 0, 28, 410.91
1587613191, 2, 1194, 1223, 865, 2, 2.23%, 0, 0, 28, 431.36
1587613202, 2, 1194, 1224, 866, 2, 2.23%, 0, 0, 28, 431.54
1587613217, 2, 1194, 1225, 867, 2, 2.23%, 0, 0, 28, 419.89
1587613237, 2, 1203, 1225, 866, 3, 2.23%, 0, 0, 28, 423.64
1587613465, 2, 1203, 1227, 868, 3, 2.23%, 0, 0, 28, 417.18
1587613475, 2, 1203, 1229, 870, 3, 2.23%, 0, 0, 28, 432.25
1587613485, 2, 1203, 1233, 874, 3, 2.23%, 0, 0, 28, 442.58
1587613495, 2, 1203, 1234, 875, 3, 2.23%, 0, 0, 28, 451.38
1587613500, 2, 1217, 1234, 874, 2, 2.23%, 0, 0, 28, 434.92
1587613541, 2, 1217, 1235, 875, 2, 2.23%, 0, 0, 28, 435.73
1587613683, 2, 1217, 1241, 881, 2, 2.23%, 0, 0, 28, 425.47
1587613688, 2, 1217, 1244, 884, 2, 2.23%, 0, 0, 28, 439.65
1587613693, 2, 1217, 1246, 886, 2, 2.23%, 0, 0, 28, 434.41
1587613698, 2, 1217, 1249, 889, 2, 2.23%, 0, 0, 28, 427.72
1587613729, 2, 1237, 1249, 888, 3, 2.23%, 0, 0, 28, 417.90
1587613957, 2, 1237, 1250, 889, 3, 2.23%, 0, 0, 28, 407.00
1587613963, 2, 1237, 1251, 890, 3, 2.23%, 0, 0, 28, 414.17
1587613968, 2, 1237, 1252, 891, 3, 2.23%, 0, 0, 28, 416.15
1587613978, 2, 1237, 1253, 892, 3, 2.23%, 0, 0, 28, 415.12
1587613988, 2, 1237, 1255, 894, 3, 2.23%, 0, 0, 28, 423.77
1587614003, 2, 1247, 1256, 894, 2, 2.23%, 0, 0, 28, 400.87
1587614271, 2, 1247, 1258, 896, 2, 2.23%, 0, 0, 28, 414.93
1587614277, 2, 1247, 1259, 897, 2, 2.23%, 0, 0, 28, 426.48
1587614312, 2, 1247, 1261, 899, 2, 2.23%, 0, 0, 28, 429.35
1587614317, 3, 601, 1261, 898, 1, 2.23%, 0, 0, 28, 362.88
1587614409, 3, 1013, 1261, 897, 1, 2.23%, 0, 0, 28, 405.04
1587614500, 3, 1013, 1263, 899, 1, 2.23%, 0, 0, 28, 416.46
1587614510, 3, 1013, 1264, 900, 1, 2.23%, 0, 0, 28, 413.13
1587614535, 3, 1013, 1265, 901, 1, 2.23%, 0, 0, 28, 389.77
1587614581, 3, 1018, 1265, 900, 1, 2.23%, 0, 0, 28, 443.30
1587614663, 3, 1018, 1267, 902, 1, 2.23%, 0, 0, 28, 420.53
1587614668, 3, 1018, 1269, 904, 1, 2.23%, 0, 0, 28, 390.41
1587614745, 3, 1085, 1269, 903, 1, 2.23%, 0, 0, 28, 414.25
1587614902, 3, 1085, 1271, 905, 1, 2.23%, 0, 0, 28, 326.49
1587614907, 3, 1085, 1272, 906, 1, 2.23%, 0, 0, 28, 335.39
1587614948, 3, 1085, 1273, 907, 1, 2.23%, 0, 0, 28, 403.78
1587614988, 3, 1183, 1273, 906, 1, 2.23%, 0, 0, 28, 402.44
1587615156, 3, 1187, 1273, 905, 0, 2.23%, 0, 0, 28, 303.96
1587615171, 3, 1187, 1274, 906, 0, 2.23%, 0, 0, 28, 232.17
1587615202, 3, 1187, 1275, 907, 0, 2.23%, 0, 0, 28, 233.91
1587615369, 3, 1187, 1276, 908, 0, 2.23%, 0, 0, 28, 216.18
1587615665, 3, 1187, 1277, 909, 0, 2.23%, 0, 0, 28, 285.56
1587615675, 3, 1187, 1280, 912, 0, 2.23%, 0, 0, 28, 225.09
1587615695, 3, 1187, 1281, 913, 0, 2.23%, 0, 0, 28, 336.23
1587615700, 3, 1187, 1282, 914, 0, 2.23%, 0, 0, 28, 333.93
1587615726, 3, 1190, 1282, 913, 0, 2.23%, 0, 0, 28, 345.31
1587616000, 3, 1191, 1282, 912, 0, 2.23%, 0, 0, 28, 439.14
1587616005, 3, 1196, 1282, 912, 0, 2.23%, 0, 0, 28, 371.03
1587616072, 3, 1196, 1283, 913, 0, 2.23%, 0, 0, 28, 317.85
1587616117, 3, 1196, 1284, 914, 0, 2.23%, 0, 0, 28, 318.07
1587616564, 3, 1196, 1285, 915, 0, 2.23%, 0, 0, 28, 350.03
1587616570, 3, 1196, 1287, 917, 0, 2.23%, 0, 0, 28, 386.40
1587616580, 3, 1196, 1289, 919, 0, 2.23%, 0, 0, 28, 383.80
1587616585, 3, 1196, 1290, 920, 0, 2.23%, 0, 0, 28, 379.74
1587616590, 3, 1196, 1291, 921, 0, 2.23%, 0, 0, 28, 381.51
1587616610, 3, 1200, 1292, 921, 0, 2.23%, 0, 0, 28, 366.83
1587616666, 3, 1200, 1293, 922, 0, 2.23%, 0, 0, 28, 418.91
1587616676, 3, 1200, 1294, 923, 0, 2.23%, 0, 0, 28, 419.95
1587616824, 3, 1200, 1295, 924, 0, 2.23%, 0, 0, 28, 392.74
1587616844, 3, 1200, 1296, 925, 0, 2.23%, 0, 0, 28, 401.04
1587616854, 3, 1200, 1297, 926, 0, 2.23%, 0, 0, 28, 442.09
1587616859, 3, 1200, 1299, 928, 0, 2.23%, 0, 0, 28, 427.03
1587616869, 3, 1200, 1300, 929, 0, 2.23%, 0, 0, 28, 430.67
1587616885, 3, 1203, 1300, 928, 0, 2.23%, 0, 0, 28, 396.95
1587616890, 3, 1203, 1301, 929, 0, 2.23%, 0, 0, 28, 406.81
1587616895, 3, 1204, 1301, 929, 1, 2.23%, 0, 0, 28, 417.14
1587616936, 3, 1204, 1302, 930, 1, 2.23%, 0, 0, 28, 445.97
1587617067, 3, 1204, 1303, 931, 1, 2.23%, 0, 0, 28, 427.26
1587617078, 3, 1204, 1304, 932, 1, 2.23%, 0, 0, 28, 440.51
1587617103, 3, 1204, 1305, 933, 1, 2.23%, 0, 0, 28, 440.37
1587617123, 3, 1300, 1307, 934, 1, 2.24%, 0, 0, 28, 354.20
1587617128, 3, 1300, 1308, 935, 1, 2.24%, 0, 0, 28, 331.06
1587617301, 3, 1300, 1309, 936, 1, 2.24%, 0, 0, 28, 348.93
1587617590, 3, 1300, 1320, 947, 1, 2.25%, 0, 0, 28, 369.50
1587617595, 3, 1300, 1322, 949, 1, 2.25%, 0, 0, 28, 374.59
1587617605, 3, 1300, 1324, 951, 1, 2.25%, 0, 0, 28, 383.02
1587617615, 3, 1300, 1327, 954, 1, 2.25%, 0, 0, 28, 366.40
1587617621, 3, 1300, 1328, 955, 1, 2.25%, 0, 0, 28, 377.41
1587617631, 3, 1300, 1329, 956, 1, 2.25%, 0, 0, 28, 316.11
1587617636, 3, 1300, 1330, 957, 1, 2.25%, 0, 0, 28, 375.98
1587617641, 3, 1300, 1331, 958, 1, 2.25%, 0, 0, 28, 380.51
1587617656, 3, 1300, 1332, 959, 1, 2.25%, 0, 0, 28, 377.16
1587617671, 3, 1300, 1334, 961, 1, 2.25%, 0, 0, 28, 388.97
1587617676, 3, 1306, 1334, 960, 7, 2.25%, 0, 0, 28, 351.72
1587618180, 3, 1306, 1335, 961, 7, 2.25%, 0, 0, 28, 341.12
1587618185, 3, 1306, 1337, 963, 7, 2.25%, 0, 0, 28, 357.04
1587618190, 3, 1306, 1338, 964, 7, 2.25%, 0, 0, 28, 360.03
1587618195, 3, 1306, 1341, 967, 7, 2.25%, 0, 0, 28, 360.84
1587618221, 3, 1306, 1344, 970, 7, 2.25%, 0, 0, 28, 345.96
1587618226, 3, 1306, 1345, 971, 7, 2.25%, 0, 0, 28, 367.66
1587618236, 3, 1306, 1346, 972, 7, 2.25%, 0, 0, 28, 380.87
1587618246, 3, 1307, 1346, 971, 7, 2.25%, 0, 0, 28, 339.77
1587618761, 3, 1307, 1347, 972, 7, 2.25%, 0, 0, 28, 372.43
1587618791, 3, 1313, 1347, 971, 6, 2.25%, 0, 0, 28, 429.65
1587618945, 3, 1313, 1348, 972, 6, 2.25%, 0, 0, 28, 458.53
1587618961, 3, 1313, 1349, 973, 6, 2.25%, 0, 0, 28, 447.49
1587619002, 3, 1313, 1350, 974, 6, 2.26%, 0, 0, 28, 432.40
1587619012, 3, 1315, 1350, 973, 4, 2.26%, 0, 0, 28, 429.47
1587619296, 3, 1315, 1352, 975, 4, 2.26%, 0, 0, 28, 398.48
1587619301, 3, 1315, 1353, 976, 4, 2.26%, 0, 0, 28, 407.80
1587619311, 3, 1315, 1354, 977, 4, 2.26%, 0, 0, 28, 407.92
1587619322, 3, 1315, 1355, 978, 4, 2.26%, 0, 0, 28, 411.45
1587619332, 3, 1315, 1356, 979, 4, 2.26%, 0, 0, 28, 416.42
1587619362, 3, 1315, 1357, 980, 4, 2.26%, 0, 0, 28, 416.02
1587619372, 3, 1315, 1358, 981, 4, 2.26%, 0, 0, 28, 430.11
1587619377, 3, 1317, 1358, 980, 3, 2.26%, 0, 0, 28, 301.57
1587620279, 3, 1317, 1359, 981, 3, 2.26%, 0, 0, 28, 308.03
1587620320, 3, 1330, 1359, 980, 3, 2.26%, 0, 0, 28, 401.41
1587620478, 3, 1330, 1360, 981, 3, 2.26%, 0, 0, 28, 475.08
1587620493, 3, 1330, 1361, 982, 3, 2.26%, 0, 0, 28, 420.39
1587620498, 3, 1330, 1363, 984, 3, 2.26%, 0, 0, 28, 420.57
1587620513, 3, 1330, 1364, 985, 3, 2.26%, 0, 0, 28, 422.72
1587620538, 3, 1330, 1365, 986, 3, 2.26%, 0, 0, 28, 412.42
1587620563, 3, 1337, 1365, 985, 3, 2.26%, 0, 0, 28, 345.98
1587621008, 3, 1337, 1366, 986, 3, 2.26%, 0, 0, 28, 298.58
1587621054, 3, 1349, 1367, 986, 2, 2.26%, 0, 0, 28, 397.76
1587621059, 3, 1349, 1369, 988, 2, 2.26%, 0, 0, 28, 395.42
1587621374, 3, 1349, 1372, 991, 2, 2.27%, 0, 0, 28, 421.05
1587621399, 3, 1349, 1373, 992, 2, 2.27%, 0, 0, 28, 404.86
1587621414, 3, 1349, 1376, 995, 2, 2.27%, 0, 0, 28, 427.25
1587621419, 3, 1349, 1380, 999, 2, 2.27%, 0, 0, 28, 417.12
1587621424, 3, 1349, 1383, 1002, 2, 2.27%, 0, 0, 28, 402.51
1587621429, 3, 1349, 1384, 1003, 2, 2.27%, 0, 0, 28, 423.82
1587621434, 3, 1349, 1386, 1005, 2, 2.28%, 0, 0, 28, 42.93
1587621439, 3, 1349, 1387, 1006, 2, 2.28%, 0, 0, 28, 432.63
1587621444, 3, 1349, 1389, 1008, 2, 2.28%, 0, 0, 28, 402.69
1587621449, 3, 1349, 1390, 1009, 2, 2.28%, 0, 0, 28, 386.26
1587621454, 3, 1349, 1393, 1012, 2, 2.28%, 0, 0, 28, 415.30
1587621460, 3, 1349, 1394, 1013, 2, 2.28%, 0, 0, 28, 413.17
1587621465, 3, 1368, 1396, 1014, 8, 2.28%, 0, 0, 28, 392.22
1587621845, 3, 1368, 1397, 1015, 8, 2.28%, 0, 0, 28, 384.46
1587621855, 3, 1368, 1398, 1016, 8, 2.28%, 0, 0, 28, 390.84
1587621871, 3, 1368, 1399, 1017, 8, 2.28%, 0, 0, 28, 341.81
1587621891, 3, 1368, 1401, 1019, 8, 2.28%, 0, 0, 28, 381.94
1587621896, 3, 1368, 1403, 1021, 8, 2.28%, 0, 0, 28, 323.17
1587621906, 3, 1370, 1403, 1020, 7, 2.28%, 0, 0, 28, 407.23
1587622171, 3, 1370, 1404, 1021, 7, 2.28%, 0, 0, 28, 418.87
1587622176, 3, 1370, 1405, 1022, 7, 2.28%, 0, 0, 28, 442.12
1587622216, 3, 1371, 1405, 1021, 7, 2.28%, 0, 0, 28, 468.37
1587622471, 3, 1371, 1406, 1022, 7, 2.28%, 0, 0, 28, 425.25
1587622476, 3, 1371, 1407, 1023, 7, 2.28%, 0, 0, 28, 436.35
1587622481, 3, 1371, 1408, 1024, 7, 2.28%, 0, 0, 28, 22.35
1587622502, 3, 1371, 1409, 1025, 7, 2.28%, 0, 0, 28, 390.76
1587622517, 3, 1372, 1409, 1024, 7, 2.28%, 0, 0, 28, 427.03
1587622867, 3, 1372, 1410, 1025, 7, 2.28%, 0, 0, 28, 395.21
1587622882, 3, 1372, 1411, 1026, 7, 2.28%, 0, 0, 28, 391.83
1587622903, 3, 1372, 1412, 1027, 7, 2.28%, 0, 0, 28, 413.80
1587622928, 3, 1372, 1414, 1029, 7, 2.28%, 0, 0, 28, 403.96
1587622943, 3, 1378, 1415, 1029, 6, 2.28%, 0, 0, 28, 385.39
1587623269, 3, 1378, 1416, 1030, 6, 2.28%, 0, 0, 28, 404.70
1587623299, 3, 1378, 1417, 1031, 6, 2.28%, 0, 0, 28, 394.26
1587623315, 3, 1399, 1417, 1030, 5, 2.28%, 0, 0, 28, 397.80
1587623320, 3, 1399, 1418, 1031, 5, 2.28%, 0, 0, 29, 403.46
1587623325, 3, 1399, 1419, 1032, 5, 2.28%, 0, 0, 29, 395.03
1587623660, 3, 1399, 1422, 1035, 5, 2.28%, 0, 0, 29, 411.60
1587623665, 3, 1399, 1423, 1036, 5, 2.28%, 0, 0, 29, 403.95
1587623705, 3, 1400, 1423, 1035, 5, 2.28%, 0, 0, 29, 433.88
1587623731, 3, 1400, 1424, 1036, 5, 2.28%, 0, 0, 29, 427.70
1587623746, 3, 1400, 1425, 1037, 5, 2.28%, 0, 0, 29, 435.86
1587624011, 3, 1400, 1427, 1039, 5, 2.28%, 0, 0, 29, 426.25
1587624016, 3, 1400, 1428, 1040, 5, 2.28%, 0, 0, 29, 421.84
1587624031, 3, 1400, 1429, 1041, 5, 2.28%, 0, 0, 29, 429.35
1587624037, 3, 1400, 1430, 1042, 5, 2.28%, 0, 0, 29, 414.01
1587624042, 3, 1400, 1431, 1043, 5, 2.28%, 0, 0, 29, 404.81
1587624047, 3, 1400, 1432, 1044, 5, 2.28%, 0, 0, 29, 402.86
1587624057, 3, 1400, 1433, 1045, 5, 2.28%, 0, 0, 29, 424.46
1587624062, 3, 1401, 1433, 1044, 7, 2.28%, 0, 0, 29, 424.03
1587624305, 3, 1401, 1434, 1045, 7, 2.34%, 0, 0, 29, 465.73
1587624356, 3, 1401, 1437, 1048, 7, 2.34%, 0, 0, 29, 447.14
1587624371, 3, 1401, 1438, 1049, 7, 2.34%, 0, 0, 29, 450.63
1587624392, 3, 1403, 1438, 1048, 7, 2.34%, 0, 0, 29, 479.07
1587624656, 3, 1403, 1439, 1049, 7, 2.34%, 0, 0, 29, 432.72
1587624661, 3, 1403, 1440, 1050, 7, 2.34%, 0, 0, 29, 438.39
1587624676, 3, 1403, 1441, 1051, 7, 2.34%, 0, 0, 29, 370.81
1587624681, 3, 1403, 1442, 1052, 7, 2.34%, 0, 0, 29, 424.28
1587624691, 3, 1405, 1442, 1051, 6, 2.34%, 0, 0, 29, 459.76
1587624956, 3, 1417, 1442, 1050, 5, 2.34%, 0, 0, 29, 442.94
1587624972, 3, 1417, 1443, 1051, 5, 2.34%, 0, 0, 30, 398.38
1587625327, 3, 1417, 1444, 1052, 5, 2.34%, 0, 0, 30, 421.17
1587625337, 3, 1417, 1445, 1053, 5, 2.34%, 0, 0, 30, 421.65
1587625342, 3, 1417, 1446, 1054, 5, 2.34%, 0, 0, 30, 407.94
1587625358, 3, 1417, 1447, 1055, 5, 2.34%, 0, 0, 30, 405.83
1587625368, 3, 1424, 1447, 1054, 4, 2.34%, 0, 0, 30, 409.92
1587625678, 3, 1424, 1448, 1055, 4, 2.34%, 0, 0, 30, 388.47
1587625683, 3, 1424, 1449, 1056, 4, 2.34%, 0, 0, 30, 411.54
1587625688, 3, 1424, 1450, 1057, 4, 2.34%, 0, 0, 30, 442.98
1587625714, 3, 1424, 1451, 1058, 4, 2.34%, 0, 0, 30, 410.66
1587625724, 3, 1431, 1451, 1057, 3, 2.34%, 0, 0, 30, 446.66
1587626018, 3, 1433, 1451, 1056, 2, 2.34%, 0, 0, 30, 434.97
1587626034, 3, 1433, 1452, 1057, 2, 2.35%, 0, 0, 30, 461.55
1587626263, 3, 1433, 1454, 1059, 2, 2.35%, 0, 0, 30, 441.25
1587626289, 3, 1433, 1455, 1060, 2, 2.35%, 0, 0, 30, 435.76
1587626309, 3, 1451, 1455, 1059, 4, 2.35%, 0, 0, 30, 457.46
1587626564, 3, 1451, 1456, 1060, 4, 2.36%, 0, 0, 31, 441.89
1587626569, 3, 1451, 1458, 1062, 4, 2.36%, 0, 0, 31, 423.05
1587626574, 3, 1451, 1459, 1063, 4, 2.36%, 0, 0, 31, 426.53
1587626614, 3, 1452, 1459, 1062, 4, 2.36%, 0, 0, 31, 448.53
1587626696, 3, 1452, 1460, 1063, 4, 2.37%, 0, 0, 31, 453.77
1587626865, 3, 1454, 1460, 1062, 4, 2.37%, 0, 0, 31, 442.28
1587626885, 3, 1454, 1462, 1064, 4, 2.37%, 0, 0, 31, 409.00
1587626890, 3, 1454, 1464, 1066, 4, 2.37%, 0, 0, 31, 398.82
1587626895, 3, 1454, 1465, 1067, 4, 2.37%, 0, 0, 31, 408.28
1587627256, 3, 1454, 1467, 1069, 4, 2.38%, 0, 0, 31, 379.46
1587627303, 3, 1454, 1468, 1070, 4, 2.38%, 0, 0, 31, 394.27
1587627333, 3, 1454, 1470, 1072, 4, 2.38%, 0, 0, 31, 380.74
1587627338, 3, 1454, 1476, 1078, 4, 2.38%, 0, 0, 31, 375.03
1587627343, 3, 1454, 1477, 1079, 4, 2.38%, 0, 0, 31, 355.29
1587627358, 3, 1454, 1482, 1084, 4, 2.38%, 0, 0, 31, 361.00
1587627363, 3, 1454, 1484, 1086, 4, 2.38%, 0, 0, 31, 372.43
1587627369, 3, 1454, 1485, 1087, 4, 2.38%, 0, 0, 31, 378.20
1587627374, 3, 1454, 1488, 1090, 4, 2.38%, 0, 0, 31, 386.42
1587627379, 3, 1454, 1489, 1091, 4, 2.38%, 0, 0, 31, 340.38
1587627384, 3, 1454, 1490, 1092, 4, 2.38%, 0, 0, 31, 357.55
1587627389, 3, 1454, 1491, 1093, 4, 2.38%, 0, 0, 31, 364.70
1587627394, 3, 1454, 1492, 1094, 4, 2.38%, 0, 0, 31, 368.48
1587627420, 3, 1455, 1492, 1093, 9, 2.38%, 0, 0, 31, 372.70
1587627440, 3, 1455, 1493, 1094, 9, 2.38%, 0, 0, 32, 357.26
1587627450, 3, 1455, 1494, 1095, 9, 2.40%, 0, 0, 32, 353.75
1587627953, 3, 1455, 1495, 1096, 9, 2.40%, 0, 0, 32, 365.33
1587627958, 3, 1455, 1497, 1098, 9, 2.40%, 0, 0, 32, 373.06
1587627963, 3, 1455, 1498, 1099, 9, 2.40%, 0, 0, 32, 385.81
1587628004, 3, 1459, 1498, 1098, 9, 2.40%, 0, 0, 32, 426.48
1587628243, 3, 1459, 1499, 1099, 9, 2.40%, 0, 0, 32, 433.70
1587628274, 3, 1460, 1499, 1098, 8, 2.40%, 0, 0, 32, 400.75
1587628299, 3, 1460, 1500, 1099, 8, 2.40%, 0, 0, 32, 404.68
1587628722, 3, 1460, 1504, 1103, 8, 2.40%, 0, 0, 32, 429.81
1587628727, 3, 1460, 1505, 1104, 8, 2.40%, 0, 0, 32, 401.37
1587628733, 3, 1460, 1506, 1105, 8, 2.40%, 0, 0, 32, 402.42
1587628758, 3, 1460, 1507, 1106, 8, 2.40%, 0, 0, 32, 424.61
1587628779, 3, 1460, 1508, 1107, 8, 2.40%, 0, 0, 32, 422.62
1587628784, 3, 1460, 1509, 1108, 8, 2.40%, 0, 0, 32, 404.57
1587628789, 3, 1460, 1510, 1109, 8, 2.40%, 0, 0, 32, 400.63
1587628794, 3, 1464, 1510, 1108, 7, 2.40%, 0, 0, 32, 409.60
1587629244, 3, 1464, 1511, 1109, 7, 2.40%, 0, 0, 32, 376.58
1587629249, 3, 1464, 1512, 1110, 7, 2.40%, 0, 0, 32, 0.69
1587629281, 3, 1464, 1513, 1111, 7, 2.40%, 0, 0, 32, 389.63
1587629311, 3, 1464, 1515, 1113, 7, 2.40%, 0, 0, 32, 420.83
1587629321, 3, 1464, 1516, 1114, 7, 2.40%, 0, 0, 32, 405.32
1587629326, 3, 1464, 1517, 1115, 7, 2.40%, 0, 0, 32, 408.84
1587629331, 3, 1474, 1517, 1114, 8, 2.40%, 0, 0, 32, 422.42
1587629722, 3, 1474, 1518, 1115, 8, 2.40%, 0, 0, 32, 408.73
1587629747, 3, 1474, 1519, 1116, 8, 2.40%, 0, 0, 32, 438.77
1587629757, 3, 1476, 1519, 1115, 10, 2.40%, 0, 0, 32, 421.86
1587630302, 3, 1482, 1519, 1114, 9, 2.40%, 0, 0, 32, 318.48
1587630307, 3, 1482, 1520, 1115, 9, 2.40%, 0, 0, 32, 299.01
1587630317, 3, 1482, 1521, 1116, 9, 2.40%, 0, 0, 32, 287.99
1587630322, 3, 1482, 1522, 1117, 9, 2.40%, 0, 0, 32, 288.11
1587630333, 3, 1482, 1523, 1118, 9, 2.40%, 0, 0, 32, 281.58
1587631525, 3, 1482, 1529, 1124, 9, 2.40%, 0, 0, 32, 321.62
1587631530, 3, 1482, 1532, 1127, 9, 2.40%, 0, 0, 32, 319.16
1587631535, 3, 1482, 1534, 1129, 9, 2.40%, 0, 0, 32, 315.07
1587631545, 3, 1482, 1535, 1130, 9, 2.40%, 0, 0, 32, 306.13
1587631550, 3, 1482, 1536, 1131, 9, 2.40%, 0, 0, 32, 297.70
1587631571, 3, 1482, 1537, 1132, 9, 2.40%, 0, 0, 32, 308.51
1587631581, 3, 1482, 1538, 1133, 9, 2.40%, 0, 0, 32, 313.13
1587631586, 3, 1482, 1539, 1134, 9, 2.40%, 0, 0, 32, 317.39
1587631596, 3, 1482, 1540, 1135, 9, 2.40%, 0, 0, 32, 318.32
1587631601, 3, 1493, 1540, 1134, 9, 2.40%, 0, 0, 32, 400.04
1587631611, 3, 1493, 1541, 1135, 9, 2.41%, 0, 0, 33, 397.77
1587632028, 3, 1493, 1542, 1136, 9, 2.41%, 0, 0, 33, 391.93
1587632063, 3, 1493, 1543, 1137, 9, 2.41%, 0, 0, 33, 389.45
1587632098, 3, 1494, 1543, 1136, 9, 2.41%, 0, 0, 33, 401.95
1587632963, 3, 1494, 1544, 1137, 9, 2.41%, 0, 0, 33, 357.88
1587632988, 3, 1494, 1545, 1138, 9, 2.41%, 0, 0, 33, 368.85
1587632999, 3, 1494, 1546, 1139, 9, 2.41%, 0, 0, 33, 372.13
1587633019, 3, 1498, 1546, 1138, 9, 2.41%, 0, 0, 33, 408.53
1587633044, 3, 1498, 1547, 1139, 9, 2.41%, 0, 0, 33, 413.66
1587633421, 3, 1498, 1549, 1141, 9, 2.41%, 0, 0, 33, 417.95
1587633498, 3, 1504, 1549, 1140, 8, 2.41%, 0, 0, 33, 392.56
1587633513, 3, 1504, 1550, 1141, 8, 2.41%, 0, 0, 33, 401.93
1587633523, 3, 1504, 1552, 1143, 8, 2.41%, 0, 0, 33, 415.83
1587633549, 3, 1504, 1553, 1144, 8, 2.41%, 0, 0, 33, 417.27
1587633590, 3, 1504, 1554, 1145, 8, 2.41%, 0, 0, 33, 418.82
1587633793, 3, 1504, 1556, 1147, 8, 2.41%, 0, 0, 33, 414.90
1587633931, 3, 1504, 1557, 1148, 8, 2.41%, 0, 0, 33, 421.31
1587633936, 3, 1504, 1559, 1150, 8, 2.41%, 0, 0, 33, 406.62
1587633941, 3, 1504, 1564, 1155, 8, 2.41%, 0, 0, 33, 415.89
1587633946, 3, 1504, 1566, 1157, 8, 2.41%, 0, 0, 33, 401.90
1587633951, 3, 1504, 1567, 1158, 8, 2.41%, 0, 0, 33, 406.69
1587633956, 3, 1504, 1568, 1159, 8, 2.41%, 0, 0, 33, 393.12
1587633961, 3, 1504, 1569, 1160, 8, 2.41%, 0, 0, 33, 383.24
1587633966, 3, 1504, 1570, 1161, 8, 2.41%, 0, 0, 33, 402.72
1587633971, 3, 1504, 1571, 1162, 8, 2.41%, 0, 0, 33, 394.31
1587633997, 3, 1512, 1572, 1162, 8, 2.41%, 0, 0, 33, 404.06
1587634032, 3, 1512, 1573, 1163, 8, 2.41%, 0, 0, 33, 415.07
1587634418, 3, 1512, 1574, 1164, 8, 2.41%, 0, 0, 33, 403.73
1587634479, 3, 1512, 1575, 1165, 8, 2.41%, 0, 0, 33, 385.52
1587634484, 3, 1512, 1576, 1166, 8, 2.41%, 0, 0, 33, 398.63
1587634499, 3, 1512, 1577, 1167, 8, 2.41%, 0, 0, 33, 402.05
1587634530, 3, 1540, 1577, 1166, 9, 2.41%, 0, 0, 33, 408.23
1587635001, 3, 1546, 1577, 1165, 8, 2.41%, 0, 0, 33, 389.31
1587635424, 3, 1546, 1578, 1166, 8, 2.41%, 0, 0, 34, 400.72
1587635449, 3, 1546, 1580, 1168, 8, 2.41%, 0, 0, 34, 405.00
1587635455, 3, 1546, 1581, 1169, 8, 2.41%, 0, 0, 34, 399.05
1587635495, 3, 1552, 1581, 1168, 7, 2.41%, 0, 0, 34, 379.57
1587635973, 3, 1552, 1582, 1169, 7, 2.41%, 0, 0, 34, 388.15
1587635993, 3, 1552, 1583, 1170, 7, 2.41%, 0, 0, 34, 394.73
1587636003, 3, 1552, 1584, 1171, 7, 2.41%, 0, 0, 34, 376.42
1587636013, 3, 1552, 1585, 1172, 7, 2.41%, 0, 0, 34, 344.78
1587636018, 3, 1552, 1586, 1173, 7, 2.41%, 0, 0, 34, 382.75
1587636028, 3, 1553, 1586, 1172, 6, 2.41%, 0, 0, 34, 391.85
1587636389, 3, 1553, 1587, 1173, 6, 2.41%, 0, 0, 34, 418.33
1587636480, 3, 1553, 1588, 1174, 6, 2.41%, 0, 0, 34, 384.49
1587636486, 3, 1553, 1589, 1175, 6, 2.41%, 0, 0, 34, 396.59
1587636491, 3, 1553, 1590, 1176, 6, 2.41%, 0, 0, 34, 404.04
1587636551, 3, 1555, 1590, 1175, 5, 2.41%, 0, 0, 34, 425.54
1587636943, 3, 1555, 1591, 1176, 5, 2.41%, 0, 0, 34, 393.25
1587636958, 3, 1555, 1592, 1177, 5, 2.41%, 0, 0, 34, 410.64
1587636988, 3, 1556, 1592, 1176, 4, 2.41%, 0, 0, 34, 402.92
1587637505, 3, 1556, 1593, 1177, 4, 2.41%, 0, 0, 34, 379.82
1587637510, 3, 1556, 1594, 1178, 4, 2.41%, 0, 0, 34, 393.78
1587637525, 3, 1556, 1595, 1179, 4, 2.42%, 0, 0, 34, 385.20
1587637530, 3, 1556, 1596, 1180, 4, 2.42%, 0, 0, 34, 398.26
1587637546, 3, 1556, 1597, 1181, 4, 2.42%, 0, 0, 34, 390.15
1587637551, 3, 1571, 1597, 1180, 4, 2.42%, 0, 0, 34, 405.95
1587638023, 3, 1573, 1597, 1179, 3, 2.42%, 0, 0, 34, 394.43
1587638505, 3, 1573, 1598, 1180, 3, 2.42%, 0, 0, 34, 412.94
1587638525, 3, 1573, 1600, 1182, 3, 2.42%, 0, 0, 34, 370.32
1587638561, 3, 1595, 1600, 1181, 2, 2.42%, 0, 0, 34, 299.84
1587638566, 3, 1595, 1603, 1184, 2, 2.42%, 0, 0, 35, 333.77
1587638571, 3, 1595, 1604, 1185, 2, 2.42%, 0, 0, 35, 343.04
1587638592, 3, 1595, 1606, 1187, 2, 2.42%, 0, 0, 35, 347.67
1587638597, 3, 1595, 1611, 1192, 2, 2.42%, 0, 0, 35, 344.42
1587638602, 3, 1595, 1612, 1193, 2, 2.42%, 0, 0, 35, 350.08
1587638607, 3, 1595, 1616, 1197, 2, 2.42%, 0, 0, 35, 341.27
1587638673, 3, 1595, 1617, 1198, 2, 2.42%, 0, 0, 35, 347.59
1587639438, 3, 1595, 1618, 1199, 2, 2.43%, 0, 0, 35, 347.44
1587639443, 3, 1595, 1621, 1202, 2, 2.43%, 0, 0, 35, 320.66
1587639449, 3, 1595, 1625, 1206, 2, 2.43%, 0, 0, 35, 13.02
1587639454, 3, 1595, 1626, 1207, 2, 2.43%, 0, 0, 35, 252.31
1587639459, 3, 1595, 1628, 1209, 2, 2.43%, 0, 0, 35, 335.57
1587639464, 3, 1595, 1630, 1211, 2, 2.43%, 0, 0, 35, 340.12
1587639469, 3, 1595, 1631, 1212, 2, 2.43%, 0, 0, 35, 330.76
1587639479, 3, 1595, 1632, 1213, 2, 2.43%, 0, 0, 35, 358.37
1587639490, 3, 1595, 1634, 1215, 2, 2.43%, 0, 0, 35, 337.49
1587639495, 3, 1595, 1635, 1216, 2, 2.43%, 0, 0, 35, 352.62
1587639520, 3, 1595, 1636, 1217, 2, 2.43%, 0, 0, 35, 341.01
1587639535, 3, 1605, 1636, 1216, 5, 2.43%, 0, 0, 35, 353.55
1587640435, 3, 1605, 1638, 1218, 5, 2.43%, 0, 0, 36, 344.54
1587640440, 3, 1605, 1639, 1219, 5, 2.43%, 0, 0, 36, 342.98
1587640445, 3, 1605, 1640, 1220, 5, 2.43%, 0, 0, 36, 334.39
1587640450, 3, 1605, 1642, 1222, 5, 2.43%, 0, 0, 36, 340.58
1587640455, 3, 1605, 1645, 1225, 5, 2.43%, 0, 0, 36, 330.56
1587640465, 3, 1605, 1646, 1226, 5, 2.43%, 0, 0, 36, 345.51
1587640475, 3, 1605, 1647, 1227, 5, 2.43%, 0, 0, 36, 347.58
1587640511, 3, 1605, 1648, 1228, 5, 2.43%, 0, 0, 36, 341.75
1587640516, 3, 1605, 1649, 1229, 5, 2.43%, 0, 0, 36, 357.51
1587640521, 3, 1611, 1649, 1228, 5, 2.43%, 0, 0, 36, 357.73
1587641319, 3, 1611, 1650, 1229, 5, 2.43%, 0, 0, 36, 353.44
1587641330, 3, 1611, 1652, 1231, 5, 2.43%, 0, 0, 36, 349.76
1587641350, 3, 1611, 1653, 1232, 5, 2.43%, 0, 0, 36, 351.10
1587641355, 3, 1611, 1654, 1233, 5, 2.43%, 0, 0, 36, 354.08
1587641370, 3, 1611, 1655, 1234, 5, 2.43%, 0, 0, 36, 329.06
1587641381, 3, 1611, 1656, 1235, 5, 2.43%, 0, 0, 36, 359.14
1587641406, 3, 1638, 1656, 1234, 4, 2.43%, 0, 0, 36, 349.12
1587641416, 3, 1638, 1657, 1235, 4, 2.43%, 0, 0, 37, 333.77
1587641468, 3, 1638, 1658, 1236, 4, 2.43%, 0, 0, 37, 345.59
1587641728, 3, 1638, 1659, 1237, 4, 2.43%, 0, 0, 37, 345.88
1587641763, 3, 1638, 1660, 1238, 4, 2.43%, 0, 0, 37, 341.66
1587642021, 3, 1638, 1661, 1239, 4, 2.43%, 0, 0, 37, 341.49
1587642326, 3, 1638, 1663, 1241, 4, 2.44%, 0, 0, 37, 343.40
1587642336, 3, 1638, 1664, 1242, 4, 2.44%, 0, 0, 37, 351.77
1587642341, 3, 1638, 1666, 1244, 4, 2.44%, 0, 0, 37, 368.93
1587642367, 3, 1638, 1669, 1247, 4, 2.44%, 0, 0, 37, 357.84
1587642372, 3, 1638, 1670, 1248, 4, 2.44%, 0, 0, 37, 351.18
1587642377, 3, 1638, 1672, 1250, 4, 2.44%, 0, 0, 37, 356.32
1587642382, 3, 1638, 1673, 1251, 4, 2.44%, 0, 0, 37, 374.35
1587642387, 3, 1638, 1674, 1252, 4, 2.44%, 0, 0, 37, 363.08
1587642392, 3, 1638, 1675, 1253, 4, 2.44%, 0, 0, 37, 353.67
1587642402, 3, 1638, 1677, 1255, 4, 2.44%, 0, 0, 37, 357.63
1587642407, 3, 1655, 1677, 1254, 5, 2.44%, 0, 0, 37, 368.01
1587643201, 3, 1655, 1678, 1255, 5, 2.44%, 0, 0, 37, 348.84
1587643236, 3, 1655, 1679, 1256, 5, 2.44%, 0, 0, 37, 349.02
1587643241, 3, 1655, 1681, 1258, 5, 2.44%, 0, 0, 37, 334.17
1587643247, 3, 1655, 1682, 1259, 5, 2.44%, 0, 0, 37, 315.65
1587643252, 3, 1655, 1683, 1260, 5, 2.44%, 0, 0, 37, 317.80
1587643272, 3, 1655, 1685, 1262, 5, 2.44%, 0, 0, 37, 307.71
1587643277, 3, 1655, 1686, 1263, 5, 2.44%, 0, 0, 37, 323.83
1587643288, 3, 1655, 1688, 1265, 5, 2.44%, 0, 0, 37, 333.36
1587643324, 3, 1655, 1689, 1266, 5, 2.44%, 0, 0, 37, 7.18
1587643329, 3, 1655, 1690, 1267, 5, 2.44%, 0, 0, 37, 319.66
1587643334, 3, 1662, 1690, 1266, 3, 2.44%, 0, 0, 37, 324.61
1587643344, 3, 1662, 1691, 1267, 3, 2.44%, 0, 0, 38, 339.18
1587643349, 3, 1662, 1692, 1268, 3, 2.44%, 0, 0, 38, 339.72
1587643370, 3, 1662, 1693, 1269, 3, 2.44%, 0, 0, 38, 337.63
1587643415, 3, 1662, 1694, 1270, 3, 2.44%, 0, 0, 38, 337.71
1587644232, 3, 1662, 1695, 1271, 3, 2.44%, 0, 0, 38, 335.19
1587644237, 3, 1662, 1696, 1272, 3, 2.44%, 0, 0, 38, 353.76
1587644262, 3, 1662, 1697, 1273, 3, 2.44%, 0, 0, 38, 296.07
1587644273, 3, 1662, 1698, 1274, 3, 2.44%, 0, 0, 38, 322.04
1587644293, 3, 1662, 1699, 1275, 3, 2.44%, 0, 0, 38, 360.95
1587644303, 3, 1662, 1700, 1276, 3, 2.44%, 0, 0, 38, 347.64
1587644313, 3, 1662, 1701, 1277, 3, 2.44%, 0, 0, 38, 355.51
1587644318, 3, 1682, 1701, 1276, 3, 2.44%, 0, 0, 38, 360.49
1587644918, 3, 1682, 1702, 1277, 3, 2.44%, 0, 0, 38, 388.56
1587644928, 3, 1682, 1703, 1278, 3, 2.44%, 0, 0, 38, 383.25
1587644953, 3, 1682, 1704, 1279, 3, 2.44%, 0, 0, 38, 394.04
1587644968, 3, 1682, 1705, 1280, 3, 2.44%, 0, 0, 38, 388.98
1587644984, 3, 1682, 1706, 1281, 3, 2.44%, 0, 0, 38, 382.72
1587644989, 3, 1698, 1707, 1281, 2, 2.44%, 0, 0, 38, 384.03
1587645004, 3, 1698, 1708, 1282, 2, 2.44%, 0, 0, 39, 340.87
1587645044, 3, 1698, 1709, 1283, 2, 2.44%, 0, 0, 39, 348.52
1587645303, 3, 1698, 1710, 1284, 2, 2.44%, 0, 0, 39, 341.63
1587645871, 3, 1698, 1711, 1285, 2, 2.44%, 0, 0, 39, 362.11
1587645876, 3, 1698, 1712, 1286, 2, 2.44%, 0, 0, 39, 377.10
1587645886, 3, 1698, 1713, 1287, 2, 2.44%, 0, 0, 39, 380.24
1587645891, 3, 1698, 1714, 1288, 2, 2.44%, 0, 0, 39, 356.29
1587645917, 3, 1698, 1715, 1289, 2, 2.44%, 0, 0, 39, 362.30
1587645922, 3, 1698, 1716, 1290, 2, 2.44%, 0, 0, 39, 369.45
1587645927, 3, 1698, 1717, 1291, 2, 2.44%, 0, 0, 39, 368.79
1587645932, 3, 1698, 1718, 1292, 2, 2.44%, 0, 0, 39, 381.05
1587645937, 3, 1698, 1719, 1293, 2, 2.44%, 0, 0, 39, 361.70
1587645957, 3, 1709, 1719, 1292, 2, 2.44%, 0, 0, 39, 358.35
1587645967, 3, 1709, 1720, 1293, 2, 2.44%, 0, 0, 40, 332.73
1587645972, 3, 1709, 1721, 1294, 2, 2.44%, 0, 0, 40, 339.14
1587646862, 3, 1709, 1722, 1295, 2, 2.44%, 0, 0, 40, 326.68
1587646882, 3, 1709, 1723, 1296, 2, 2.44%, 0, 0, 40, 344.02
1587646887, 3, 1709, 1725, 1298, 2, 2.44%, 0, 0, 40, 320.53
1587646897, 3, 1709, 1726, 1299, 2, 2.44%, 0, 0, 40, 294.48
1587646903, 3, 1709, 1727, 1300, 2, 2.44%, 0, 0, 40, 296.93
1587646913, 3, 1709, 1728, 1301, 2, 2.44%, 0, 0, 40, 343.89
1587646954, 3, 1709, 1729, 1302, 2, 2.44%, 0, 0, 40, 300.00
1587646959, 4, 0, 1729, 1301, 1, 2.44%, 0, 0, 40, 54.09
1587646964, 4, 139, 1729, 1300, 1, 2.44%, 0, 0, 40, 538.43
1587646994, 4, 167, 1729, 1299, 1, 2.44%, 0, 0, 40, 587.34
1587647010, 4, 470, 1729, 1298, 1, 2.44%, 0, 0, 40, 531.82
1587647076, 4, 633, 1729, 1297, 1, 2.44%, 0, 0, 40, 481.31
1587647081, 4, 646, 1729, 1297, 1, 2.44%, 0, 0, 40, 476.00
1587647147, 4, 890, 1729, 1296, 1, 2.44%, 0, 0, 40, 459.46
1587647319, 4, 1169, 1729, 1295, 1, 2.44%, 0, 0, 40, 313.53
1587647661, 4, 1243, 1729, 1294, 1, 2.44%, 0, 0, 40, 334.50
1587647682, 4, 1243, 1730, 1295, 1, 2.44%, 0, 0, 40, 337.96
1587648196, 4, 1243, 1731, 1296, 1, 2.44%, 0, 0, 40, 351.35
1587648201, 4, 1243, 1733, 1298, 1, 2.44%, 0, 0, 40, 377.68
1587648211, 4, 1243, 1734, 1299, 1, 2.44%, 0, 0, 40, 396.52
1587648216, 4, 1243, 1736, 1301, 1, 2.44%, 0, 0, 40, 385.99
1587648256, 4, 1299, 1736, 1300, 1, 2.44%, 0, 0, 40, 352.02
1587648373, 4, 1299, 1737, 1301, 1, 2.44%, 0, 0, 40, 371.07
1587648511, 4, 1299, 1738, 1302, 1, 2.44%, 0, 0, 40, 345.20
1587648799, 4, 1333, 1738, 1301, 3, 2.44%, 0, 0, 40, 375.58
1587649124, 4, 1373, 1738, 1300, 2, 2.44%, 0, 0, 40, 382.45
1587650151, 4, 1373, 1739, 1301, 2, 2.44%, 0, 0, 40, 372.06
1587650171, 4, 1543, 1739, 1300, 2, 2.44%, 0, 0, 40, 331.31
1587651470, 4, 1543, 1740, 1301, 2, 2.44%, 0, 0, 40, 262.98
1587651917, 4, 1698, 1740, 1300, 2, 2.44%, 0, 0, 40, 328.45
1587651928, 4, 1736, 1740, 1300, 2, 2.44%, 0, 0, 40, 353.58
1587651933, 4, 1736, 1743, 1303, 2, 2.44%, 0, 0, 40, 354.40
1587651938, 4, 1736, 1744, 1304, 2, 2.44%, 0, 0, 40, 350.78
1587651943, 4, 1736, 1745, 1305, 2, 2.44%, 0, 0, 40, 351.52
1587651948, 4, 1736, 1746, 1306, 2, 2.44%, 0, 0, 40, 358.14
1587652452, 4, 1736, 1748, 1308, 2, 2.44%, 0, 0, 40, 373.39
1587652468, 4, 1736, 1749, 1309, 2, 2.44%, 0, 0, 40, 414.04
1587652508, 4, 1736, 1750, 1310, 2, 2.44%, 0, 0, 40, 402.72
1587652533, 4, 1737, 1750, 1309, 2, 2.44%, 0, 0, 40, 383.71
1587652548, 4, 1737, 1751, 1310, 2, 2.45%, 0, 0, 40, 346.07
1587653062, 4, 1737, 1752, 1311, 2, 2.45%, 0, 0, 40, 369.40
1587653067, 4, 1737, 1754, 1313, 2, 2.45%, 0, 0, 40, 391.22
1587653082, 4, 1737, 1755, 1314, 2, 2.45%, 0, 0, 40, 410.15
1587653123, 4, 1737, 1756, 1315, 2, 2.45%, 0, 0, 40, 402.54
1587653148, 4, 1743, 1756, 1314, 2, 2.45%, 0, 0, 40, 474.64
1587653291, 4, 1750, 1756, 1313, 1, 2.45%, 0, 0, 40, 422.55
1587653822, 4, 1750, 1758, 1315, 1, 2.45%, 0, 0, 40, 355.19
1587653862, 4, 1750, 1759, 1316, 1, 2.45%, 0, 0, 40, 351.04
1587653908, 4, 1752, 1759, 1315, 0, 2.45%, 0, 0, 40, 356.04
1587653938, 4, 1752, 1760, 1316, 0, 2.45%, 0, 0, 40, 296.35
1587654752, 4, 1752, 1761, 1317, 0, 2.45%, 0, 0, 40, 293.38
1587654844, 4, 1752, 1762, 1318, 0, 2.45%, 0, 0, 40, 365.30
1587654925, 4, 1755, 1762, 1317, 0, 2.45%, 0, 0, 40, 357.26
1587655808, 4, 1758, 1762, 1316, 0, 2.45%, 0, 0, 40, 184.70
1587655818, 4, 1758, 1764, 1318, 0, 2.45%, 0, 0, 40, 155.08
1587656089, 4, 1758, 1765, 1319, 0, 2.45%, 0, 0, 40, 279.49
1587656826, 4, 1758, 1766, 1320, 0, 2.45%, 0, 0, 40, 343.98
1587656918, 4, 1763, 1766, 1319, 0, 2.45%, 0, 0, 40, 324.29
1587657936, 5, 13, 1766, 1318, 0, 2.45%, 0, 0, 40, 425.66
1587657941, 5, 19, 1766, 1316, 0, 2.45%, 0, 0, 40, 412.70
1587657947, 5, 36, 1766, 1314, 0, 2.45%, 0, 0, 40, 484.93
1587657952, 5, 38, 1766, 1313, 0, 2.45%, 0, 0, 40, 521.79
1587657972, 5, 42, 1766, 1312, 0, 2.45%, 0, 0, 40, 552.13
1587657992, 5, 73, 1766, 1311, 0, 2.45%, 0, 0, 40, 565.33
1587658002, 5, 78, 1766, 1310, 0, 2.45%, 0, 0, 40, 580.80
1587658012, 5, 86, 1766, 1309, 0, 2.45%, 0, 0, 40, 532.40
1587658053, 5, 88, 1766, 1308, 0, 2.45%, 0, 0, 40, 464.83
1587658089, 5, 89, 1766, 1307, 0, 2.45%, 0, 0, 40, 577.93
1587658099, 5, 91, 1766, 1306, 0, 2.45%, 0, 0, 40, 584.84
1587658125, 5, 95, 1766, 1305, 0, 2.45%, 0, 0, 40, 553.88
1587658135, 5, 104, 1766, 1304, 0, 2.45%, 0, 0, 40, 589.60
1587658140, 5, 107, 1766, 1303, 0, 2.45%, 0, 0, 40, 572.22
1587658155, 5, 108, 1766, 1302, 0, 2.45%, 0, 0, 40, 565.14
1587658160, 5, 119, 1766, 1301, 0, 2.45%, 0, 0, 40, 579.28
1587658181, 5, 129, 1766, 1300, 0, 2.45%, 0, 0, 40, 560.20
1587658186, 5, 140, 1766, 1300, 0, 2.45%, 0, 0, 40, 590.43
1587658191, 5, 144, 1766, 1299, 0, 2.45%, 0, 0, 40, 582.30
1587658237, 5, 145, 1766, 1298, 0, 2.45%, 0, 0, 40, 588.24
1587658242, 5, 147, 1766, 1297, 0, 2.45%, 0, 0, 40, 576.90
1587658257, 5, 159, 1766, 1296, 0, 2.45%, 0, 0, 40, 582.02
1587658262, 5, 178, 1766, 1295, 0, 2.45%, 0, 0, 40, 524.59
1587658287, 5, 194, 1766, 1294, 0, 2.45%, 0, 0, 40, 550.75
1587658318, 5, 205, 1766, 1293, 0, 2.45%, 0, 0, 40, 560.29
1587658343, 5, 209, 1766, 1292, 0, 2.45%, 0, 0, 40, 552.22
1587658394, 5, 221, 1766, 1291, 0, 2.45%, 0, 0, 40, 555.70
1587658414, 5, 225, 1766, 1290, 0, 2.45%, 0, 0, 40, 551.85
1587658430, 5, 232, 1766, 1289, 0, 2.45%, 0, 0, 40, 513.49
1587658465, 5, 234, 1766, 1288, 0, 2.45%, 0, 0, 40, 569.82
1587658481, 5, 244, 1766, 1287, 0, 2.45%, 0, 0, 40, 581.58
1587658511, 5, 258, 1766, 1286, 0, 2.45%, 0, 0, 40, 534.39
1587658547, 5, 265, 1766, 1285, 0, 2.45%, 0, 0, 40, 558.35
1587658562, 5, 266, 1766, 1284, 0, 2.45%, 0, 0, 40, 512.41
1587658608, 5, 278, 1766, 1283, 0, 2.45%, 0, 0, 40, 510.70
1587658663, 5, 281, 1766, 1282, 0, 2.45%, 0, 0, 40, 485.24
1587658709, 5, 285, 1766, 1281, 0, 2.45%, 0, 0, 40, 559.04
1587658745, 5, 289, 1766, 1280, 0, 2.45%, 0, 0, 40, 507.68
1587658776, 5, 293, 1766, 1279, 0, 2.45%, 0, 0, 40, 564.11
1587658796, 5, 303, 1766, 1278, 0, 2.45%, 0, 0, 40, 557.76
1587658821, 5, 305, 1766, 1277, 0, 2.45%, 0, 0, 40, 548.50
1587658827, 5, 306, 1766, 1277, 0, 2.45%, 0, 0, 40, 505.47
1587658868, 5, 310, 1766, 1276, 0, 2.45%, 0, 0, 40, 481.08
1587658873, 5, 317, 1766, 1276, 0, 2.45%, 0, 0, 40, 504.48
1587658903, 5, 324, 1766, 1275, 0, 2.45%, 0, 0, 40, 512.55
1587658908, 5, 325, 1766, 1275, 0, 2.45%, 0, 0, 40, 543.29
1587658949, 5, 326, 1766, 1274, 0, 2.45%, 0, 0, 40, 532.80
1587658995, 5, 327, 1766, 1273, 0, 2.45%, 0, 0, 40, 547.41
1587659060, 5, 328, 1766, 1272, 0, 2.45%, 0, 0, 40, 522.56
1587659126, 5, 330, 1766, 1271, 0, 2.45%, 0, 0, 40, 552.81
1587659142, 5, 341, 1766, 1270, 0, 2.45%, 0, 0, 40, 560.57
1587659182, 5, 350, 1766, 1269, 0, 2.45%, 0, 0, 40, 493.33
1587659187, 5, 354, 1766, 1269, 0, 2.45%, 0, 0, 40, 523.03
1587659243, 5, 355, 1766, 1268, 0, 2.45%, 0, 0, 40, 521.45
1587659268, 5, 361, 1766, 1267, 0, 2.45%, 0, 0, 40, 516.48
1587659299, 5, 363, 1766, 1266, 0, 2.45%, 0, 0, 40, 551.90
1587659355, 5, 363, 1767, 1267, 0, 2.45%, 0, 0, 40, 500.09
1587659365, 5, 363, 1768, 1268, 0, 2.45%, 0, 0, 40, 494.46
1587659370, 5, 367, 1769, 1268, 0, 2.45%, 0, 0, 40, 468.42
1587659375, 5, 376, 1769, 1268, 0, 2.45%, 0, 0, 40, 483.36
1587659431, 5, 376, 1770, 1269, 0, 2.45%, 0, 0, 40, 497.37
1587659436, 5, 380, 1770, 1268, 0, 2.45%, 0, 0, 40, 473.42
1587659508, 5, 394, 1770, 1267, 0, 2.45%, 0, 0, 40, 488.69
1587659513, 5, 395, 1770, 1267, 0, 2.45%, 0, 0, 40, 536.42
1587659559, 5, 397, 1770, 1266, 0, 2.45%, 0, 0, 40, 467.05
1587659564, 5, 400, 1770, 1266, 0, 2.45%, 0, 0, 40, 511.72
1587659609, 5, 409, 1770, 1265, 0, 2.45%, 0, 0, 40, 485.85
1587659670, 5, 423, 1770, 1264, 0, 2.45%, 0, 0, 40, 463.50
1587659676, 5, 433, 1770, 1264, 0, 2.45%, 0, 0, 40, 496.02
1587659741, 5, 444, 1770, 1263, 0, 2.45%, 0, 0, 40, 488.32
1587659812, 5, 445, 1770, 1262, 0, 2.45%, 0, 0, 40, 521.00
1587659868, 5, 448, 1770, 1261, 0, 2.45%, 0, 0, 40, 490.12
1587659909, 5, 450, 1770, 1260, 0, 2.45%, 0, 0, 40, 524.99
1587659959, 5, 454, 1770, 1259, 0, 2.45%, 0, 0, 40, 521.92
1587660025, 5, 464, 1770, 1258, 0, 2.45%, 0, 0, 40, 491.24
1587660030, 5, 467, 1770, 1258, 0, 2.45%, 0, 0, 40, 492.29
1587660096, 5, 469, 1770, 1257, 0, 2.45%, 0, 0, 40, 529.99
1587660137, 5, 471, 1770, 1256, 0, 2.45%, 0, 0, 40, 497.16
1587660198, 5, 471, 1771, 1257, 0, 2.45%, 0, 0, 40, 458.83
1587660203, 5, 476, 1771, 1256, 0, 2.45%, 0, 0, 40, 466.34
1587660208, 5, 501, 1771, 1256, 0, 2.45%, 0, 0, 40, 461.73
1587660289, 5, 505, 1771, 1255, 0, 2.45%, 0, 0, 40, 498.03
1587660366, 5, 507, 1771, 1254, 0, 2.45%, 0, 0, 40, 513.55
1587660437, 5, 523, 1771, 1253, 0, 2.45%, 0, 0, 40, 495.56
1587660442, 5, 533, 1771, 1253, 0, 2.45%, 0, 0, 40, 521.58
1587660513, 5, 533, 1772, 1254, 0, 2.45%, 0, 0, 40, 462.69
1587660523, 5, 546, 1772, 1253, 0, 2.45%, 0, 0, 40, 481.20
1587660605, 5, 549, 1772, 1252, 0, 2.45%, 0, 0, 40, 413.95
1587660610, 5, 552, 1772, 1252, 0, 2.45%, 0, 0, 40, 445.60
1587660615, 5, 556, 1772, 1252, 0, 2.45%, 0, 0, 40, 429.14
1587660721, 5, 557, 1772, 1251, 0, 2.45%, 0, 0, 40, 475.30
1587660803, 5, 560, 1772, 1250, 0, 2.45%, 0, 0, 40, 482.25
1587660894, 5, 561, 1772, 1249, 0, 2.45%, 0, 0, 40, 504.14
1587660981, 5, 563, 1772, 1248, 0, 2.45%, 0, 0, 40, 452.33
1587661092, 5, 573, 1772, 1247, 0, 2.45%, 0, 0, 40, 495.82
1587661163, 5, 582, 1772, 1246, 0, 2.45%, 0, 0, 40, 459.02
1587661290, 5, 613, 1772, 1245, 0, 2.45%, 0, 0, 40, 441.14
1587661448, 5, 619, 1772, 1244, 0, 2.45%, 0, 0, 40, 452.71
1587661584, 5, 619, 1773, 1245, 0, 2.45%, 0, 0, 40, 459.55
1587661605, 5, 634, 1773, 1244, 0, 2.45%, 0, 0, 40, 446.46
1587661768, 5, 644, 1773, 1243, 0, 2.45%, 0, 0, 40, 434.98
1587661986, 5, 645, 1773, 1242, 0, 2.45%, 0, 0, 40, 429.10
1587661991, 5, 652, 1773, 1242, 0, 2.45%, 0, 0, 40, 448.62
1587661996, 5, 669, 1773, 1242, 0, 2.45%, 0, 0, 40, 451.51
1587662123, 5, 676, 1773, 1241, 0, 2.45%, 0, 0, 40, 444.91
1587662280, 5, 678, 1773, 1240, 0, 2.45%, 0, 0, 40, 470.07
1587662285, 5, 678, 1774, 1241, 0, 2.45%, 0, 0, 40, 501.41
1587662382, 5, 696, 1774, 1240, 0, 2.45%, 0, 0, 40, 430.62
1587662606, 5, 705, 1774, 1239, 0, 2.45%, 0, 0, 40, 419.22
1587662809, 5, 714, 1774, 1238, 0, 2.45%, 0, 0, 40, 449.71
1587662814, 5, 719, 1774, 1238, 0, 2.45%, 0, 0, 40, 469.72
1587662942, 5, 721, 1774, 1237, 0, 2.45%, 0, 0, 40, 424.76
1587662947, 5, 734, 1774, 1237, 0, 2.45%, 0, 0, 40, 495.23
1587662997, 5, 734, 1775, 1238, 0, 2.45%, 0, 0, 40, 516.53
1587663012, 5, 735, 1775, 1237, 0, 2.45%, 0, 0, 40, 463.97
1587663018, 5, 737, 1776, 1238, 0, 2.45%, 0, 0, 40, 469.85
1587663023, 5, 740, 1776, 1238, 0, 2.45%, 0, 0, 40, 439.24
1587663226, 5, 742, 1776, 1237, 0, 2.45%, 0, 0, 40, 438.24
1587663393, 5, 745, 1776, 1236, 0, 2.45%, 0, 0, 40, 439.70
1587663398, 5, 748, 1776, 1236, 0, 2.45%, 0, 0, 40, 449.25
1587663490, 5, 753, 1776, 1235, 0, 2.45%, 0, 0, 40, 463.97
1587663586, 5, 754, 1776, 1234, 0, 2.45%, 0, 0, 40, 480.22
1587663724, 5, 756, 1776, 1233, 0, 2.45%, 0, 0, 40, 429.99
1587663729, 5, 759, 1776, 1233, 0, 2.45%, 0, 0, 40, 448.46
1587663734, 5, 764, 1776, 1233, 0, 2.45%, 0, 0, 40, 453.35
1587663739, 5, 770, 1776, 1233, 0, 2.45%, 0, 0, 40, 479.41
1587663744, 5, 777, 1776, 1233, 0, 2.45%, 0, 0, 40, 463.80
1587663850, 5, 779, 1776, 1232, 0, 2.45%, 0, 0, 40, 430.97
1587663967, 5, 785, 1776, 1231, 0, 2.45%, 0, 0, 40, 436.18
1587664200, 5, 792, 1776, 1230, 0, 2.45%, 0, 0, 40, 451.41
1587664428, 5, 795, 1776, 1229, 0, 2.45%, 0, 0, 40, 434.70
1587664647, 5, 796, 1776, 1228, 0, 2.45%, 0, 0, 40, 430.44
1587664856, 5, 801, 1776, 1227, 0, 2.45%, 0, 0, 40, 428.09
1587665080, 5, 802, 1776, 1226, 0, 2.45%, 0, 0, 40, 407.83
1587665345, 5, 820, 1776, 1225, 0, 2.45%, 0, 0, 40, 442.98
1587665350, 5, 821, 1776, 1225, 0, 2.45%, 0, 0, 40, 446.74
1587665355, 5, 822, 1776, 1225, 0, 2.45%, 0, 0, 40, 477.54
1587665482, 5, 825, 1776, 1224, 0, 2.45%, 0, 0, 40, 447.88
1587665487, 5, 826, 1776, 1224, 0, 2.45%, 0, 0, 40, 470.17
1587665619, 5, 827, 1776, 1223, 0, 2.45%, 0, 0, 40, 443.89
1587665624, 5, 831, 1776, 1223, 0, 2.45%, 0, 0, 40, 482.35
1587665741, 5, 834, 1776, 1222, 0, 2.45%, 0, 0, 40, 495.67
1587665914, 5, 837, 1776, 1221, 0, 2.45%, 0, 0, 40, 524.87
1587665970, 5, 846, 1776, 1220, 0, 2.45%, 0, 0, 40, 459.13
1587666149, 5, 847, 1776, 1219, 0, 2.45%, 0, 0, 40, 504.60
1587666226, 5, 850, 1776, 1218, 0, 2.45%, 0, 0, 40, 473.78
1587666368, 5, 852, 1776, 1217, 0, 2.45%, 0, 0, 40, 499.60
1587666434, 5, 853, 1776, 1216, 0, 2.45%, 0, 0, 40, 475.19
1587666495, 5, 855, 1776, 1215, 0, 2.45%, 0, 0, 40, 211.61
1587666715, 5, 864, 1776, 1214, 0, 2.45%, 0, 0, 40, 301.98
1587667245, 5, 873, 1776, 1213, 0, 2.45%, 0, 0, 40, 399.86
1587667453, 5, 873, 1777, 1214, 0, 2.45%, 0, 0, 40, 427.06
1587667494, 5, 875, 1777, 1213, 0, 2.45%, 0, 0, 40, 428.74
1587667738, 5, 884, 1777, 1212, 0, 2.45%, 0, 0, 40, 408.12
1587667997, 5, 894, 1777, 1211, 0, 2.45%, 0, 0, 40, 399.47
1587668180, 5, 895, 1777, 1210, 0, 2.45%, 0, 0, 40, 428.31
1587668362, 5, 900, 1777, 1209, 0, 2.45%, 0, 0, 40, 421.09
1587668545, 5, 903, 1777, 1208, 0, 2.45%, 0, 0, 40, 419.22
1587668723, 5, 907, 1777, 1207, 0, 2.45%, 0, 0, 40, 435.85
1587668906, 5, 909, 1777, 1206, 0, 2.45%, 0, 0, 40, 437.02
1587669084, 5, 910, 1777, 1205, 0, 2.45%, 0, 0, 40, 432.41
1587669267, 5, 923, 1777, 1204, 0, 2.45%, 0, 0, 40, 436.36
1587669449, 5, 924, 1777, 1203, 0, 2.45%, 0, 0, 40, 437.79
1587669632, 5, 928, 1777, 1202, 0, 2.45%, 0, 0, 40, 430.37
1587669810, 5, 931, 1777, 1201, 0, 2.45%, 0, 0, 40, 437.01
1587669988, 5, 935, 1777, 1200, 0, 2.45%, 0, 0, 40, 420.51
1587670171, 5, 939, 1777, 1199, 0, 2.45%, 0, 0, 40, 428.43
1587670353, 5, 941, 1777, 1198, 0, 2.45%, 0, 0, 40, 438.14
1587670530, 5, 944, 1777, 1197, 0, 2.45%, 0, 0, 40, 457.03
1587670713, 5, 948, 1777, 1196, 0, 2.45%, 0, 0, 40, 436.46
1587670905, 5, 950, 1777, 1195, 0, 2.45%, 0, 0, 40, 374.98
1587671102, 5, 958, 1777, 1194, 0, 2.45%, 0, 0, 40, 395.18
1587671290, 5, 960, 1777, 1193, 0, 2.45%, 0, 0, 40, 452.30
1587671428, 5, 969, 1777, 1192, 0, 2.45%, 0, 0, 40, 402.15
1587671590, 5, 974, 1777, 1191, 0, 2.45%, 0, 0, 40, 383.41
1587671757, 5, 981, 1777, 1190, 0, 2.45%, 0, 0, 40, 427.18
1587671925, 5, 982, 1777, 1189, 0, 2.45%, 0, 0, 40, 446.91
1587672093, 5, 985, 1777, 1188, 0, 2.45%, 0, 0, 40, 408.00
1587672271, 5, 990, 1777, 1187, 0, 2.45%, 0, 0, 40, 421.15
1587672459, 5, 992, 1777, 1186, 0, 2.45%, 0, 0, 40, 303.74
1587672617, 5, 994, 1777, 1185, 0, 2.45%, 0, 0, 40, 404.27
1587672865, 5, 1003, 1777, 1184, 0, 2.45%, 0, 0, 40, 330.62
1587673379, 5, 1004, 1777, 1183, 0, 2.45%, 0, 0, 40, 407.90
1587673384, 5, 1007, 1777, 1183, 0, 2.45%, 0, 0, 40, 362.06
1587673389, 5, 1010, 1777, 1183, 0, 2.45%, 0, 0, 40, 413.69
1587673409, 5, 1010, 1778, 1184, 0, 2.45%, 0, 0, 40, 497.90
1587673495, 5, 1011, 1778, 1183, 0, 2.45%, 0, 0, 40, 442.72
1587673678, 5, 1011, 1779, 1184, 0, 2.45%, 0, 0, 40, 391.81
1587673704, 5, 1014, 1779, 1183, 0, 2.45%, 0, 0, 40, 448.50
1587673709, 5, 1016, 1779, 1183, 0, 2.45%, 0, 0, 40, 450.45
1587673856, 5, 1016, 1780, 1184, 0, 2.45%, 0, 0, 40, 406.47
1587673882, 5, 1019, 1780, 1183, 0, 2.45%, 0, 0, 40, 449.37
1587673968, 5, 1023, 1780, 1182, 0, 2.45%, 0, 0, 40, 431.80
1587674096, 5, 1034, 1780, 1181, 0, 2.45%, 0, 0, 40, 358.21
1587674101, 5, 1037, 1781, 1182, 0, 2.45%, 0, 0, 40, 413.94
1587674106, 5, 1096, 1781, 1182, 1, 2.45%, 0, 0, 40, 472.79
1587674314, 5, 1131, 1781, 1181, 1, 2.45%, 0, 0, 40, 388.87
1587674669, 5, 1131, 1782, 1182, 1, 2.45%, 0, 0, 40, 333.29
1587674781, 5, 1217, 1782, 1181, 1, 2.45%, 0, 0, 40, 420.83
1587674786, 5, 1371, 1782, 1181, 1, 2.45%, 0, 0, 40, 424.96
1587674791, 5, 1438, 1782, 1181, 1, 2.45%, 0, 0, 40, 396.91
1587675487, 5, 1482, 1782, 1180, 1, 2.45%, 0, 0, 40, 177.21
1587675497, 5, 1522, 1782, 1180, 1, 2.45%, 0, 0, 40, 278.00
